6.919285655021667480e-01,3.720286846160888672e+00
1.966710567474365234e+00,1.040715575218200684e+00
1.113718152046203613e-01,4.230003833770751953e+00
-2.414232045412063599e-01,2.931066513061523438e+00
-3.806395053863525391e+00,-4.596484601497650146e-01
-3.810139179229736328e+00,2.496527880430221558e-01
-9.109801799058914185e-02,1.815775513648986816e+00
-3.800033330917358398e+00,-5.138227343559265137e-01
-2.281651973724365234e+00,1.433627605438232422e+00
9.647783637046813965e-01,3.569800138473510742e+00
1.417539238929748535e+00,4.946553409099578857e-01
-6.117501854896545410e-01,4.718394279479980469e+00
-3.670695066452026367e+00,-8.914142847061157227e-01
-1.499531984329223633e+00,2.346868753433227539e+00
-2.662612438201904297e+00,2.442877292633056641e+00
1.506425499916076660e+00,4.262142181396484375e+00
-3.733108520507812500e+00,3.562068223953247070e+00
-3.895831346511840820e+00,2.573245525360107422e+00
1.649448513984680176e+00,3.679550409317016602e+00
-3.458501815795898438e+00,-2.661793470382690430e+00
-2.255803108215332031e+00,9.092236310243606567e-02
1.026025533676147461e+00,-1.744036078453063965e+00
2.684142887592315674e-01,3.796960592269897461e+00
-1.699818968772888184e+00,2.165922880172729492e+00
-1.199828863143920898e+00,-2.266391515731811523e+00
-4.636903285980224609e+00,-4.860384762287139893e-01
-2.774694204330444336e+00,1.803276240825653076e-01
-1.012298107147216797e+00,2.856585979461669922e+00
-4.716317653656005859e+00,8.904152512550354004e-01
-2.815863609313964844e+00,-3.077398300170898438e+00
-4.931054592132568359e+00,4.441421627998352051e-01
-1.747552871704101562e+00,-9.824376106262207031e-01
-2.447517871856689453e+00,-1.132432937622070312e+00
-4.461537361145019531e+00,1.748343944549560547e+00
4.472734630107879639e-01,3.414547204971313477e+00
-3.937637329101562500e+00,-1.225440353155136108e-01
-1.296836853027343750e+00,-9.327612817287445068e-03
-6.446481943130493164e-01,3.974653959274291992e+00
-6.352299451828002930e-01,2.578842401504516602e+00
-7.353842854499816895e-01,1.934829115867614746e+00
-5.527233481407165527e-01,4.349540710449218750e+00
-4.252863407135009766e+00,4.134737253189086914e-01
-3.548795461654663086e+00,1.265976667404174805e+00
-1.501410126686096191e+00,7.997257709503173828e-01
2.974926948547363281e+00,2.895682573318481445e+00
2.776185274124145508e-01,1.615241289138793945e+00
-5.113318443298339844e+00,1.473683357238769531e+00
-2.844623327255249023e-01,3.683409214019775391e+00
-1.895281076431274414e+00,-3.498785972595214844e+00
-4.289787769317626953e+00,-2.202802658081054688e+00
2.474991321563720703e+00,2.787732124328613281e+00
1.589992046356201172e+00,4.516907691955566406e+00
-4.383005619049072266e+00,-8.376623988151550293e-01
-3.733661651611328125e+00,2.372597932815551758e+00
2.808074951171875000e+00,4.297067224979400635e-01
-7.238039970397949219e-01,1.627597689628601074e+00
-3.308858394622802734e+00,1.664760410785675049e-01
-2.533327102661132812e+00,2.270621299743652344e+00
-2.245995700359344482e-01,4.817564487457275391e+00
-2.758069515228271484e+00,1.257685303688049316e+00
-2.263929367065429688e+00,-3.525292396545410156e+00
-3.955749511718750000e+00,1.596301198005676270e+00
-5.679492950439453125e-01,1.584473699331283569e-01
-2.238462269306182861e-01,1.031023263931274414e+00
-4.796917438507080078e+00,-9.939831495285034180e-01
-3.798635959625244141e+00,7.595052123069763184e-01
2.026366233825683594e+00,-2.266072928905487061e-01
9.801740050315856934e-01,-1.827811002731323242e+00
-5.204632282257080078e+00,5.969838500022888184e-01
5.414745956659317017e-02,2.438303947448730469e+00
-7.708923518657684326e-02,1.164009690284729004e+00
-1.839928507804870605e+00,1.804698467254638672e+00
-8.469970226287841797e-01,4.010725021362304688e+00
2.502024769783020020e-01,3.801754474639892578e+00
-6.968523263931274414e-01,3.021845102310180664e+00
-2.410030514001846313e-01,-2.296685218811035156e+00
-9.021233320236206055e-01,3.334461927413940430e+00
-2.805731058120727539e+00,3.524909019470214844e+00
-3.574780464172363281e+00,1.613435506820678711e+00
1.898843526840209961e+00,1.269470691680908203e+00
2.424923658370971680e+00,2.231055974960327148e+00
1.007547855377197266e+00,2.440606117248535156e+00
-3.486543297767639160e-01,-1.997634887695312500e+00
-9.605945348739624023e-01,2.204424858093261719e+00
9.024599194526672363e-01,3.978231251239776611e-01
-1.458005547523498535e+00,4.724539756774902344e+00
-2.410561740398406982e-01,4.394402027130126953e+00
2.081177473068237305e+00,1.661209106445312500e+00
-4.577631354331970215e-01,2.993348836898803711e+00
1.353249907493591309e+00,4.362457752227783203e+00
6.140426397323608398e-01,1.614732265472412109e+00
-1.480099201202392578e+00,-4.040427505970001221e-01
-7.147556543350219727e-01,3.116533279418945312e+00
-1.560117363929748535e+00,-6.492913961410522461e-01
-2.734148502349853516e+00,-2.240078210830688477e+00
-1.977295279502868652e+00,1.758429288864135742e+00
-2.237077474594116211e+00,8.988366127014160156e-01
1.369741201400756836e+00,2.320931673049926758e+00
7.961874604225158691e-01,-6.384186148643493652e-01
-3.436742722988128662e-02,4.370985984802246094e+00
-3.233335256576538086e+00,3.608572483062744141e+00
-2.508920431137084961e+00,3.416090965270996094e+00
-1.413525938987731934e+00,-1.085257411003112793e+00
-2.811715126037597656e+00,8.436109423637390137e-01
2.824243307113647461e+00,-4.523426890373229980e-01
1.105596542358398438e+00,2.631953477859497070e+00
-3.844228744506835938e+00,3.485759019851684570e+00
-4.371998310089111328e+00,-8.502965569496154785e-01
2.560624599456787109e+00,2.682244539260864258e+00
-4.331255912780761719e+00,1.696159839630126953e+00
-3.136664152145385742e+00,3.061669766902923584e-01
-5.847575068473815918e-01,2.012951612472534180e+00
-1.442203044891357422e+00,-8.796599507331848145e-01
-3.060853004455566406e+00,2.709508419036865234e+00
-7.795829772949218750e-01,2.144627809524536133e+00
-1.233835577964782715e+00,2.833329916000366211e+00
1.723489046096801758e+00,2.938719034194946289e+00
-3.936363458633422852e+00,3.424393653869628906e+00
1.628727167844772339e-01,1.910015583038330078e+00
-3.827281236648559570e+00,-1.106390595436096191e+00
4.346069693565368652e-01,3.328047275543212891e+00
-1.556878328323364258e+00,-1.329126358032226562e+00
-1.833830356597900391e+00,1.788238763809204102e+00
-2.090590000152587891e+00,-2.984621286392211914e+00
3.093499660491943359e+00,1.953027963638305664e+00
-1.460112452507019043e+00,4.999608993530273438e+00
-1.191171050071716309e+00,2.486976861953735352e+00
-3.701225042343139648e+00,-7.758789658546447754e-01
-3.695098161697387695e+00,2.558710575103759766e+00
1.581502079963684082e+00,1.181366086006164551e+00
-2.808322191238403320e+00,-2.303379535675048828e+00
7.816613465547561646e-02,1.371043443679809570e+00
1.294076442718505859e+00,-1.191892027854919434e+00
-1.148696184158325195e+00,4.461523056030273438e+00
-6.897310614585876465e-01,4.007599830627441406e+00
-9.997342228889465332e-01,2.384433746337890625e+00
-1.228130698204040527e+00,3.599304437637329102e+00
-5.953118205070495605e-01,3.814834117889404297e+00
-2.536724328994750977e+00,-3.482897758483886719e+00
1.626377224922180176e+00,4.569173812866210938e+00
-3.575160741806030273e+00,-9.251200556755065918e-01
-3.767517805099487305e+00,-1.110273838043212891e+00
-1.621546387672424316e+00,4.827288627624511719e+00
-2.069934606552124023e+00,2.834118604660034180e+00
1.728462815284729004e+00,4.118041992187500000e+00
-2.838993787765502930e+00,3.325600147247314453e+00
-4.381378173828125000e+00,-2.071403026580810547e+00
-8.526706099510192871e-01,1.692977428436279297e+00
5.778263211250305176e-01,1.078152894973754883e+00
-3.232597351074218750e+00,2.990570068359375000e+00
9.763357043266296387e-01,1.634707808494567871e+00
1.212462306022644043e+00,1.329038500785827637e+00
-3.642275333404541016e+00,2.231200933456420898e+00
-9.358828067779541016e-01,2.191655635833740234e+00
6.890403479337692261e-02,2.221644401550292969e+00
-6.474315524101257324e-01,1.341006994247436523e+00
-1.822546482086181641e+00,-6.842697858810424805e-01
3.212780058383941650e-01,3.361220359802246094e+00
-1.463743925094604492e+00,1.932537317276000977e+00
1.551254391670227051e+00,3.487085103988647461e+00
9.056952595710754395e-01,-6.698777079582214355e-01
8.312678933143615723e-01,-1.269268393516540527e+00
-3.829414129257202148e+00,2.777661800384521484e+00
-4.465723037719726562e+00,-1.184230327606201172e+00
1.488483995199203491e-01,2.584732055664062500e+00
-8.493787646293640137e-01,4.004108905792236328e+00
1.281257748603820801e+00,4.684463977813720703e+00
-3.918959379196166992e+00,-3.278780579566955566e-01
-3.656246066093444824e-01,4.698771953582763672e+00
2.626363992691040039e+00,2.554629325866699219e+00
-1.903910040855407715e+00,4.786938190460205078e+00
-2.704928517341613770e-01,2.873248338699340820e+00
-6.935807466506958008e-01,5.543728470802307129e-01
6.903514862060546875e-01,2.772057652473449707e-01
-8.461106419563293457e-01,3.195411920547485352e+00
1.490462660789489746e+00,3.899717330932617188e+00
-2.070527076721191406e+00,4.363756179809570312e+00
2.487606048583984375e+00,1.111090064048767090e+00
-1.890281796455383301e+00,7.371873259544372559e-01
-6.042824387550354004e-01,2.501608848571777344e+00
5.489434599876403809e-01,2.322199583053588867e+00
8.831275105476379395e-01,-4.618857204914093018e-01
2.271226197481155396e-01,5.429123044013977051e-01
-1.672212004661560059e+00,2.003941774368286133e+00
1.461316108703613281e+00,1.689138412475585938e+00
6.036996245384216309e-01,1.194382429122924805e+00
-2.742514610290527344e+00,-3.312074422836303711e+00
-2.398934364318847656e+00,2.073705434799194336e+00
8.095003962516784668e-01,-7.383335232734680176e-01
4.239876866340637207e-01,3.802646636962890625e+00
-3.393910169601440430e+00,8.476758599281311035e-01
2.679446220397949219e+00,1.566787958145141602e+00
-3.619536161422729492e+00,1.844578981399536133e+00
-2.476157903671264648e+00,-2.948338747024536133e+00
-4.075119018554687500e+00,1.527368068695068359e+00
-1.072861552238464355e+00,-1.557556271553039551e+00
1.635859370231628418e+00,3.302206277847290039e+00
-3.965462446212768555e+00,2.437617540359497070e+00
-1.486730217933654785e+00,3.359543561935424805e+00
2.016003131866455078e+00,3.395068168640136719e+00
-4.372666358947753906e+00,1.770765304565429688e+00
9.922856688499450684e-01,2.926414966583251953e+00
2.313604116439819336e+00,-8.779481649398803711e-01
-3.720240831375122070e+00,2.802892208099365234e+00
-2.680435895919799805e+00,2.740818738937377930e+00
-3.106607913970947266e+00,3.229248046875000000e+00
1.956170678138732910e+00,9.407485723495483398e-01
-1.237320065498352051e+00,-2.379241943359375000e+00
-1.673646569252014160e-01,-2.949313163757324219e+00
-7.963910102844238281e-01,3.507333278656005859e+00
-2.131568431854248047e+00,5.936288237571716309e-01
8.467589616775512695e-01,3.334113121032714844e+00
1.388872742652893066e+00,2.129948139190673828e+00
9.924951195716857910e-01,3.700597763061523438e+00
-2.522200584411621094e+00,3.356104612350463867e+00
8.351051211357116699e-01,1.789617657661437988e+00
-2.964590191841125488e-01,4.493596553802490234e+00
-1.787439465522766113e+00,4.826517581939697266e+00
8.350072056055068970e-02,2.685842275619506836e+00
-3.029504776000976562e+00,-6.907203197479248047e-01
-1.797447055578231812e-01,2.794240236282348633e+00
-2.679053306579589844e+00,2.344314336776733398e+00
-9.055238962173461914e-01,3.883300065994262695e+00
-3.030293226242065430e+00,-6.512500047683715820e-01
-4.729042053222656250e+00,9.195703268051147461e-01
-6.084280833601951599e-02,2.435806512832641602e+00
-3.361316919326782227e+00,1.838476538658142090e+00
-2.296128034591674805e+00,2.480510711669921875e+00
-3.062923669815063477e+00,2.059161186218261719e+00
-1.454057216644287109e+00,4.684179782867431641e+00
-2.985805273056030273e+00,1.324560284614562988e+00
1.296420454978942871e+00,1.728986501693725586e+00
-2.017745256423950195e+00,1.729104518890380859e+00
-6.387942433357238770e-01,-1.810277462005615234e+00
2.246433496475219727e+00,1.782599210739135742e+00
9.487181305885314941e-01,-1.844922780990600586e+00
-4.084905624389648438e+00,-1.963563323020935059e+00
2.034561395645141602e+00,3.644014120101928711e+00
-2.383108949288725853e-03,2.242573499679565430e+00
1.609496593475341797e+00,1.531059741973876953e+00
-1.636315941810607910e+00,7.891288399696350098e-02
-6.642613410949707031e-01,1.124405503273010254e+00
1.244434714317321777e+00,1.469324350357055664e+00
-7.010720968246459961e-01,3.412448644638061523e+00
1.644890785217285156e+00,2.508017539978027344e+00
-1.572710633277893066e+00,1.923254877328872681e-01
1.070062637329101562e+00,1.005051136016845703e+00
-5.684514641761779785e-01,2.364557504653930664e+00
-4.809855222702026367e-01,2.357195317745208740e-01
2.198278903961181641e+00,2.863963603973388672e+00
-1.549590945243835449e+00,4.422808170318603516e+00
-1.965847015380859375e+00,1.427825570106506348e+00
-2.111181020736694336e+00,8.224067687988281250e-01
-2.278701782226562500e+00,2.868720054626464844e+00
-2.865430116653442383e+00,-1.529228210449218750e+00
3.260830640792846680e-01,4.890701293945312500e+00
1.072077155113220215e+00,3.750820875167846680e+00
1.590693593025207520e+00,2.139726400375366211e+00
-6.392628699541091919e-02,4.370433330535888672e+00
-2.923720121383666992e+00,2.769779920578002930e+00
-1.009135723114013672e+00,2.530746936798095703e+00
-1.084022521972656250e+00,3.464598655700683594e+00
1.054359078407287598e+00,4.334967613220214844e+00
-2.283490896224975586e+00,2.982494831085205078e+00
-1.625306129455566406e+00,1.307223081588745117e+00
6.279447674751281738e-01,4.666886806488037109e+00
-3.214462995529174805e+00,3.544028520584106445e+00
-2.686737537384033203e+00,-1.080670952796936035e+00
-1.812982559204101562e-01,2.803876399993896484e+00
1.251020550727844238e+00,1.679167032241821289e+00
-1.834929347038269043e+00,-3.416741788387298584e-01
-4.777587413787841797e+00,-9.175136089324951172e-01
-5.038346290588378906e+00,1.386198043823242188e+00
-2.359029054641723633e+00,1.956957459449768066e+00
2.607204914093017578e+00,-5.294533912092447281e-03
-3.020260334014892578e+00,9.303777813911437988e-01
1.017213225364685059e+00,3.945538043975830078e+00
-2.397488832473754883e+00,-4.637282192707061768e-01
-2.306881666183471680e+00,-8.645766973495483398e-01
-4.344154357910156250e+00,-7.866887450218200684e-01
1.714171290397644043e+00,1.937950134277343750e+00
-2.245740652084350586e+00,3.469329476356506348e-01
1.841765940189361572e-01,1.400680065155029297e+00
4.977694749832153320e-01,1.425613760948181152e-01
5.368458032608032227e-01,3.022328376770019531e+00
-1.308707356452941895e+00,3.313638448715209961e+00
3.599400818347930908e-01,2.662853240966796875e+00
1.982303738594055176e+00,6.868540644645690918e-01
5.188873410224914551e-01,2.670100688934326172e+00
1.512743353843688965e+00,1.948599457740783691e+00
9.497701525688171387e-01,2.750045061111450195e+00
-3.177552938461303711e+00,-5.851401090621948242e-01
-3.178789138793945312e+00,1.192015647888183594e+00
-3.545158147811889648e+00,3.016632080078125000e+00
-1.124539852142333984e+00,2.956084966659545898e+00
-1.125483155250549316e+00,-2.302462339401245117e+00
-5.182706832885742188e+00,9.341980218887329102e-01
1.055946350097656250e+00,-1.781433939933776855e+00
-5.390096902847290039e-01,4.403499603271484375e+00
-3.990345716476440430e+00,-1.574557065963745117e+00
-3.096282958984375000e+00,2.031373739242553711e+00
-4.104597568511962891e+00,1.114955186843872070e+00
-3.635726213455200195e+00,1.814497232437133789e+00
-7.026692032814025879e-01,3.389433383941650391e+00
-1.256548881530761719e+00,7.672820091247558594e-01
1.040594100952148438e+00,2.343524694442749023e+00
-1.111383318901062012e+00,3.716454267501831055e+00
-1.684328019618988037e-01,3.221224546432495117e+00
-6.550908684730529785e-01,3.581768989562988281e+00
-4.550338745117187500e+00,2.595015466213226318e-01
1.633573651313781738e+00,2.516462087631225586e+00
-7.958173155784606934e-01,3.715868473052978516e+00
9.578956365585327148e-01,1.659151464700698853e-01
1.388735294342041016e+00,4.003258645534515381e-01
7.283138036727905273e-01,3.518461942672729492e+00
-1.519206762313842773e+00,4.193691253662109375e+00
-2.414880514144897461e+00,1.915956497192382812e+00
1.432956218719482422e+00,3.024937629699707031e+00
-3.297175884246826172e+00,-5.608990192413330078e-01
-3.488639593124389648e+00,1.053691267967224121e+00
-3.032703399658203125e+00,-4.822421967983245850e-01
-1.298710703849792480e+00,7.628691196441650391e-01
4.823124408721923828e-01,-1.459865570068359375e+00
-2.747133493423461914e+00,-1.003542065620422363e+00
-3.446861505508422852e+00,-2.649486660957336426e-01
9.472572803497314453e-01,1.729873895645141602e+00
1.649273633956909180e-01,4.957441806793212891e+00
-2.905769586563110352e+00,6.403645277023315430e-01
-3.347398757934570312e+00,2.303793877363204956e-01
-4.440034389495849609e+00,8.474272489547729492e-01
-2.622772216796875000e+00,2.188050746917724609e+00
-1.634138822555541992e-01,2.946323633193969727e+00
-3.030206203460693359e+00,2.077834367752075195e+00
-3.155977249145507812e+00,-3.997811973094940186e-01
-1.856634020805358887e+00,-3.085193634033203125e+00
-1.884481191635131836e+00,1.163671731948852539e+00
-1.601494193077087402e+00,6.840676069259643555e-01
1.651827454566955566e+00,3.621842384338378906e+00
1.230232477188110352e+00,5.212633609771728516e-01
-1.055498838424682617e+00,4.347752094268798828e+00
-1.280780911445617676e+00,2.900529623031616211e+00
-2.797956943511962891e+00,3.641641139984130859e+00
2.030844449996948242e+00,1.314905285835266113e+00
-3.380931377410888672e+00,1.119090676307678223e+00
1.715283155441284180e+00,4.156852722167968750e+00
-2.113727807998657227e+00,-1.620573043823242188e+00
-3.568602561950683594e+00,2.279189825057983398e+00
-4.565323829650878906e+00,2.568702220916748047e+00
-1.652444243431091309e+00,4.266465663909912109e+00
-3.639930188655853271e-01,-2.382854074239730835e-01
-2.951185703277587891e+00,8.546940684318542480e-01
-7.291743755340576172e-01,3.602888345718383789e+00
2.870237588882446289e+00,1.983237504959106445e+00
9.904740452766418457e-01,-1.019614100456237793e+00
-1.179557323455810547e+00,1.558730125427246094e+00
-5.230787754058837891e+00,6.240957379341125488e-01
-1.512568354606628418e+00,8.375570774078369141e-01
-3.754343986511230469e+00,3.670583248138427734e+00
1.438981533050537109e+00,5.685593485832214355e-01
9.316557645797729492e-01,1.216634750366210938e+00
-1.461865663528442383e+00,3.406482219696044922e+00
-3.298481702804565430e+00,2.160967111587524414e+00
-2.815410494804382324e-01,1.152172923088073730e+00
-1.291596412658691406e+00,4.181770801544189453e+00
1.046287775039672852e+00,4.267921924591064453e+00
-3.374793052673339844e+00,2.477872371673583984e+00
-2.041966438293457031e+00,3.740013241767883301e-01
-1.864511609077453613e+00,4.497645378112792969e+00
5.218337178230285645e-01,3.777492284774780273e+00
9.187185168266296387e-01,8.272459506988525391e-01
-2.568310499191284180e+00,8.334055542945861816e-02
2.506012320518493652e-01,1.384135842323303223e+00
1.960209459066390991e-01,4.956950664520263672e+00
-2.469860076904296875e+00,7.764601707458496094e-01
-4.262712001800537109e+00,-2.153464555740356445e+00
-3.168586969375610352e+00,4.063205122947692871e-01
2.060016155242919922e+00,1.419145464897155762e+00
-3.363997697830200195e+00,6.107181906700134277e-01
-2.400967359542846680e+00,1.233041882514953613e+00
-4.580418586730957031e+00,1.372284531593322754e+00
-4.612986087799072266e+00,1.221762776374816895e+00
2.295152097940444946e-01,3.779820203781127930e+00
1.602930784225463867e+00,-7.238429784774780273e-01
5.328293442726135254e-01,4.144030570983886719e+00
-3.420135736465454102e+00,-2.317393541336059570e+00
3.429736196994781494e-01,1.916630864143371582e+00
-1.426574349403381348e+00,4.822809219360351562e+00
-9.924616217613220215e-01,-2.315665006637573242e+00
-2.100276947021484375e+00,4.105003356933593750e+00
-2.391940832138061523e+00,1.354028463363647461e+00
1.303769469261169434e+00,3.280349254608154297e+00
1.519013881683349609e+00,6.483929753303527832e-01
-2.735357522964477539e+00,-8.416143804788589478e-02
-1.317996382713317871e+00,-1.134526848793029785e+00
-2.435478925704956055e+00,3.046503305435180664e+00
-3.157247543334960938e+00,4.686014950275421143e-01
-1.871507167816162109e+00,-3.543998897075653076e-01
4.771189391613006592e-01,2.754975080490112305e+00
-1.365361094474792480e+00,3.895655155181884766e+00
-1.438031196594238281e+00,4.842425346374511719e+00
-1.714798450469970703e+00,4.889284133911132812e+00
1.637711524963378906e+00,1.287132143974304199e+00
3.091434836387634277e-01,3.314356327056884766e+00
1.093141436576843262e+00,2.269638538360595703e+00
1.100769162178039551e+00,4.028837084770202637e-01
-4.695213317871093750e+00,-3.834827244281768799e-01
1.106865644454956055e+00,-4.442033171653747559e-01
-1.411483287811279297e-01,4.085492134094238281e+00
5.540981888771057129e-01,3.875951528549194336e+00
6.613788604736328125e-01,1.801087856292724609e+00
2.171857804059982300e-01,3.804560005664825439e-01
8.076995611190795898e-01,2.286336421966552734e+00
-2.298321723937988281e+00,2.738093137741088867e+00
-1.236850380897521973e+00,-2.206971883773803711e+00
-1.211874723434448242e+00,3.102315902709960938e+00
3.631888031959533691e-01,1.591156005859375000e+00
1.291354656219482422e+00,1.728483915328979492e+00
-2.501559972763061523e+00,1.594163417816162109e+00
-4.267397403717041016e+00,-1.455165147781372070e-01
-4.109485149383544922e+00,-1.930850386619567871e+00
-1.900537490844726562e+00,9.507440030574798584e-02
-1.961688399314880371e+00,-2.290004491806030273e-01
2.550455093383789062e+00,-6.247339397668838501e-02
-1.748767495155334473e+00,8.529870510101318359e-01
-3.579361438751220703e+00,-2.795686006546020508e+00
-1.486413955688476562e+00,4.793928146362304688e+00
-4.391265392303466797e+00,2.644023656845092773e+00
-5.248369216918945312e+00,9.497592449188232422e-01
-2.081957101821899414e+00,4.013123035430908203e+00
-1.245240643620491028e-01,-2.910018682479858398e+00
-3.872603178024291992e+00,-3.491626679897308350e-02
-3.474316835403442383e+00,1.100551009178161621e+00
-3.237251043319702148e+00,2.554985284805297852e+00
-3.367654561996459961e+00,4.499168395996093750e-01
-3.244524478912353516e+00,2.905547618865966797e+00
-3.170499324798583984e+00,1.097862720489501953e+00
-3.760234117507934570e+00,3.393438339233398438e+00
-3.945197343826293945e+00,-1.638881862163543701e-01
-2.063477993011474609e+00,1.446415066719055176e+00
9.365984201431274414e-01,1.448427557945251465e+00
1.534122943878173828e+00,9.397816658020019531e-01
-4.798405170440673828e+00,2.722674906253814697e-01
4.869369864463806152e-01,1.611623883247375488e+00
-2.140763998031616211e+00,2.781048774719238281e+00
-3.994772672653198242e+00,2.052421569824218750e+00
-4.883810520172119141e+00,-1.038536071777343750e+00
-3.176361083984375000e+00,1.927806735038757324e+00
9.820230603218078613e-01,-1.799888849258422852e+00
-1.790332436561584473e+00,-1.366098165512084961e+00
2.048159122467041016e+00,1.048473596572875977e+00
8.648925423622131348e-01,1.070732831954956055e+00
8.754705786705017090e-01,4.380792617797851562e+00
-9.786623120307922363e-01,2.380121707916259766e+00
-3.083572149276733398e+00,8.731104135513305664e-01
2.090887278318405151e-01,4.179989814758300781e+00
-1.901411414146423340e+00,-4.621670246124267578e-01
-1.228386282920837402e+00,-3.668546676635742188e+00
-2.736549615859985352e+00,-1.196955919265747070e+00
-5.231202125549316406e+00,3.271867753937840462e-03
-1.346732955425977707e-02,4.412008762359619141e+00
-4.028443336486816406e+00,-1.969768643379211426e+00
-5.052763462066650391e+00,1.248181819915771484e+00
-1.499550461769104004e+00,1.294885039329528809e+00
-2.636745929718017578e+00,-1.240188121795654297e+00
1.868336498737335205e-01,2.777080535888671875e+00
-2.996358394622802734e+00,-1.858448147773742676e+00
-3.448021650314331055e+00,-1.077775478363037109e+00
1.517739534378051758e+00,8.651531338691711426e-01
-3.286729574203491211e+00,3.030514955520629883e+00
4.545700252056121826e-01,3.024507999420166016e+00
-3.404468059539794922e+00,1.578932404518127441e+00
1.711212038993835449e+00,3.162938833236694336e+00
3.090840816497802734e+00,2.213880717754364014e-01
-1.282901883125305176e+00,1.840587019920349121e+00
-4.108857631683349609e+00,1.054248809814453125e+00
9.631633758544921875e-02,4.774981021881103516e+00
-4.309517383575439453e+00,-1.982725381851196289e+00
-1.613951921463012695e+00,4.781196117401123047e+00
-4.398190021514892578e+00,-1.065134286880493164e+00
-2.739645004272460938e+00,-4.129271507263183594e-01
8.350602984428405762e-01,4.796429157257080078e+00
2.256594181060791016e+00,-1.081030890345573425e-01
3.011804580688476562e+00,1.053985714912414551e+00
-5.048140048980712891e+00,4.636678993701934814e-01
-1.529641985893249512e+00,3.422906637191772461e+00
-3.298501372337341309e-01,4.511252403259277344e+00
1.829421401023864746e+00,8.966578245162963867e-01
-1.322289705276489258e+00,3.651757240295410156e+00
-5.816494226455688477e-01,4.113744735717773438e+00
1.570484757423400879e+00,2.926285743713378906e+00
1.066990867257118225e-01,-6.528936624526977539e-01
-5.782346725463867188e-01,2.136155366897583008e+00
2.717658042907714844e+00,1.533017992973327637e+00
-1.641491889953613281e+00,-1.689288377761840820e+00
6.978908181190490723e-01,7.916595935821533203e-01
2.847694396972656250e+00,2.739690303802490234e+00
9.341329336166381836e-01,3.290154457092285156e+00
1.496209621429443359e+00,1.449768424034118652e+00
-3.318219900131225586e+00,-2.310601711273193359e+00
9.578804969787597656e-01,-9.613713026046752930e-01
-2.756225109100341797e+00,-3.142046689987182617e+00
-2.564485549926757812e+00,1.932035326957702637e+00
-4.815261840820312500e+00,-9.671995639801025391e-01
-3.263502120971679688e+00,1.924011707305908203e-01
-8.915783166885375977e-01,2.808318138122558594e+00
-4.204303264617919922e+00,-2.926738858222961426e-01
-3.736379861831665039e+00,3.650429487228393555e+00
-4.260555654764175415e-02,2.104688644409179688e+00
5.660246610641479492e-01,1.983682751655578613e+00
-3.235554933547973633e+00,-8.198154568672180176e-01
-2.855201810598373413e-02,1.991997122764587402e+00
-3.598770141601562500e+00,3.423548936843872070e-01
-2.662155151367187500e+00,-1.796228766441345215e+00
4.388773143291473389e-01,1.760037899017333984e+00
-2.930791378021240234e+00,-6.281191110610961914e-02
8.476364612579345703e-01,2.965175390243530273e+00
2.543708801269531250e+00,2.605317354202270508e+00
-8.040032386779785156e-01,2.964004993438720703e+00
-2.830064296722412109e+00,3.359457969665527344e+00
1.187988519668579102e+00,1.199978470802307129e+00
2.168658733367919922e+00,1.632228612899780273e+00
3.280359208583831787e-01,1.748885035514831543e+00
-1.034914731979370117e+00,4.922702312469482422e+00
7.546408176422119141e-01,4.268427371978759766e+00
1.175208926200866699e+00,2.295863866806030273e+00
-5.123797893524169922e+00,1.004887342453002930e+00
1.317772746086120605e+00,3.404190540313720703e+00
9.814809560775756836e-01,-1.828515410423278809e+00
1.791115850210189819e-01,2.291844844818115234e+00
-1.830365061759948730e+00,-3.197618722915649414e+00
1.327531576156616211e+00,1.751328825950622559e+00
-1.962037235498428345e-01,2.377557516098022461e+00
-2.291355848312377930e+00,-1.157768517732620239e-01
-1.969438314437866211e+00,4.167509078979492188e+00
-3.299448251724243164e+00,3.099675893783569336e+00
-2.014124870300292969e+00,-1.908795595169067383e+00
-2.701695919036865234e+00,-1.216270565986633301e+00
-1.591578960418701172e+00,4.320600628852844238e-01
-4.705241024494171143e-01,3.034564971923828125e+00
2.536445617675781250e+00,2.030171155929565430e+00
-9.623401761054992676e-01,1.794729948043823242e+00
2.040644407272338867e+00,1.429217100143432617e+00
-3.164654374122619629e-01,2.471364736557006836e+00
-2.240600585937500000e+00,-7.159084081649780273e-01
3.190030753612518311e-01,-1.684422969818115234e+00
-1.809537172317504883e+00,4.461524009704589844e+00
4.794655442237854004e-01,1.704500913619995117e+00
-1.468320608139038086e+00,3.212571382522583008e+00
-6.433526277542114258e-01,5.805431604385375977e-01
-1.932059049606323242e+00,4.052685737609863281e+00
-2.217371702194213867e+00,2.890959501266479492e+00
1.880645304918289185e-01,4.676711261272430420e-01
1.467568635940551758e+00,9.690387248992919922e-01
-1.278822064399719238e+00,-1.154516413807868958e-01
-1.298471331596374512e+00,4.883312702178955078e+00
1.800387501716613770e+00,3.453120231628417969e+00
-3.207009315490722656e+00,-3.052234947681427002e-01
-3.340438365936279297e+00,-1.718695163726806641e+00
-3.640337705612182617e+00,3.606920480728149414e+00
-1.491691023111343384e-01,-2.965555429458618164e+00
2.327218532562255859e+00,-6.891600489616394043e-01
-2.612102508544921875e+00,-3.330085992813110352e+00
-3.235419273376464844e+00,2.647474408149719238e-01
-5.187788009643554688e+00,-1.512255817651748657e-01
-1.013250470161437988e+00,-7.902563810348510742e-01
-3.710218429565429688e+00,3.491412878036499023e+00
-4.504094421863555908e-01,3.543736457824707031e+00
-2.100854396820068359e+00,2.032563686370849609e+00
1.654717683792114258e+00,3.570893764495849609e+00
-9.787557721138000488e-01,-3.605007529258728027e-01
-1.413255333900451660e+00,1.931469559669494629e+00
6.128891110420227051e-01,1.783253192901611328e+00
1.981632947921752930e+00,3.201944112777709961e+00
-3.306758165359497070e+00,1.880650758743286133e+00
1.788911968469619751e-01,2.064754009246826172e+00
-4.491445541381835938e+00,1.264127969741821289e+00
1.903120040893554688e+00,1.759529113769531250e+00
2.177838563919067383e+00,1.606108903884887695e+00
5.918377637863159180e-02,1.355921626091003418e+00
-3.646874904632568359e+00,1.254127383232116699e+00
-2.229142189025878906e+00,-3.034144163131713867e+00
-9.554527997970581055e-01,-1.389307379722595215e-01
2.622860670089721680e+00,3.486262261867523193e-01
-2.034382820129394531e+00,8.309023380279541016e-01
1.170730590820312500e+00,-2.413097582757472992e-02
2.866940021514892578e+00,8.547168970108032227e-01
-2.467165946960449219e+00,1.074540615081787109e+00
-3.348067760467529297e+00,2.937137186527252197e-01
2.993766307830810547e+00,2.014078617095947266e+00
-8.061333894729614258e-01,2.907614469528198242e+00
2.224771022796630859e+00,8.547611236572265625e-01
-1.166640222072601318e-01,2.672778606414794922e+00
-2.728241205215454102e+00,7.317358255386352539e-01
-3.935106039047241211e+00,-2.515836238861083984e+00
2.485054016113281250e+00,1.674036622047424316e+00
-1.514466166496276855e+00,-2.273596227169036865e-01
3.580619692802429199e-01,1.590769767761230469e+00
1.662062644958496094e+00,2.281154155731201172e+00
-3.813436031341552734e+00,1.675917387008666992e+00
-4.888539791107177734e+00,1.922213554382324219e+00
-1.850849986076354980e+00,4.604470252990722656e+00
2.417039573192596436e-01,3.117115020751953125e+00
1.983803749084472656e+00,4.441640377044677734e-01
-1.758123397827148438e+00,3.135617375373840332e-01
3.019390344619750977e+00,-4.226784408092498779e-02
-3.442633152008056641e+00,3.208860874176025391e+00
-2.104391098022460938e+00,4.370935916900634766e+00
-3.424633741378784180e+00,-1.700259089469909668e+00
-1.877419233322143555e+00,4.003189086914062500e+00
1.578164696693420410e+00,8.946946263313293457e-01
-3.198210716247558594e+00,-1.841689944267272949e+00
-3.752090632915496826e-01,2.072321414947509766e+00
2.702138900756835938e+00,2.794078588485717773e+00
-2.151428908109664917e-01,7.492291331291198730e-01
-2.014978408813476562e+00,5.169166326522827148e-01
-1.875090122222900391e+00,3.722529649734497070e+00
-3.626008749008178711e+00,2.532814264297485352e+00
-2.124873876571655273e+00,3.977654218673706055e+00
-1.217206478118896484e+00,4.368928909301757812e+00
-8.936936855316162109e-01,4.622437477111816406e+00
-3.314509987831115723e-01,3.118881285190582275e-01
-3.378954172134399414e+00,8.940135240554809570e-01
6.068398952484130859e-01,2.312006235122680664e+00
-8.265984058380126953e-01,4.653258323669433594e+00
-2.058576107025146484e+00,-9.659160375595092773e-01
-1.281714200973510742e+00,1.809171557426452637e+00
9.723750352859497070e-01,4.231907844543457031e+00
-2.053995609283447266e+00,1.081783175468444824e+00
-1.851143240928649902e+00,-3.123654365539550781e+00
-2.865662574768066406e+00,-1.441592216491699219e+00
9.020775556564331055e-01,2.029101848602294922e+00
-1.651337862014770508e+00,-1.281854391098022461e+00
-1.196694731712341309e+00,-1.358215361833572388e-01
7.668248414993286133e-01,1.535514950752258301e+00
-2.025742769241333008e+00,-2.194150090217590332e-01
-1.266814947128295898e+00,3.932717084884643555e+00
2.713557958602905273e+00,2.950448989868164062e-01
2.040100574493408203e+00,3.709499359130859375e+00
3.041694402694702148e+00,1.091096997261047363e+00
-4.087378501892089844e+00,-1.649774193763732910e+00
-3.364278316497802734e+00,1.570233821868896484e+00
-3.779911518096923828e+00,2.492104053497314453e+00
8.531189560890197754e-01,2.038873434066772461e+00
-3.223999023437500000e+00,-8.506384491920471191e-01
-2.247811794281005859e+00,4.165709495544433594e+00
5.916749238967895508e-01,1.202087283134460449e+00
-1.677412867546081543e+00,3.035519123077392578e+00
-4.089168071746826172e+00,3.418250977993011475e-01
-2.013050317764282227e+00,-3.015370368957519531e+00
-3.498866081237792969e+00,-2.720397472381591797e+00
-3.334841012954711914e+00,1.843384981155395508e+00
-3.171825408935546875e+00,1.110002040863037109e+00
-2.216522693634033203e+00,2.937732219696044922e+00
-1.513999342918395996e+00,-3.052058815956115723e-01
-3.229414701461791992e+00,2.931163549423217773e+00
2.044382810592651367e+00,1.297523379325866699e+00
1.404020488262176514e-01,1.509189367294311523e+00
-1.132353305816650391e+00,-1.637916713953018188e-01
-3.504441261291503906e+00,5.257217288017272949e-01
6.606479883193969727e-01,3.604424238204956055e+00
-1.250313043594360352e+00,4.079545497894287109e+00
-3.279777526855468750e+00,-1.792702198028564453e+00
1.702448368072509766e+00,1.666682243347167969e+00
3.486637771129608154e-01,-1.564954519271850586e+00
-3.751635551452636719e+00,3.603414773941040039e+00
-6.586126089096069336e-01,3.137986183166503906e+00
-1.458226919174194336e+00,-3.436729609966278076e-01
1.755512952804565430e+00,9.037328362464904785e-01
-1.884334206581115723e+00,4.450511455535888672e+00
-1.190642833709716797e+00,-1.191868901252746582e+00
-5.251021862030029297e+00,9.733936786651611328e-01
-3.480862379074096680e+00,1.343413591384887695e+00
-1.884325742721557617e+00,-1.179422616958618164e+00
7.637056708335876465e-01,2.913499593734741211e+00
-3.600495159626007080e-01,2.343569248914718628e-01
2.498574018478393555e+00,1.260364294052124023e+00
-4.207731723785400391e+00,2.579122185707092285e-01
-4.068125188350677490e-01,3.255069255828857422e+00
1.278685331344604492e+00,9.484345465898513794e-02
-3.633760929107666016e+00,3.518791437149047852e+00
-4.334805905818939209e-01,-3.039772212505340576e-01
-1.714694380760192871e+00,-1.106404423713684082e+00
4.160853624343872070e-01,4.990963935852050781e+00
-2.152179718017578125e+00,6.693904399871826172e-01
-2.077305167913436890e-01,4.760228157043457031e+00
-3.813295602798461914e+00,-1.198791265487670898e+00
-3.220539093017578125e+00,9.961133599281311035e-01
-2.147578477859497070e+00,4.184005737304687500e+00
-1.609120011329650879e+00,-1.324690699577331543e+00
-7.825168967247009277e-01,2.411811590194702148e+00
-1.189083695411682129e+00,2.600249052047729492e-01
1.744702100753784180e+00,1.519310593605041504e+00
1.412557005882263184e+00,1.572392702102661133e+00
-1.024924039840698242e+00,2.814487934112548828e+00
3.054234266281127930e+00,1.548398882150650024e-01
-1.618283152580261230e+00,1.192827820777893066e+00
-4.838985204696655273e-01,1.515380620956420898e+00
-9.000766873359680176e-01,-6.697356700897216797e-01
-2.337460994720458984e+00,-2.993372201919555664e+00
-3.664863348007202148e+00,1.804136276245117188e+00
9.706928730010986328e-01,4.285298347473144531e+00
-2.023777961730957031e-01,3.095325231552124023e+00
-1.392430543899536133e+00,5.860657095909118652e-01
2.968355178833007812e+00,1.981556653976440430e+00
-4.043391227722167969e+00,-1.983595937490463257e-01
-8.114909529685974121e-01,-2.018955945968627930e+00
1.570467829704284668e+00,9.080440402030944824e-01
-2.140814304351806641e+00,2.706680059432983398e+00
6.675913929939270020e-02,4.332654476165771484e+00
1.610370427370071411e-01,6.881408095359802246e-01
-1.823065280914306641e+00,4.437886714935302734e+00
1.630744457244873047e+00,2.432273387908935547e+00
2.343288421630859375e+00,-7.470626235008239746e-01
-4.831106066703796387e-01,3.791812658309936523e+00
-2.361238718032836914e+00,2.987583637237548828e+00
-5.137265205383300781e+00,8.746393322944641113e-01
-1.943885684013366699e+00,3.251166343688964844e+00
9.602906703948974609e-01,3.308883905410766602e+00
-1.130513787269592285e+00,-1.239945292472839355e+00
-4.938780665397644043e-01,4.121787548065185547e+00
-8.224018812179565430e-01,4.091295242309570312e+00
2.350943088531494141e+00,1.670693993568420410e+00
2.741522312164306641e+00,-4.184873774647712708e-02
2.647607326507568359e+00,1.411961793899536133e+00
6.804353594779968262e-01,2.448051929473876953e+00
-1.991149336099624634e-01,3.600635528564453125e+00
-3.564870357513427734e+00,2.717298746109008789e+00
-1.643421173095703125e+00,1.333459138870239258e+00
-3.829032182693481445e+00,-2.362993210554122925e-01
-1.375243902206420898e+00,3.194512128829956055e+00
-2.000783681869506836e+00,4.006410121917724609e+00
9.246363043785095215e-01,-6.632888913154602051e-01
-7.777485996484756470e-02,4.303284168243408203e+00
3.797384500503540039e-01,3.372630119323730469e+00
-1.579929590225219727e+00,1.792717099189758301e+00
-1.703783750534057617e+00,-1.235549151897430420e-01
-1.805790185928344727e+00,4.662588596343994141e+00
-5.673159956932067871e-01,1.986744523048400879e+00
-2.196024894714355469e+00,1.882369756698608398e+00
-3.172064304351806641e+00,3.532557010650634766e+00
-1.885962963104248047e+00,-2.303985655307769775e-01
-2.136621475219726562e+00,-7.195238471031188965e-01
1.473174095153808594e-01,2.154592990875244141e+00
-1.187680885195732117e-01,4.791364669799804688e+00
-1.967409372329711914e+00,2.355273514986038208e-01
8.025612235069274902e-01,-3.218299448490142822e-01
-3.669216394424438477e+00,-1.048946857452392578e+00
-1.617062687873840332e+00,1.191535472869873047e+00
-3.171890735626220703e+00,2.475786685943603516e+00
-4.163856029510498047e+00,1.380922675132751465e+00
4.611489176750183105e-01,2.999438524246215820e+00
2.115684747695922852e+00,1.160305976867675781e+00
4.268119931221008301e-01,4.954782009124755859e+00
1.679980397224426270e+00,2.206603288650512695e+00
1.809964478015899658e-01,-1.778682231903076172e+00
-6.082220077514648438e-01,-2.798707783222198486e-01
-2.846966505050659180e+00,-4.735173583030700684e-01
2.184660434722900391e+00,-8.767997026443481445e-01
2.495297789573669434e-01,1.434901475906372070e+00
2.871137380599975586e+00,-4.566925466060638428e-01
-4.336012363433837891e+00,1.500429272651672363e+00
-1.567407131195068359e+00,5.386465191841125488e-01
-3.695865154266357422e+00,2.792799949645996094e+00
9.706656932830810547e-01,2.435540199279785156e+00
1.248943686485290527e+00,3.234652042388916016e+00
-2.561992704868316650e-01,-2.354138374328613281e+00
-4.542561471462249756e-01,1.257445693016052246e+00
1.907346367835998535e+00,3.760223865509033203e+00
-3.826158761978149414e+00,-4.557826742529869080e-02
4.714118242263793945e-01,2.772855043411254883e+00
-1.917347311973571777e+00,2.031031847000122070e+00
9.072409272193908691e-01,2.123874664306640625e+00
-4.027622222900390625e+00,5.624092221260070801e-01
-3.332687139511108398e+00,3.286138176918029785e-01
9.492964148521423340e-01,-1.004898905754089355e+00
-4.271206378936767578e+00,-2.150410413742065430e+00
-7.406226545572280884e-02,1.792332172393798828e+00
-3.197706460952758789e+00,-2.375854253768920898e+00
1.857693672180175781e+00,-1.284802079200744629e+00
-4.737799644470214844e+00,8.966385722160339355e-01
3.513278067111968994e-01,1.598142027854919434e+00
-2.804130792617797852e+00,2.663472652435302734e+00
-2.194581985473632812e+00,-2.994869947433471680e+00
-1.597913265228271484e+00,1.441154956817626953e+00
-2.541274547576904297e+00,3.426984548568725586e+00
-6.844093203544616699e-01,2.984882593154907227e+00
1.242025136947631836e+00,3.212270438671112061e-01
2.779038667678833008e+00,1.999198913574218750e+00
-2.410466194152832031e+00,8.994577080011367798e-02
2.100401639938354492e+00,2.309821844100952148e+00
6.926134228706359863e-01,2.244916439056396484e+00
9.214087724685668945e-01,-4.434283673763275146e-01
6.933238506317138672e-01,1.851948201656341553e-01
-1.471036672592163086e+00,9.811010956764221191e-01
-2.372780084609985352e+00,1.143000364303588867e+00
1.096119403839111328e+00,-1.787411049008369446e-02
-3.616262435913085938e+00,3.421067297458648682e-01
2.440412342548370361e-01,2.672683238983154297e+00
-5.227383613586425781e+00,5.524700284004211426e-01
-4.231831073760986328e+00,7.264513373374938965e-01
-1.146168708801269531e+00,1.885496735572814941e+00
-7.369346022605895996e-01,2.307402849197387695e+00
9.402506351470947266e-01,-9.235000014305114746e-01
-1.390925526618957520e+00,4.381616592407226562e+00
-3.375280141830444336e+00,5.458406209945678711e-01
-2.737173557281494141e+00,-3.315999984741210938e+00
-1.017855048179626465e+00,4.767740726470947266e+00
-1.998383760452270508e+00,-3.456523418426513672e+00
-1.476571798324584961e+00,1.834705829620361328e+00
-8.206511735916137695e-01,2.454449176788330078e+00
-4.122505664825439453e+00,1.509018182754516602e+00
-2.717039823532104492e+00,1.305027604103088379e+00
-7.973366379737854004e-01,2.178653955459594727e+00
-2.101074457168579102e-01,-3.014224290847778320e+00
-7.184867858886718750e-01,5.605102181434631348e-01
2.990220308303833008e+00,2.030817508697509766e+00
-6.703017950057983398e-01,2.494453191757202148e+00
-4.940014839172363281e+00,-8.927069902420043945e-01
-5.327395200729370117e-01,8.034898340702056885e-02
1.720492482185363770e+00,2.752448797225952148e+00
-2.179065227508544922e+00,2.616201162338256836e+00
-2.003605604171752930e+00,4.195007085800170898e-01
1.036993980407714844e+00,3.558805942535400391e+00
2.883911848068237305e+00,3.608854115009307861e-01
-6.394460797309875488e-01,1.122897788882255554e-01
-1.023136019706726074e+00,1.583047509193420410e+00
-2.123551607131958008e+00,-7.366430163383483887e-01
-1.616919159889221191e+00,-3.535142838954925537e-01
-1.515354394912719727e+00,-1.622826009988784790e-01
1.363718748092651367e+00,2.554912269115447998e-01
1.091310739517211914e+00,2.431611537933349609e+00
-5.297237873077392578e+00,-1.404722630977630615e-01
-1.542898058891296387e+00,3.264973640441894531e+00
-1.366178870201110840e+00,6.848277449607849121e-01
-3.199353218078613281e+00,-2.526171922683715820e+00
-3.002649307250976562e+00,2.752246141433715820e+00
-4.577938616275787354e-01,3.386852741241455078e+00
-2.691759824752807617e+00,-2.139231920242309570e+00
-1.832070589065551758e+00,4.657764434814453125e+00
1.403920948505401611e-01,-5.884554386138916016e-01
-1.565268039703369141e-01,1.034078598022460938e+00
2.408917665481567383e+00,2.042336702346801758e+00
-1.008114457130432129e+00,3.919059932231903076e-01
4.425970315933227539e-01,-1.544164299964904785e+00
-3.791746616363525391e+00,2.507532596588134766e+00
2.168721914291381836e+00,2.979940414428710938e+00
-1.576359391212463379e+00,-4.413813352584838867e-01
2.505314350128173828e+00,2.093159198760986328e+00
-3.973577976226806641e+00,2.189611196517944336e+00
-3.363413095474243164e+00,-2.325821638107299805e+00
4.637268185615539551e-01,9.411945939064025879e-02
4.179620742797851562e-01,2.994313955307006836e+00
2.323972702026367188e+00,2.989772796630859375e+00
-1.291965395212173462e-01,1.872701525688171387e+00
1.118217557668685913e-01,1.992275476455688477e+00
-7.574070692062377930e-01,2.555745840072631836e+00
-2.885454893112182617e+00,2.597787380218505859e+00
2.391806125640869141e+00,2.068404197692871094e+00
6.845173239707946777e-01,-1.682234853506088257e-01
4.869593083858489990e-01,3.830396890640258789e+00
-3.711174964904785156e+00,-2.774095535278320312e+00
-3.046252965927124023e+00,2.473200321197509766e+00
-3.726162433624267578e+00,2.598625183105468750e+00
-1.700338423252105713e-01,-5.802262425422668457e-01
1.043364286422729492e+00,-1.804539680480957031e+00
2.305283308029174805e+00,3.153040885925292969e+00
-4.747572243213653564e-01,1.864697098731994629e+00
-4.150697708129882812e+00,2.691027879714965820e+00
1.624042034149169922e+00,1.875703334808349609e+00
8.302951455116271973e-01,4.799007475376129150e-01
-5.345874428749084473e-01,1.146054387092590332e+00
2.597910165786743164e+00,1.044868305325508118e-02
-8.939243108034133911e-02,1.192910075187683105e+00
1.625256896018981934e+00,7.395193576812744141e-01
-4.852824807167053223e-01,1.778767347335815430e+00
1.601830005645751953e+00,4.558663368225097656e+00
-3.507459402084350586e+00,-2.283499717712402344e+00
-3.237887144088745117e+00,2.549347162246704102e+00
-1.742693185806274414e+00,4.716811180114746094e+00
1.945595502853393555e+00,3.169750690460205078e+00
2.612530231475830078e+00,-1.055892109870910645e-01
-4.431874275207519531e+00,-3.819934725761413574e-01
-4.239781200885772705e-01,4.215600490570068359e+00
1.534688234329223633e+00,1.200093150138854980e+00
1.174196124076843262e+00,3.582035064697265625e+00
9.622460603713989258e-01,4.711102485656738281e+00
2.163251638412475586e+00,3.671787738800048828e+00
-1.303112030029296875e+00,-2.594004869461059570e-01
9.010645747184753418e-01,2.932051658630371094e+00
-4.419229030609130859e+00,-1.179768443107604980e+00
-4.226274967193603516e+00,3.618968725204467773e-01
-1.926719546318054199e+00,-3.096983194351196289e+00
-3.969792649149894714e-02,4.912312507629394531e+00
-1.763533592224121094e+00,4.576167106628417969e+00
-2.386773347854614258e+00,-1.514298319816589355e+00
-3.434132337570190430e-01,4.023815155029296875e+00
-4.169334888458251953e+00,6.070035696029663086e-01
-1.952334761619567871e+00,-1.828660726547241211e+00
-1.947036027908325195e+00,2.262768030166625977e+00
-1.060171127319335938e+00,2.149713039398193359e+00
-4.298074245452880859e+00,-2.179779529571533203e+00
-2.010447263717651367e+00,1.406978249549865723e+00
-4.078135490417480469e+00,-1.764117836952209473e+00
-4.025609493255615234e+00,1.663353085517883301e+00
9.279413223266601562e-01,2.525857686996459961e+00
-3.278589963912963867e+00,2.615183830261230469e+00
1.129871487617492676e+00,1.550949931144714355e+00
-4.073583126068115234e+00,-5.391957238316535950e-02
1.153916954994201660e+00,1.210483789443969727e+00
2.808901548385620117e+00,-1.152586415410041809e-01
-2.817591190338134766e+00,-9.026764631271362305e-01
-2.288604736328125000e+00,1.778346180915832520e+00
-3.394579648971557617e+00,3.423410654067993164e+00
-1.946030497550964355e+00,-8.272416591644287109e-01
4.278012365102767944e-02,-4.665862023830413818e-02
2.526287794113159180e+00,1.947862029075622559e+00
-4.287266254425048828e+00,5.823756456375122070e-01
1.516904473304748535e+00,1.698265075683593750e+00
2.687733173370361328e+00,1.921401143074035645e+00
-3.366407871246337891e+00,3.815617263317108154e-01
-2.463642120361328125e+00,9.773908257484436035e-01
2.468657732009887695e+00,1.808730363845825195e+00
-7.111070156097412109e-01,2.365289449691772461e+00
-1.988441467285156250e+00,2.256061553955078125e+00
-4.194303035736083984e+00,2.600050449371337891e+00
-2.018005847930908203e-01,1.074902415275573730e+00
4.025969803333282471e-01,5.064410686492919922e+00
-3.159865140914916992e+00,2.527633190155029297e+00
1.447221755981445312e+00,1.597338557243347168e+00
-8.599531650543212891e-01,1.879652619361877441e+00
-1.258834242820739746e+00,-2.255718469619750977e+00
-7.666884660720825195e-01,1.044682741165161133e+00
-4.091095924377441406e+00,1.174387216567993164e+00
-3.280902147293090820e+00,1.427960395812988281e+00
1.443553924560546875e+00,8.625306487083435059e-01
1.882929801940917969e+00,9.178436994552612305e-01
-1.556234717369079590e+00,3.527308702468872070e+00
-1.111495733261108398e+00,3.085864067077636719e+00
-1.217831254005432129e+00,2.196378231048583984e+00
-1.591186523437500000e+00,2.935928821563720703e+00
-2.944065332412719727e+00,3.441478729248046875e+00
1.963032126426696777e+00,2.855956554412841797e+00
-2.929341077804565430e+00,2.752413511276245117e+00
-2.923297405242919922e+00,-2.344457387924194336e+00
2.929737806320190430e+00,2.990688383579254150e-01
-1.807703375816345215e+00,1.283028960227966309e+00
2.027436256408691406e+00,1.474043607711791992e+00
1.354580521583557129e-01,-6.631422638893127441e-01
-2.710093021392822266e+00,-1.905048489570617676e-01
-1.203980892896652222e-01,6.094177365303039551e-01
-2.341795712709426880e-01,4.306054115295410156e+00
-5.497659444808959961e-01,3.077969551086425781e+00
-1.247891783714294434e+00,-2.337697505950927734e+00
-8.214785456657409668e-01,6.025850772857666016e-01
-3.991176605224609375e+00,-1.740058660507202148e+00
5.353490114212036133e-01,2.427184209227561951e-02
-1.947147488594055176e+00,4.012769699096679688e+00
-3.324854373931884766e+00,1.403581142425537109e+00
-2.266438484191894531e+00,1.013389825820922852e+00
-2.884802520275115967e-01,3.139969825744628906e+00
2.370124310255050659e-02,2.908792257308959961e+00
-4.071719646453857422e+00,1.072896361351013184e+00
1.368662357330322266e+00,4.278203487396240234e+00
-3.848855018615722656e+00,6.655097603797912598e-01
-2.508387155830860138e-02,1.889715529978275299e-02
2.465865850448608398e+00,-1.797551512718200684e-01
-7.660344839096069336e-01,4.267752647399902344e+00
-9.345107674598693848e-01,4.709418773651123047e+00
-2.247278213500976562e+00,6.176981329917907715e-01
1.900028109550476074e+00,1.394376993179321289e+00
-1.867620706558227539e+00,5.999701619148254395e-01
-3.691252708435058594e+00,-2.702991008758544922e+00
-1.971797347068786621e+00,-3.701275885105133057e-01
9.466271400451660156e-01,2.013931274414062500e+00
9.227613806724548340e-01,-4.905454814434051514e-01
3.010749258100986481e-02,-2.953081846237182617e+00
-3.449169158935546875e+00,5.615709424018859863e-01
1.818491458892822266e+00,4.372200012207031250e+00
3.865500688552856445e-01,4.763075351715087891e+00
-5.830324888229370117e-01,1.131129026412963867e+00
-3.119637966156005859e+00,8.349241614341735840e-01
-2.609000802040100098e-01,4.779348850250244141e+00
-2.963789224624633789e+00,1.571219921112060547e+00
-2.434433460235595703e+00,-2.989990115165710449e-01
-1.328231215476989746e+00,8.292536139488220215e-01
1.495693445205688477e+00,1.750733703374862671e-01
-1.991119503974914551e+00,4.509651660919189453e+00
3.782455325126647949e-01,2.904543876647949219e+00
-1.324914216995239258e+00,3.587601661682128906e+00
3.830108344554901123e-01,1.249335706233978271e-01
-4.399572372436523438e+00,1.070703506469726562e+00
-3.794903755187988281e+00,1.707568168640136719e+00
3.098514318466186523e+00,1.844650626182556152e+00
-7.474713921546936035e-01,3.885398387908935547e+00
-3.725678920745849609e+00,6.798484325408935547e-01
-3.018944263458251953e+00,1.609922289848327637e+00
8.989151716232299805e-01,2.878048658370971680e+00
-2.727806568145751953e+00,2.814310312271118164e+00
-4.079154968261718750e+00,-1.499594449996948242e-01
3.103391647338867188e+00,3.731781840324401855e-01
-3.427205562591552734e+00,1.818635344505310059e+00
1.318854987621307373e-01,8.556861281394958496e-01
-3.018811047077178955e-01,6.185536384582519531e-01
-1.859713077545166016e+00,-3.510097742080688477e+00
3.043139696121215820e+00,2.031958818435668945e+00
9.851815700531005859e-01,2.779902696609497070e+00
-3.570482432842254639e-01,2.303070127964019775e-01
1.512222766876220703e+00,2.849120140075683594e+00
-3.487092494964599609e+00,2.354473114013671875e+00
-5.039870262145996094e+00,1.323481917381286621e+00
1.568389415740966797e+00,-7.716943621635437012e-01
2.706719398498535156e+00,-9.733855724334716797e-01
-3.545724391937255859e+00,2.174358218908309937e-01
4.497001469135284424e-01,2.172896265983581543e-01
-2.086245298385620117e+00,2.157212257385253906e+00
-2.116607189178466797e+00,-1.891351580619812012e+00
2.255578994750976562e+00,-3.149814307689666748e-01
-2.987557649612426758e+00,-6.971398591995239258e-01
1.592476010322570801e+00,-4.622713327407836914e-01
1.246379375457763672e+00,-1.668801181949675083e-03
-3.399184703826904297e+00,3.098444223403930664e+00
-8.981371521949768066e-01,-5.001151561737060547e-01
1.449479103088378906e+00,1.532829850912094116e-01
-5.351370573043823242e-01,3.730781078338623047e+00
-2.146699666976928711e+00,2.168220043182373047e+00
-1.079175353050231934e+00,3.840324401855468750e+00
1.604796171188354492e+00,-3.425268530845642090e-01
1.949617862701416016e+00,2.023752927780151367e+00
-3.722576379776000977e+00,2.715372085571289062e+00
-3.543319702148437500e+00,-1.018415927886962891e+00
-3.905699491500854492e+00,2.642049074172973633e+00
9.787136912345886230e-01,3.055953979492187500e+00
-2.132219314575195312e+00,-6.353107094764709473e-01
-1.932711005210876465e+00,2.284186124801635742e+00
8.521867990493774414e-01,3.230343341827392578e+00
-7.146713137626647949e-01,1.813963353633880615e-01
-3.387349367141723633e+00,1.241355985403060913e-01
6.402484774589538574e-01,2.640790462493896484e+00
2.221390977501869202e-02,4.070591449737548828e+00
-2.545965433120727539e+00,2.308621555566787720e-01
-3.709447622299194336e+00,-9.635683298110961914e-01
-2.487656593322753906e+00,2.622663497924804688e+00
-3.359635829925537109e+00,1.130232930183410645e+00
1.759538173675537109e+00,5.493487715721130371e-01
1.776764392852783203e-01,8.062279820442199707e-01
-4.187398433685302734e+00,1.772539973258972168e+00
-1.661668419837951660e+00,-1.440505743026733398e+00
6.440545320510864258e-01,3.529679775238037109e+00
-1.708944797515869141e+00,1.782564163208007812e+00
-6.097449064254760742e-01,1.843341469764709473e+00
-8.257421851158142090e-02,1.885640621185302734e+00
-2.961246252059936523e+00,2.261556863784790039e+00
2.427440166473388672e+00,-6.836878657341003418e-01
-3.802733421325683594e-01,1.056107640266418457e+00
-1.255047440528869629e+00,8.505996465682983398e-01
-7.323428988456726074e-01,3.914461612701416016e+00
-1.723642826080322266e+00,4.954392910003662109e+00
-3.899856567382812500e+00,2.550064563751220703e+00
-2.930626153945922852e+00,2.856105089187622070e+00
3.179426670074462891e+00,-1.007790565490722656e-01
-1.359074831008911133e+00,3.590409040451049805e+00
-2.635568380355834961e+00,-5.632920265197753906e-01
-3.900656700134277344e-01,1.127875447273254395e+00
-1.727396845817565918e+00,-1.219637274742126465e+00
-2.182578802108764648e+00,2.926141500473022461e+00
-3.891513049602508545e-01,4.517309665679931641e+00
-3.548272371292114258e+00,2.951940059661865234e+00
1.652316093444824219e+00,-4.132810831069946289e-01
1.226475611329078674e-01,3.040972232818603516e+00
-3.096819400787353516e+00,2.186287879943847656e+00
-1.506838679313659668e+00,1.343784570693969727e+00
-1.960012793540954590e+00,1.206350088119506836e+00
1.245160937309265137e+00,1.324601411819458008e+00
-4.552151560783386230e-01,4.045357704162597656e+00
-1.469098776578903198e-01,2.039493083953857422e+00
1.173375725746154785e+00,3.239944219589233398e+00
1.722813010215759277e+00,1.060131430625915527e+00
8.269028663635253906e-01,1.685521192848682404e-02
1.468964934349060059e+00,-7.483461499214172363e-02
8.980700969696044922e-01,-5.168346762657165527e-01
-2.930856466293334961e+00,2.465292930603027344e+00
-4.126222610473632812e+00,1.108365297317504883e+00
-6.782432794570922852e-01,4.388662338256835938e+00
-1.194121122360229492e+00,1.070097237825393677e-01
-7.655931115150451660e-01,2.454782009124755859e+00
-2.796755313873291016e+00,-2.293172597885131836e+00
-3.482948303222656250e+00,-2.845802783966064453e+00
-5.139678955078125000e+00,-5.269511416554450989e-02
-1.753853440284729004e+00,1.884068012237548828e+00
-3.101834058761596680e+00,-2.367176055908203125e+00
4.846154525876045227e-02,4.086969375610351562e+00
1.756381154060363770e+00,4.437875270843505859e+00
4.706244766712188721e-01,7.713881880044937134e-02
1.567077398300170898e+00,3.256819248199462891e+00
-1.751082897186279297e+00,1.919237494468688965e+00
-3.426611185073852539e+00,-2.290023565292358398e+00
-3.615984201431274414e+00,2.157881259918212891e+00
-2.994161844253540039e+00,2.385332822799682617e+00
-4.267705917358398438e+00,-8.874219059944152832e-01
-1.126277327537536621e+00,-2.062797695398330688e-01
1.661469817161560059e+00,2.864919900894165039e+00
1.977823376655578613e+00,7.794705033302307129e-01
2.606935262680053711e+00,2.599466085433959961e+00
-7.699378300458192825e-03,2.271164417266845703e+00
-5.694401860237121582e-01,4.320219039916992188e+00
-3.949656724929809570e+00,-6.580920219421386719e-01
-1.871736645698547363e+00,1.351830840110778809e+00
-3.577524185180664062e+00,2.476330518722534180e+00
-1.016769647598266602e+00,-7.025524973869323730e-01
1.958751797676086426e+00,2.108474016189575195e+00
9.979383349418640137e-01,-1.668609619140625000e+00
1.040510296821594238e+00,1.784943789243698120e-01
-4.499289512634277344e+00,-1.153288364410400391e+00
1.271677017211914062e+00,-5.327676236629486084e-02
-1.944476962089538574e+00,4.186195373535156250e+00
-3.134777545928955078e-01,7.654363662004470825e-02
-3.579538106918334961e+00,2.444529294967651367e+00
-2.276421785354614258e+00,2.653977394104003906e+00
-4.806473553180694580e-01,-2.191846370697021484e-01
3.485383093357086182e-01,1.578372597694396973e+00
-1.328346371650695801e+00,6.400747299194335938e-01
-3.795006752014160156e+00,1.592084884643554688e+00
2.723462820053100586e+00,2.213140577077865601e-01
-1.412895679473876953e+00,9.901075363159179688e-01
-3.525034189224243164e+00,-2.500291764736175537e-01
-1.169212460517883301e+00,-1.042584538459777832e+00
2.126558780670166016e+00,1.257314801216125488e+00
9.436361193656921387e-01,1.307062029838562012e+00
-4.645275115966796875e+00,2.450144529342651367e+00
5.999352782964706421e-03,1.267085790634155273e+00
8.735632300376892090e-01,3.008288621902465820e+00
-5.935468673706054688e-01,3.920762538909912109e+00
-2.975395679473876953e+00,1.356891512870788574e+00
-1.221046686172485352e+00,1.578821659088134766e+00
-1.280492395162582397e-01,3.970705747604370117e+00
-2.252551019191741943e-01,-5.868391990661621094e-01
-2.286856889724731445e+00,2.812067985534667969e+00
-1.973231434822082520e+00,9.305120110511779785e-01
-4.893683433532714844e+00,6.510267257690429688e-01
1.305308580398559570e+00,3.451821804046630859e+00
4.590366184711456299e-01,-1.474712252616882324e+00
-1.901610791683197021e-01,1.810950517654418945e+00
1.154489636421203613e+00,4.784744739532470703e+00
-1.469473481178283691e+00,4.577444076538085938e+00
1.161066174507141113e+00,2.514740943908691406e+00
-5.306783676147460938e+00,-1.323548704385757446e-02
-3.417359828948974609e+00,-2.296040058135986328e+00
-3.140524387359619141e+00,3.141559839248657227e+00
2.317535281181335449e-01,-1.702137589454650879e+00
-3.734611749649047852e+00,3.586318492889404297e+00
-9.248949289321899414e-01,5.464358925819396973e-01
-7.388435006141662598e-01,-2.443125247955322266e+00
3.357371985912322998e-01,1.277740955352783203e+00
1.220658421516418457e+00,4.204876899719238281e+00
-3.886986255645751953e+00,5.636470913887023926e-01
9.822879433631896973e-01,2.216452121734619141e+00
2.282683134078979492e+00,-6.946313660591840744e-04
-2.542059183120727539e+00,-1.093256115913391113e+00
4.445924237370491028e-02,8.099392652511596680e-01
-9.247519969940185547e-01,5.044004440307617188e+00
1.821591615676879883e+00,4.057354927062988281e+00
2.499811500310897827e-01,1.181614518165588379e+00
-7.123169302940368652e-01,2.112660884857177734e+00
-3.482650518417358398e+00,1.744081258773803711e+00
1.488961100578308105e+00,3.828965902328491211e+00
1.440714150667190552e-01,4.927530288696289062e+00
-2.868839979171752930e+00,9.000055193901062012e-01
-2.989027976989746094e+00,-7.429365515708923340e-01
-6.989417076110839844e-01,2.139194250106811523e+00
-4.710896492004394531e+00,2.006073236465454102e+00
8.520134091377258301e-01,-6.791820526123046875e-01
-1.546733140945434570e+00,3.993907928466796875e+00
-4.178672790527343750e+00,1.390348434448242188e+00
-1.641999483108520508e-01,1.840260267257690430e+00
6.351106762886047363e-01,-1.364009976387023926e-01
-2.321110963821411133e+00,9.812181591987609863e-01
-8.123214244842529297e-01,2.783121764659881592e-01
1.872257828712463379e+00,2.264554023742675781e+00
-3.129450798034667969e+00,-1.506409287452697754e+00
-2.338684797286987305e+00,1.581901073455810547e+00
8.838062882423400879e-01,3.150367021560668945e+00
-4.653346061706542969e+00,9.619852900505065918e-01
1.932903975248336792e-01,-2.633944988250732422e+00
-8.620986938476562500e-01,3.828710794448852539e+00
-2.678626537322998047e+00,2.219676375389099121e-01
6.730925440788269043e-01,5.027162551879882812e+00
-2.887410879135131836e+00,2.047319173812866211e+00
4.017122089862823486e-01,1.624898076057434082e+00
1.709166616201400757e-01,2.140697240829467773e+00
-1.013256311416625977e+00,-2.074927568435668945e+00
2.584367275238037109e+00,1.020223021507263184e+00
2.549732923507690430e+00,2.519870698451995850e-01
-5.278918743133544922e+00,6.968904733657836914e-01
-3.242406129837036133e+00,1.419003605842590332e+00
1.463165163993835449e+00,9.774531722068786621e-01
1.239535450935363770e+00,3.260688543319702148e+00
-3.207479476928710938e+00,7.946782708168029785e-01
9.211605191230773926e-01,-1.880468487739562988e+00
-9.521397352218627930e-01,5.437523126602172852e-01
-5.102570533752441406e+00,6.754050850868225098e-01
8.143218159675598145e-01,4.817943572998046875e+00
-8.422724604606628418e-01,2.229762554168701172e+00
-1.553091526031494141e+00,2.075599730014801025e-01
1.228948235511779785e+00,3.272296428680419922e+00
-3.611956834793090820e+00,1.204469520598649979e-02
4.225024282932281494e-01,5.006627082824707031e+00
1.254083037376403809e+00,1.684994578361511230e+00
3.112309575080871582e-01,3.793369293212890625e+00
-3.675042390823364258e+00,1.578364372253417969e+00
-6.128547191619873047e-01,9.864729642868041992e-01
-2.315952062606811523e+00,2.333264827728271484e+00
-1.025294899940490723e+00,-6.285822391510009766e-01
-7.907944917678833008e-01,-1.870500445365905762e+00
2.439307451248168945e+00,1.342847108840942383e+00
2.357235908508300781e+00,1.858968615531921387e+00
-3.714098215103149414e+00,-2.507452487945556641e+00
2.965504884719848633e+00,3.460534811019897461e-01
-1.896557569503784180e+00,2.267457962036132812e+00
1.684297680854797363e+00,9.623343944549560547e-01
-1.448158144950866699e+00,8.863279223442077637e-01
-4.631218910217285156e-01,3.702493429183959961e+00
-1.341553330421447754e+00,4.998937606811523438e+00
-1.046190977096557617e+00,3.209961414337158203e+00
1.245182991027832031e+00,2.430491209030151367e+00
-4.982898712158203125e+00,4.669183790683746338e-01
-4.150468349456787109e+00,-8.211659193038940430e-01
-2.182090997695922852e+00,-1.296267807483673096e-01
-3.185055017471313477e+00,3.104988098144531250e+00
-2.283746242523193359e+00,4.421405315399169922e+00
1.749682307243347168e+00,1.272185444831848145e+00
1.144907355308532715e+00,2.591263532638549805e+00
-1.889970779418945312e+00,4.877977371215820312e+00
1.643657326698303223e+00,2.035189151763916016e+00
-2.712653636932373047e+00,-1.102092385292053223e+00
-1.404292322695255280e-02,1.323362141847610474e-01
-2.711249589920043945e+00,-3.125267982482910156e+00
-3.105021476745605469e+00,-1.534790158271789551e+00
2.114766359329223633e+00,1.285307049751281738e+00
-8.367061018943786621e-01,2.262707233428955078e+00
-1.735500931739807129e+00,2.051671743392944336e+00
-1.600934624671936035e+00,-6.253027915954589844e-01
1.626857757568359375e+00,1.817075729370117188e+00
-1.310485720634460449e+00,-3.199868500232696533e-01
-2.671465277671813965e-01,1.126801848411560059e+00
-3.898259639739990234e+00,5.343697667121887207e-01
5.192351937294006348e-01,2.071708440780639648e+00
-3.340645313262939453e+00,1.101769566535949707e+00
-1.745310902595520020e+00,6.327922940254211426e-01
-5.699133872985839844e-01,2.175080537796020508e+00
-3.888283967971801758e+00,-2.157257556915283203e+00
-3.467018842697143555e+00,-7.758589982986450195e-01
-4.264428138732910156e+00,-1.316267699003219604e-01
1.759671568870544434e+00,2.848783493041992188e+00
-8.398327976465225220e-02,3.491260111331939697e-01
-1.225683689117431641e+00,2.262544393539428711e+00
-1.347251892089843750e+00,1.749120473861694336e+00
-1.101854681968688965e+00,4.979315280914306641e+00
-9.780603051185607910e-01,-6.860682964324951172e-01
-2.116213083267211914e+00,2.987571954727172852e+00
2.995328426361083984e+00,2.065775543451309204e-01
6.331042647361755371e-01,3.543215036392211914e+00
9.925150275230407715e-01,1.355623722076416016e+00
4.035327583551406860e-02,1.060132265090942383e+00
1.912056088447570801e+00,8.431534171104431152e-01
2.639281034469604492e+00,-5.829265713691711426e-02
8.611268997192382812e-01,2.215459585189819336e+00
2.332610845565795898e+00,2.974259853363037109e+00
-3.124737262725830078e+00,-1.920834302902221680e+00
-1.996316671371459961e+00,1.133082866668701172e+00
-2.786809444427490234e+00,1.915691494941711426e+00
-5.917585492134094238e-01,2.883221864700317383e+00
2.691271066665649414e+00,9.560834765434265137e-01
-7.626847028732299805e-01,2.852819681167602539e+00
-3.904168605804443359e+00,-1.279327392578125000e+00
-1.891567826271057129e+00,3.761723935604095459e-01
-4.396580696105957031e+00,2.134438276290893555e+00
-1.504666209220886230e+00,3.762320041656494141e+00
-1.533368468284606934e+00,2.539554357528686523e+00
2.518160641193389893e-01,2.872813463211059570e+00
-7.943819761276245117e-01,4.989474296569824219e+00
-1.529529809951782227e+00,1.910023808479309082e+00
1.498047113418579102e+00,6.277562379837036133e-01
-1.077018022537231445e+00,3.312057018280029297e+00
-3.591264486312866211e+00,1.677359342575073242e+00
2.779990911483764648e+00,1.931918501853942871e+00
-2.427970170974731445e+00,3.483918428421020508e+00
2.060112953186035156e+00,1.090539216995239258e+00
9.844843149185180664e-01,1.322058677673339844e+00
-5.651125311851501465e-01,1.661695241928100586e-01
-3.369472026824951172e+00,3.079078912734985352e+00
-6.327232122421264648e-01,1.532989889383316040e-01
-6.806150823831558228e-02,4.725495815277099609e+00
-4.836148262023925781e+00,1.775855123996734619e-01
-2.743545055389404297e+00,2.771230220794677734e+00
1.267198026180267334e-01,3.583961725234985352e+00
1.719728946685791016e+00,-4.104413688182830811e-01
-3.793401956558227539e+00,1.680550098419189453e+00
8.996692895889282227e-01,-4.588592052459716797e-01
-9.869924783706665039e-01,2.353637933731079102e+00
-1.203768968582153320e+00,5.000482559204101562e+00
-2.884347200393676758e+00,1.563409447669982910e+00
2.577979326248168945e+00,1.725809931755065918e+00
-2.560691833496093750e+00,-2.972648739814758301e-01
-1.050906300544738770e+00,-3.594341278076171875e+00
-3.976762056350708008e+00,-2.355576008558273315e-01
8.866795897483825684e-01,4.352047920227050781e+00
-4.300144195556640625e+00,2.514441251754760742e+00
9.831898808479309082e-01,-9.198666810989379883e-01
-6.236346364021301270e-01,-8.918842673301696777e-01
-4.506250381469726562e+00,1.303553104400634766e+00
1.006928801536560059e+00,4.837957859039306641e+00
2.718715667724609375e+00,7.990307174623012543e-03
-1.246829271316528320e+00,-2.512710332870483398e+00
2.029251337051391602e+00,1.892285466194152832e+00
-1.933363676071166992e+00,4.706877708435058594e+00
1.254776358604431152e+00,2.266640663146972656e+00
-3.836153984069824219e+00,1.692834138870239258e+00
-1.620016098022460938e-01,1.882323384284973145e+00
-3.638299465179443359e+00,3.622455358505249023e+00
1.607682704925537109e+00,-6.620382666587829590e-01
1.552876114845275879e+00,3.683923959732055664e+00
4.506388604640960693e-01,2.514378547668457031e+00
-1.194851160049438477e+00,4.742151260375976562e+00
1.613751411437988281e+00,1.809449076652526855e+00
-3.010965108871459961e+00,3.313675880432128906e+00
-3.089192390441894531e+00,-2.529891252517700195e+00
-5.119404792785644531e+00,3.708314001560211182e-01
-8.594655394554138184e-01,1.261878252029418945e+00
-2.013666391372680664e+00,4.712721347808837891e+00
-4.310220241546630859e+00,-7.826273441314697266e-01
-6.413812041282653809e-01,1.581607341766357422e+00
-6.781809926033020020e-01,2.490272045135498047e+00
-1.852896571159362793e+00,1.321765780448913574e+00
4.563207030296325684e-01,4.723164081573486328e+00
-5.940667912364006042e-02,2.817014932632446289e+00
-3.600579500198364258e-01,2.607369422912597656e+00
-3.383638143539428711e+00,-2.749022960662841797e+00
-1.300909519195556641e+00,5.897299647331237793e-01
-3.236014842987060547e+00,-7.659327387809753418e-01
-1.797758221626281738e+00,2.132213354110717773e+00
-1.052410602569580078e+00,3.048492431640625000e+00
-3.985906600952148438e+00,-6.556705236434936523e-01
-2.385681152343750000e+00,8.222964406013488770e-01
1.317639231681823730e+00,1.047550082206726074e+00
-2.063107967376708984e+00,6.403059363365173340e-01
-2.759060621261596680e+00,-2.259554386138916016e+00
-2.160933464765548706e-01,5.955766439437866211e-01
2.629521608352661133e+00,1.981939792633056641e+00
-2.614374399185180664e+00,-8.629650473594665527e-01
2.687243521213531494e-01,-7.258613705635070801e-01
-2.857006549835205078e+00,-3.031053841114044189e-01
1.632196426391601562e+00,-6.591747999191284180e-01
-1.132432699203491211e+00,-1.186974644660949707e+00
-3.552537679672241211e+00,3.534309864044189453e+00
-2.721483945846557617e+00,-1.395153164863586426e+00
-4.497370719909667969e+00,2.627394437789916992e+00
-2.530356310307979584e-02,3.646369457244873047e+00
2.574829101562500000e+00,1.999778747558593750e+00
2.044416427612304688e+00,2.092413187026977539e+00
-1.915875673294067383e+00,4.856100559234619141e+00
-1.505953431129455566e+00,3.476523876190185547e+00
4.584153592586517334e-01,1.703099012374877930e+00
1.520921707153320312e+00,2.893146514892578125e+00
9.619591832160949707e-01,2.384374380111694336e+00
-1.492590546607971191e+00,-1.409709692001342773e+00
1.552439093589782715e+00,-2.616273164749145508e-01
1.509098529815673828e+00,4.204266548156738281e+00
-2.047218531370162964e-01,-2.297113180160522461e+00
-3.417506441473960876e-02,2.141731500625610352e+00
2.673921108245849609e+00,3.022866547107696533e-01
-2.114527702331542969e+00,4.330493927001953125e+00
3.924695551395416260e-01,2.163393259048461914e+00
1.019416332244873047e+00,5.851745605468750000e-01
-1.956902146339416504e+00,3.908049464225769043e-01
2.108686685562133789e+00,1.255442261695861816e+00
2.308488368988037109e+00,9.033471941947937012e-01
-2.036288499832153320e+00,1.127355456352233887e+00
-1.158425927162170410e+00,3.302486658096313477e+00
2.191439151763916016e+00,1.640429258346557617e+00
-1.597022414207458496e+00,-4.976243376731872559e-01
-4.022830009460449219e+00,-3.330096006393432617e-01
1.284876823425292969e+00,3.812331438064575195e+00
8.564257621765136719e-01,-7.459301948547363281e-01
2.020112514495849609e+00,1.259337425231933594e+00
3.296920061111450195e-01,2.041088342666625977e+00
-5.237398624420166016e+00,1.036558270454406738e+00
4.574556946754455566e-01,2.745171070098876953e+00
-1.054641604423522949e+00,3.461221456527709961e+00
-3.360899925231933594e+00,1.822409033775329590e+00
-1.145609378814697266e+00,-2.417026758193969727e+00
-3.705685615539550781e+00,2.749108791351318359e+00
-2.124171853065490723e-01,1.010527610778808594e+00
4.709300994873046875e-01,7.370654344558715820e-01
-2.537650823593139648e+00,3.395416259765625000e+00
-2.827701568603515625e+00,-1.063973903656005859e+00
-4.557909011840820312e+00,1.439794063568115234e+00
2.002098321914672852e+00,2.991408109664916992e+00
1.664616227149963379e+00,-4.514189362525939941e-01
-7.897012680768966675e-02,4.942583560943603516e+00
2.086957693099975586e+00,1.250368237495422363e+00
-2.061463356018066406e+00,-1.094614267349243164e+00
-1.615140199661254883e+00,2.086452960968017578e+00
-4.706088542938232422e+00,1.898360729217529297e+00
-3.556724548339843750e+00,-1.578705906867980957e+00
6.494903564453125000e-02,3.668437242507934570e+00
-5.424074530601501465e-01,3.485892295837402344e+00
2.024411678314208984e+00,3.047199487686157227e+00
2.084756135940551758e+00,2.338900089263916016e+00
-1.671105265617370605e+00,8.925293684005737305e-01
5.560607910156250000e-01,2.685514688491821289e-01
-8.199120163917541504e-01,-1.652359366416931152e+00
-3.875796318054199219e+00,6.852250695228576660e-01
-9.770986437797546387e-01,2.989946842193603516e+00
9.001524448394775391e-01,3.658596515655517578e+00
9.316359162330627441e-01,1.643982291221618652e+00
-3.840372562408447266e+00,-2.577378273010253906e+00
-1.894559383392333984e+00,9.485397338867187500e-01
1.022318601608276367e+00,3.186872959136962891e+00
-1.492600798606872559e+00,-3.364965319633483887e-01
-2.189200073480606079e-01,1.287798762321472168e+00
-2.869928598403930664e+00,-1.504038333892822266e+00
-3.869617223739624023e+00,-4.831812381744384766e-01
-5.894259214401245117e-01,4.868055820465087891e+00
-3.853891134262084961e+00,3.452183961868286133e+00
1.568865895271301270e+00,2.170243501663208008e+00
-4.817553997039794922e+00,5.540856719017028809e-01
-2.622392892837524414e+00,6.759865880012512207e-01
1.994597554206848145e+00,3.026248216629028320e+00
-2.124334096908569336e+00,4.077260494232177734e+00
-1.149695634841918945e+00,4.948431015014648438e+00
-1.304159462451934814e-01,7.399275898933410645e-01
-4.219933509826660156e+00,-6.599051356315612793e-01
6.475741267204284668e-01,4.479126453399658203e+00
-9.684997797012329102e-01,4.651496410369873047e-01
-1.495904445648193359e+00,4.082870483398437500e+00
9.347490072250366211e-01,-4.455792009830474854e-01
5.221611857414245605e-01,2.468880891799926758e+00
-8.720162510871887207e-01,2.984911918640136719e+00
9.729512333869934082e-01,3.120266914367675781e+00
-4.994952201843261719e+00,1.137546181678771973e+00
-2.384304627776145935e-02,2.487390041351318359e+00
-2.516772508621215820e+00,-3.785889148712158203e-01
-5.146823406219482422e+00,8.191725015640258789e-01
-1.769046425819396973e+00,8.641946911811828613e-01
7.397665381431579590e-01,2.889977931976318359e+00
-2.503115177154541016e+00,1.363311171531677246e+00
1.070876479148864746e+00,3.252833604812622070e+00
2.718158483505249023e+00,1.699085712432861328e+00
-3.345873355865478516e+00,-2.447737455368041992e+00
-3.318307161331176758e+00,3.105239570140838623e-01
-1.722533702850341797e+00,-1.265171170234680176e+00
-4.282359123229980469e+00,2.557392120361328125e-01
-1.563809752464294434e+00,4.747972011566162109e+00
-3.948966979980468750e+00,1.080277323722839355e+00
-6.590054631233215332e-01,1.687285304069519043e+00
1.118421196937561035e+00,5.281608104705810547e-01
-2.740081787109375000e+00,-1.259996294975280762e+00
-2.634722709655761719e+00,2.900485038757324219e+00
7.727961987257003784e-03,3.516943931579589844e+00
-8.713513016700744629e-01,4.938820838928222656e+00
-2.357858419418334961e+00,6.707426309585571289e-01
1.277119159698486328e+00,4.281198501586914062e+00
-4.039525032043457031e+00,-1.690414667129516602e+00
1.869789063930511475e-01,4.689745426177978516e+00
2.862656831741333008e+00,9.322649240493774414e-02
1.502703189849853516e+00,1.760151624679565430e+00
-3.947009563446044922e+00,1.015455722808837891e+00
-1.946754336357116699e+00,7.644736766815185547e-01
-2.259780168533325195e+00,3.036852359771728516e+00
2.865415811538696289e-01,2.174195528030395508e+00
-1.304484724998474121e+00,3.375163793563842773e+00
2.704658985137939453e+00,1.460580348968505859e+00
-3.805051743984222412e-01,3.884997844696044922e+00
6.719323396682739258e-01,5.548763275146484375e-01
6.690638065338134766e-01,1.983803272247314453e+00
1.980784893035888672e+00,3.014746427536010742e+00
-4.144253253936767578e+00,-5.906366556882858276e-02
3.793962299823760986e-01,1.222132593393325806e-01
1.648586750030517578e+00,4.142587661743164062e+00
-5.313606739044189453e+00,-7.110352069139480591e-02
3.227921128273010254e-01,3.248146057128906250e+00
-3.481355011463165283e-01,-2.136954814195632935e-01
2.669883966445922852e+00,1.986278295516967773e+00
-1.277373433113098145e+00,3.160742759704589844e+00
-2.850410699844360352e+00,-1.128627061843872070e+00
9.204298257827758789e-01,-1.699844121932983398e+00
-1.015800118446350098e+00,-1.248275995254516602e+00
1.081412196159362793e+00,1.327558636665344238e+00
-5.537437796592712402e-01,4.770724296569824219e+00
-2.233874559402465820e+00,-4.136357605457305908e-01
3.088249683380126953e+00,4.080801904201507568e-01
-1.295956373214721680e+00,3.596530914306640625e+00
1.454726904630661011e-01,2.025182962417602539e+00
1.611334800720214844e+00,2.451141595840454102e+00
-1.926335096359252930e+00,2.265984296798706055e+00
2.079163074493408203e+00,1.175475478172302246e+00
-3.432383060455322266e+00,-2.733644962310791016e+00
3.059457302093505859e+00,4.322323799133300781e-01
-4.596820175647735596e-01,3.010953664779663086e+00
1.278720855712890625e+00,1.416479825973510742e+00
-1.046724796295166016e+00,-6.195883750915527344e-01
-3.002041816711425781e+00,2.453000992536544800e-01
2.816425450146198273e-02,-5.618861317634582520e-01
-1.774578094482421875e+00,2.797627687454223633e+00
-1.511283874511718750e+00,-3.548548519611358643e-01
-2.339168787002563477e+00,6.436182856559753418e-01
-2.143633842468261719e+00,-3.111102819442749023e+00
9.375742077827453613e-01,4.527756690979003906e+00
-4.500490725040435791e-01,2.571565151214599609e+00
-1.249168157577514648e+00,3.555231392383575439e-01
-1.478981733322143555e+00,1.717543005943298340e+00
1.120266675949096680e+00,-2.623012363910675049e-01
2.830460309982299805e+00,2.634320497512817383e+00
-4.005399703979492188e+00,2.576917409896850586e+00
-1.136593073606491089e-01,2.942395210266113281e+00
-1.487216353416442871e+00,8.911266326904296875e-01
-3.399237155914306641e+00,5.488160848617553711e-01
-9.864298626780509949e-03,1.179730057716369629e+00
-1.205741405487060547e+00,5.019358634948730469e+00
-3.631875991821289062e+00,-1.028948307037353516e+00
-2.499328613281250000e+00,-1.090081334114074707e+00
-4.675699710845947266e+00,2.643912732601165771e-01
-2.041410923004150391e+00,-3.116496562957763672e+00
-3.781755924224853516e+00,-2.978109121322631836e-01
-2.992677450180053711e+00,1.792378425598144531e+00
-7.772104144096374512e-01,3.282327413558959961e+00
-4.893185138702392578e+00,1.831197261810302734e+00
-9.831039905548095703e-01,2.356141328811645508e+00
1.502873063087463379e+00,6.988633871078491211e-01
-4.457759380340576172e+00,2.454356670379638672e+00
-1.475286245346069336e+00,3.102235794067382812e+00
-7.382645010948181152e-01,1.822067975997924805e+00
7.276831269264221191e-01,7.384566664695739746e-01
-2.913128852844238281e+00,-1.821264386177062988e+00
-3.724951744079589844e+00,2.657739639282226562e+00
-3.536351919174194336e+00,-2.732764482498168945e+00
-1.174170613288879395e+00,4.750982761383056641e+00
-3.454318761825561523e+00,-2.788491010665893555e+00
-1.567276477813720703e+00,2.261266708374023438e+00
8.590991608798503876e-03,-6.794581413269042969e-01
2.860381841659545898e+00,4.289859831333160400e-01
-2.576797485351562500e+00,-3.460057258605957031e+00
-3.681228399276733398e+00,3.506253719329833984e+00
-2.021890163421630859e+00,4.791528582572937012e-01
-1.439399600028991699e+00,8.663690686225891113e-01
1.901805043220520020e+00,2.218575000762939453e+00
-4.745412826538085938e+00,-1.069495916366577148e+00
9.146000146865844727e-01,-8.561647534370422363e-01
-4.884042739868164062e+00,2.621565163135528564e-01
-5.224877834320068359e+00,5.314395427703857422e-01
-2.530491828918457031e+00,3.547036170959472656e+00
-2.577025175094604492e+00,-3.453736543655395508e+00
-1.359833240509033203e+00,-1.123095750808715820e+00
-3.386881351470947266e+00,-1.748168706893920898e+00
-3.254645586013793945e+00,-1.922601580619812012e+00
1.429830431938171387e+00,-2.311052680015563965e-01
2.738215208053588867e+00,1.434037208557128906e+00
7.367198467254638672e-01,3.759754180908203125e+00
-3.999214887619018555e+00,-6.948137283325195312e-01
-3.673116207122802734e+00,2.825731515884399414e+00
4.686607420444488525e-01,-2.949471212923526764e-02
-3.061582565307617188e+00,-1.137053132057189941e+00
-4.685092866420745850e-01,4.459894657135009766e+00
-6.131674647331237793e-01,4.533001422882080078e+00
-9.100913405418395996e-01,1.986030817031860352e+00
-3.575570821762084961e+00,3.975390195846557617e-01
-5.112110376358032227e-01,4.167105674743652344e+00
-1.377612352371215820e+00,6.531744450330734253e-02
-4.185133576393127441e-01,3.691326379776000977e+00
-1.898337960243225098e+00,1.329976677894592285e+00
-4.679116249084472656e+00,4.349538981914520264e-01
-3.953148603439331055e+00,2.598766565322875977e+00
-3.709754467010498047e+00,1.836889505386352539e+00
1.910869717597961426e+00,2.402556419372558594e+00
-7.275586724281311035e-01,2.285562753677368164e+00
-3.293236732482910156e+00,-1.775702476501464844e+00
-7.232306003570556641e-01,1.233769357204437256e-01
-4.609227180480957031e+00,1.160938858985900879e+00
-1.504674911499023438e+00,1.320481419563293457e+00
1.553852438926696777e+00,-1.851289719343185425e-01
1.742412447929382324e+00,3.545789003372192383e+00
-1.040459871292114258e+00,3.878592252731323242e+00
-1.295136213302612305e+00,3.550220727920532227e+00
1.506960511207580566e+00,1.880316734313964844e+00
-3.423297405242919922e+00,-3.654186725616455078e-01
-1.927611708641052246e+00,4.708363533020019531e+00
-1.613167643547058105e+00,-1.260050088167190552e-01
1.382619738578796387e+00,8.391672372817993164e-01
-1.804119944572448730e+00,-1.062416553497314453e+00
-1.152585744857788086e+00,4.503881931304931641e+00
-3.459910869598388672e+00,2.231274127960205078e+00
-1.683907032012939453e+00,3.665919780731201172e+00
-5.105638980865478516e+00,1.478682398796081543e+00
-5.262387275695800781e+00,2.679893188178539276e-02
-8.693410754203796387e-01,3.917790174484252930e+00
-1.191624522209167480e+00,4.631863594055175781e+00
-1.009265333414077759e-01,7.603024244308471680e-01
-3.049526453018188477e+00,1.623920083045959473e+00
-2.852464914321899414e+00,-1.442820072174072266e+00
-2.777357578277587891e+00,-1.959053128957748413e-01
1.614480853080749512e+00,4.027849197387695312e+00
-7.628284692764282227e-01,4.632034301757812500e+00
-3.210165262222290039e+00,3.071885585784912109e+00
-1.408170104026794434e+00,4.885628223419189453e+00
8.971060514450073242e-01,2.410573244094848633e+00
-3.194175481796264648e+00,2.528103590011596680e+00
5.669568777084350586e-01,3.529012203216552734e+00
-2.999794483184814453e+00,3.476680517196655273e+00
-2.192885637283325195e+00,-3.045888423919677734e+00
-4.484215259552001953e+00,2.358808279037475586e+00
-4.313185691833496094e+00,2.504179477691650391e+00
-2.014805793762207031e+00,3.295284271240234375e+00
-1.502763152122497559e+00,2.629178285598754883e+00
2.709544897079467773e+00,1.385884881019592285e+00
8.454005122184753418e-01,5.883738994598388672e-01
1.266990661621093750e+00,-6.852629035711288452e-02
-3.186358690261840820e+00,2.419078826904296875e+00
1.434716463088989258e+00,1.727209091186523438e-01
-9.742937982082366943e-03,3.073872566223144531e+00
-5.385205149650573730e-01,-4.137685894966125488e-01
-7.603104710578918457e-01,1.307071089744567871e+00
1.094936609268188477e+00,1.039720416069030762e+00
-2.045396089553833008e+00,2.666773796081542969e-01
-1.998392939567565918e+00,-1.785463929176330566e+00
-2.859780788421630859e+00,1.693607419729232788e-01
-3.695558786392211914e+00,2.798158407211303711e+00
8.061401546001434326e-02,4.805645465850830078e+00
-1.205639123916625977e+00,3.886207818984985352e+00
-2.510574340820312500e+00,1.614776134490966797e+00
8.206463456153869629e-01,-5.467878580093383789e-01
-1.224247574806213379e+00,3.408248662948608398e+00
-2.041903495788574219e+00,4.400095045566558838e-01
8.721426725387573242e-01,3.179054498672485352e+00
8.561438918113708496e-01,1.192681550979614258e+00
-2.655407190322875977e+00,-3.261442899703979492e+00
-2.636358499526977539e+00,1.651197224855422974e-01
-3.332799196243286133e+00,-1.570131421089172363e+00
-2.574434280395507812e+00,-2.687504291534423828e-01
-3.763813495635986328e+00,2.271302938461303711e+00
-1.216598749160766602e+00,5.095923900604248047e+00
-4.497926712036132812e+00,2.179000616073608398e+00
-5.916171073913574219e-01,1.850612163543701172e+00
-1.889397025108337402e+00,-3.500513315200805664e+00
-1.063015103340148926e+00,4.904566764831542969e+00
-3.922762870788574219e+00,2.539278745651245117e+00
-3.196519851684570312e+00,4.251512587070465088e-01
1.071879744529724121e+00,-1.799568057060241699e+00
2.632376551628112793e-01,-1.508911013603210449e+00
-6.840676665306091309e-01,4.822696685791015625e+00
-4.763179779052734375e+00,3.568091988563537598e-01
-2.192214578390121460e-01,-1.284895658493041992e+00
1.482671856880187988e+00,1.172801256179809570e-01
9.217797517776489258e-01,2.591536998748779297e+00
7.823399305343627930e-01,1.823285698890686035e+00
-1.980424165725708008e+00,4.646734237670898438e+00
2.482738256454467773e+00,1.186820641160011292e-01
1.517462968826293945e+00,4.653721809387207031e+00
-1.928022146224975586e+00,-3.306792974472045898e-01
-1.052635192871093750e+00,2.498821735382080078e+00
2.384189605712890625e+00,2.440990924835205078e+00
-4.194757461547851562e+00,4.494892358779907227e-01
-4.099061489105224609e+00,1.101109266281127930e+00
-3.237541437149047852e+00,2.828438043594360352e+00
-1.049467921257019043e+00,-1.386216998100280762e+00
9.873640537261962891e-01,-9.819813966751098633e-01
-3.365563392639160156e+00,2.706900835037231445e-01
-4.344419479370117188e+00,-1.001315355300903320e+00
-2.706763744354248047e+00,-1.653459191322326660e+00
7.124115228652954102e-01,1.821276664733886719e+00
-9.133815169334411621e-01,-2.106471776962280273e+00
-4.555482864379882812e+00,4.421133399009704590e-01
1.517881989479064941e+00,2.736716508865356445e+00
-4.559966564178466797e+00,1.349049210548400879e+00
-2.690103352069854736e-01,2.819179058074951172e+00
-2.537291288375854492e+00,-3.315790891647338867e+00
-3.148475885391235352e+00,-5.363447070121765137e-01
2.204325199127197266e+00,-8.986198902130126953e-01
-2.830715179443359375e+00,1.402864336967468262e+00
-1.260135293006896973e+00,1.521320044994354248e-01
-1.227329730987548828e+00,4.743345737457275391e+00
-3.298464775085449219e+00,-1.642979145050048828e+00
-4.529952526092529297e+00,4.623213112354278564e-01
-1.791142940521240234e+00,-9.669474959373474121e-01
2.767207384109497070e+00,2.449020147323608398e+00
2.652065515518188477e+00,1.933775782585144043e+00
-1.480644583702087402e+00,4.925438880920410156e+00
2.730840444564819336e+00,1.427685856819152832e+00
1.259442120790481567e-01,1.368246436119079590e+00
-1.076469063758850098e+00,3.281879127025604248e-01
-1.182746529579162598e+00,4.893573760986328125e+00
-2.709305047988891602e+00,2.432519912719726562e+00
1.258961915969848633e+00,4.755890369415283203e+00
-1.204275965690612793e+00,3.594309091567993164e+00
1.095996618270874023e+00,4.791355609893798828e+00
9.686912298202514648e-01,-1.746797919273376465e+00
2.525321483612060547e+00,2.635411739349365234e+00
2.537921071052551270e-01,1.633473396301269531e+00
-1.401179671287536621e+00,4.868350982666015625e+00
-3.456111669540405273e+00,-1.503971934318542480e+00
-1.036962270736694336e+00,-2.170066356658935547e+00
6.480336785316467285e-01,2.748572587966918945e+00
-2.793486118316650391e+00,-2.211799383163452148e+00
1.544511914253234863e+00,2.713399410247802734e+00
-3.333652019500732422e+00,2.032438993453979492e+00
8.407273888587951660e-01,1.557896137237548828e+00
-1.171289920806884766e+00,-2.341744184494018555e+00
-4.158025085926055908e-01,1.095988273620605469e+00
-4.452658295631408691e-01,4.110160350799560547e+00
-3.458118200302124023e+00,3.391332387924194336e+00
-2.984932184219360352e+00,-1.897899389266967773e+00
-2.237811088562011719e+00,5.878446698188781738e-01
5.817129090428352356e-02,2.114308118820190430e+00
1.099259138107299805e+00,5.521583557128906250e-02
-1.584179997444152832e+00,4.969151020050048828e+00
1.574941635131835938e+00,6.878571510314941406e-01
-3.090177476406097412e-01,4.621757984161376953e+00
3.338142633438110352e-01,-7.199953794479370117e-01
-1.692462801933288574e+00,2.494211435317993164e+00
-1.595875322818756104e-01,3.655020713806152344e+00
1.347765564918518066e+00,2.453586339950561523e+00
-3.172230005264282227e+00,2.659584581851959229e-01
-1.691904306411743164e+00,4.524483680725097656e+00
-4.219812393188476562e+00,-2.810378372669219971e-01
-1.400195717811584473e+00,5.774677395820617676e-01
-2.024865388870239258e+00,-8.041610121726989746e-01
1.911563873291015625e+00,-1.165091633796691895e+00
1.327635169029235840e+00,-6.812116503715515137e-02
-1.706814408302307129e+00,2.038765192031860352e+00
-1.082708910107612610e-01,3.760742425918579102e+00
2.842344999313354492e+00,-7.485700845718383789e-01
-3.261563479900360107e-01,4.693104743957519531e+00
1.625949442386627197e-01,1.390497446060180664e+00
-3.161162853240966797e+00,6.193313747644424438e-02
-2.423370122909545898e+00,2.007627964019775391e+00
-4.877216339111328125e+00,-7.435383200645446777e-01
-2.566980123519897461e-01,3.816239118576049805e+00
-1.214658379554748535e+00,8.217518329620361328e-01
-4.169057846069335938e+00,7.633131742477416992e-01
-6.596111655235290527e-01,2.451854705810546875e+00
-2.856836795806884766e+00,2.713640451431274414e+00
4.246661961078643799e-01,2.613104581832885742e+00
-2.561090469360351562e+00,7.038770914077758789e-01
3.129969120025634766e+00,2.619549930095672607e-01
-1.053390055894851685e-01,-7.475066781044006348e-01
1.860971689224243164e+00,1.671116709709167480e+00
-3.602863788604736328e+00,-8.090486526489257812e-01
-1.479717642068862915e-01,2.019203662872314453e+00
1.499914646148681641e+00,3.760758876800537109e+00
9.778572320938110352e-01,-9.924680590629577637e-01
-3.746060609817504883e+00,-4.846689850091934204e-02
1.826854705810546875e+00,3.344295024871826172e+00
-4.402270317077636719e+00,1.015021681785583496e+00
5.462065935134887695e-01,1.926497101783752441e+00
-4.578313827514648438e+00,-1.883804798126220703e-01
-1.253802537918090820e+00,2.944754600524902344e+00
1.078736543655395508e+00,1.928246378898620605e+00
-2.457841873168945312e+00,-9.525359869003295898e-01
-4.861545085906982422e+00,1.967456459999084473e+00
-1.425746560096740723e+00,-1.542578339576721191e+00
-3.330539703369140625e+00,2.893970966339111328e+00
-2.428189814090728760e-01,1.476257205009460449e+00
7.260592579841613770e-01,4.829210042953491211e-01
-2.003473281860351562e+00,-3.354022502899169922e+00
1.534786820411682129e+00,1.294014453887939453e+00
-1.060659050941467285e+00,4.654146671295166016e+00
-2.851731061935424805e+00,-5.480237603187561035e-01
-4.412555694580078125e+00,2.616213798522949219e+00
-1.797551155090332031e+00,1.700445771217346191e+00
-2.860344946384429932e-02,2.959189176559448242e+00
-2.771494686603546143e-01,3.712675809860229492e+00
-2.608533620834350586e+00,-3.628000617027282715e-01
-2.627060174942016602e+00,-3.266569137573242188e+00
-7.260136604309082031e-01,4.037569999694824219e+00
-1.505425810813903809e+00,3.038377523422241211e+00
-4.720981121063232422e+00,3.152900338172912598e-01
1.376627683639526367e+00,3.786330461502075195e+00
1.073997020721435547e+00,-7.306882143020629883e-01
-3.286931753158569336e+00,4.533656537532806396e-01
3.709887862205505371e-01,4.149391651153564453e+00
-2.263176441192626953e+00,2.161966562271118164e-01
1.888861358165740967e-01,1.552596926689147949e+00
-1.044270038604736328e+00,-3.815996348857879639e-01
-2.315988779067993164e+00,1.428216218948364258e+00
1.381461262702941895e+00,4.599037766456604004e-01
-1.657307267189025879e+00,1.842867970466613770e+00
1.017485499382019043e+00,-7.156674265861511230e-01
-2.353389412164688110e-01,4.625055789947509766e+00
9.515818208456039429e-02,3.935051918029785156e+00
-3.114018678665161133e+00,7.136313319206237793e-01
-1.181333899497985840e+00,3.641489505767822266e+00
9.654007852077484131e-02,4.797985553741455078e+00
-5.119864940643310547e+00,1.015826463699340820e+00
4.591146707534790039e-01,1.863520503044128418e+00
-1.805817723274230957e+00,-1.264311671257019043e+00
-1.369736909866333008e+00,1.350622296333312988e+00
-4.613775908946990967e-01,2.958975434303283691e-01
1.720698922872543335e-01,3.703141927719116211e+00
-1.449427604675292969e+00,-6.126604080200195312e-01
-2.833734989166259766e+00,6.441675871610641479e-02
2.406426906585693359e+00,2.717580556869506836e+00
4.637575447559356689e-01,3.852171659469604492e+00
-2.630776643753051758e+00,-1.341940641403198242e+00
-4.741422832012176514e-01,-2.027748972177505493e-01
-1.926045536994934082e+00,3.558571934700012207e-01
1.280414611101150513e-01,9.569001197814941406e-01
2.556233167648315430e+00,1.632187008857727051e+00
2.924781799316406250e+00,-5.242372676730155945e-02
-2.125510454177856445e+00,4.327786922454833984e+00
1.002798318862915039e+00,3.249473571777343750e+00
2.212065458297729492e+00,2.482778549194335938e+00
1.784390449523925781e+00,4.132140636444091797e+00
1.131417155265808105e+00,3.949966728687286377e-01
-3.912529468536376953e+00,-1.183973789215087891e+00
-3.362389564514160156e+00,2.315724134445190430e+00
1.621307373046875000e+00,4.207459449768066406e+00
-4.317289352416992188e+00,-7.286581993103027344e-01
9.069552421569824219e-01,1.747787475585937500e+00
-3.333230257034301758e+00,-2.393706083297729492e+00
2.912919819355010986e-01,3.202572345733642578e+00
1.562176704406738281e+00,-3.938915133476257324e-01
8.884497880935668945e-01,2.038100957870483398e+00
-2.047485351562500000e+00,1.126634001731872559e+00
2.668891668319702148e+00,2.781370878219604492e+00
-2.176585912704467773e+00,3.136397838592529297e+00
2.381035566329956055e+00,1.850365638732910156e+00
-5.787693262100219727e-01,1.761386632919311523e+00
-1.085985064506530762e+00,2.441158056259155273e+00
-9.371938109397888184e-01,-1.182722330093383789e+00
-8.201503157615661621e-01,4.166224479675292969e+00
-1.225834608078002930e+00,-1.934782415628433228e-02
-3.512483119964599609e+00,1.002389907836914062e+00
-1.675136685371398926e+00,4.928797245025634766e+00
1.656742691993713379e-01,4.873920440673828125e+00
2.437242031097412109e+00,8.133828043937683105e-01
-2.229898929595947266e+00,8.584434986114501953e-01
-2.123054027557373047e+00,2.989199876785278320e+00
-4.718050956726074219e+00,-3.998755812644958496e-01
-2.679485082626342773e+00,2.941074669361114502e-01
1.927826285362243652e+00,2.050031423568725586e+00
-1.088255763053894043e+00,1.934226870536804199e+00
-1.570095896720886230e+00,2.253331184387207031e+00
2.122669935226440430e+00,3.321351766586303711e+00
-4.984429776668548584e-01,-4.457089304924011230e-01
-6.618478894233703613e-01,5.015650272369384766e+00
1.330183148384094238e+00,3.853257656097412109e+00
-3.535218954086303711e+00,1.762062311172485352e+00
3.042991757392883301e-01,-1.801610708236694336e+00
-3.338189601898193359e+00,1.653347730636596680e+00
-4.643507003784179688e+00,2.060308933258056641e+00
2.010344028472900391e+00,-1.023245215415954590e+00
1.376715183258056641e+00,1.754245460033416748e-01
8.659152984619140625e-01,-7.432910203933715820e-01
-2.061378717422485352e+00,4.135617733001708984e+00
5.754923820495605469e-01,3.230103254318237305e+00
-4.073007583618164062e+00,7.989721298217773438e-01
-1.421606540679931641e+00,6.768183112144470215e-01
2.785379648208618164e+00,1.445648193359375000e+00
-2.486784219741821289e+00,1.538226723670959473e+00
-4.439014911651611328e+00,2.630256414413452148e+00
-1.840365409851074219e+00,3.398146390914916992e+00
1.446438431739807129e+00,3.194149971008300781e+00
-2.483107328414916992e+00,2.940698862075805664e+00
-3.495074748992919922e+00,-2.677009105682373047e-01
-2.506738901138305664e-01,1.116917014122009277e+00
4.974391162395477295e-01,-1.474551677703857422e+00
1.494462251663208008e+00,2.175380468368530273e+00
7.591640949249267578e-01,1.735149502754211426e+00
-1.117693066596984863e+00,-2.951561212539672852e-01
-4.280115604400634766e+00,3.308069407939910889e-01
3.797601759433746338e-01,4.223855495452880859e+00
7.839146852493286133e-01,-6.631112098693847656e-01
4.061865210533142090e-01,2.789099454879760742e+00
-8.616328239440917969e-01,2.415729284286499023e+00
-1.271247029304504395e+00,6.845234036445617676e-01
3.088119268417358398e+00,-3.772752583026885986e-01
1.543977022171020508e+00,-7.727426886558532715e-01
-2.068881511688232422e+00,1.207628250122070312e+00
-4.019436836242675781e+00,-9.609798341989517212e-02
-2.328166484832763672e+00,1.219550251960754395e+00
-1.367333412170410156e+00,4.064508914947509766e+00
-2.593200206756591797e+00,2.315831661224365234e+00
7.988058328628540039e-01,4.560060024261474609e+00
1.054186701774597168e+00,-1.293105125427246094e+00
-3.315019130706787109e+00,-1.615417242050170898e+00
-4.107100009918212891e+00,-6.988376379013061523e-01
-2.639764547348022461e+00,8.930088877677917480e-01
-6.463926434516906738e-01,2.351984977722167969e+00
-1.930039405822753906e+00,-8.763310909271240234e-01
-1.992347836494445801e+00,4.307701587677001953e-01
1.130479574203491211e+00,4.320136070251464844e+00
-1.436193704605102539e+00,1.498625278472900391e-01
1.976554542779922485e-01,-2.784914255142211914e+00
-1.823361396789550781e+00,3.864793479442596436e-01
3.790834546089172363e-01,3.335624694824218750e+00
-3.002540588378906250e+00,1.713326930999755859e+00
7.135804295539855957e-01,1.966675877571105957e+00
5.424648523330688477e-01,3.488523006439208984e+00
2.133488893508911133e+00,3.150530576705932617e+00
-2.241987705230712891e+00,2.698334932327270508e+00
-1.892244935035705566e+00,-2.920519590377807617e+00
2.488956451416015625e+00,-1.105726480484008789e+00
-3.456879615783691406e+00,-2.764230489730834961e+00
1.424783825874328613e+00,1.828056335449218750e+00
2.574892282485961914e+00,1.797938704490661621e+00
-9.069457054138183594e-01,2.899889469146728516e+00
-2.918150663375854492e+00,3.258926391601562500e+00
-1.266909241676330566e+00,3.649682044982910156e+00
-2.867122411727905273e+00,2.407798767089843750e+00
-1.705738902091979980e+00,6.109521985054016113e-01
-1.848152637481689453e+00,1.880232453346252441e+00
-2.705227434635162354e-01,-1.349447488784790039e+00
-1.906331300735473633e+00,-1.909235239028930664e+00
9.359970688819885254e-01,4.290904998779296875e+00
1.501528501510620117e+00,2.360717296600341797e+00
-1.242510437965393066e+00,3.586535692214965820e+00
1.072490811347961426e+00,4.381347179412841797e+00
-3.095216035842895508e+00,5.149093866348266602e-01
6.696917414665222168e-01,4.867455005645751953e+00
-4.408600807189941406e+00,-1.204118967056274414e+00
-1.713233947753906250e+00,1.942972660064697266e+00
-2.000118970870971680e+00,-1.761033177375793457e+00
2.071734189987182617e+00,1.608338117599487305e+00
-2.298949480056762695e+00,1.361756563186645508e+00
1.918925285339355469e+00,1.389471292495727539e+00
6.884203553199768066e-01,2.371207952499389648e+00
-1.676679551601409912e-01,1.915873289108276367e+00
-5.904355049133300781e-01,3.697383403778076172e+00
-9.851585030555725098e-01,-2.133389413356781006e-01
-4.176666259765625000e+00,-6.982598304748535156e-01
-2.836002588272094727e+00,2.149636507034301758e+00
1.029204726219177246e+00,2.443703889846801758e+00
-2.161932706832885742e+00,2.680034637451171875e+00
-1.919951677322387695e+00,4.452882289886474609e+00
-2.558914184570312500e+00,2.445772171020507812e+00
-4.720030128955841064e-01,3.247827053070068359e+00
-3.877878427505493164e+00,-1.287076950073242188e+00
-6.616089940071105957e-01,4.552512645721435547e+00
-2.323977708816528320e+00,1.975919842720031738e+00
1.024741411209106445e+00,2.514488458633422852e+00
-3.943539381027221680e+00,-1.545573711395263672e+00
-4.380735158920288086e-01,4.412013530731201172e+00
-6.197268366813659668e-01,2.003817558288574219e+00
-4.589314937591552734e+00,-1.261454463005065918e+00
1.617352485656738281e+00,4.695178985595703125e+00
-3.721979141235351562e+00,-4.989696294069290161e-02
7.881392836570739746e-01,2.071873426437377930e+00
2.493198156356811523e+00,-6.299870014190673828e-01
-1.817085146903991699e+00,4.894167900085449219e+00
2.342496156692504883e+00,2.650335550308227539e+00
1.432580113410949707e+00,6.117474436759948730e-01
-3.267567873001098633e+00,2.229937791824340820e+00
-3.657445430755615234e+00,3.374532222747802734e+00
-3.808603048324584961e+00,-6.733799576759338379e-01
-9.320299029350280762e-01,-2.082725524902343750e+00
-5.727483034133911133e-01,3.251937627792358398e+00
-1.363181829452514648e+00,2.205409049987792969e+00
-3.037507772445678711e+00,-3.498163819313049316e-02
-7.248388528823852539e-01,1.076078176498413086e+00
-2.018767118453979492e+00,1.112612247467041016e+00
-2.151674181222915649e-01,2.718682289123535156e+00
-8.578293919563293457e-01,-8.300986289978027344e-01
7.100504040718078613e-01,3.594608545303344727e+00
-5.164224147796630859e+00,8.508951663970947266e-01
1.682024717330932617e+00,2.221927165985107422e+00
-1.065946340560913086e+00,1.439674973487854004e+00
4.576141536235809326e-01,2.426736354827880859e+00
-3.319973707199096680e+00,-2.764592647552490234e+00
-1.037463665008544922e+00,-1.046620845794677734e+00
-1.332547068595886230e+00,4.688312053680419922e+00
7.425634562969207764e-02,2.202492713928222656e+00
-3.929679870605468750e+00,2.562509775161743164e+00
-3.141524314880371094e+00,3.388077318668365479e-01
-3.331917762756347656e+00,-9.143668413162231445e-01
3.710189461708068848e-01,1.826786398887634277e+00
-4.625611305236816406e+00,1.262723922729492188e+00
-2.818790674209594727e+00,9.044002890586853027e-01
-3.401892185211181641e+00,1.087313175201416016e+00
-1.468432664871215820e+00,5.780594944953918457e-01
1.013844251632690430e+00,4.321925640106201172e+00
-2.453116178512573242e+00,1.934577107429504395e+00
-9.228283762931823730e-01,2.407974720001220703e+00
-2.015171766281127930e+00,2.217655658721923828e+00
-3.692005872726440430e+00,-2.598875761032104492e+00
-4.823183536529541016e+00,1.996238589286804199e+00
4.735752940177917480e-02,2.524971485137939453e+00
-3.461417675018310547e+00,-2.748266458511352539e+00
-4.052376747131347656e+00,-7.518483400344848633e-01
1.080269455909729004e+00,1.195212125778198242e+00
-6.860854029655456543e-01,9.792085736989974976e-02
-3.791103839874267578e+00,-1.214474320411682129e+00
-4.716692447662353516e+00,2.455005407333374023e+00
-6.475365757942199707e-01,-1.920060753822326660e+00
1.721126079559326172e+00,5.379887223243713379e-01
-4.799964904785156250e+00,5.386781096458435059e-01
2.242978572845458984e+00,7.673900127410888672e-01
-3.858734369277954102e-01,5.822191014885902405e-02
-1.712750077247619629e+00,6.520650982856750488e-01
5.056127309799194336e-01,4.112363979220390320e-02
-2.892750978469848633e+00,-2.585909366607666016e-01
1.418067932128906250e+00,2.169178485870361328e+00
-4.410167217254638672e+00,2.612206220626831055e+00
-4.344463348388671875e+00,6.105654835700988770e-01
-4.247601509094238281e+00,2.288359403610229492e+00
-4.767308712005615234e+00,3.348703682422637939e-01
-7.026521563529968262e-01,4.346325397491455078e+00
-1.396707057952880859e+00,1.251572728157043457e+00
-3.888948440551757812e+00,-2.555818259716033936e-01
1.395628690719604492e+00,4.237375259399414062e+00
-2.067773103713989258e+00,4.403841495513916016e+00
2.014259099960327148e+00,3.140579462051391602e+00
-2.254433870315551758e+00,2.660323381423950195e+00
-4.328865051269531250e+00,-8.289912939071655273e-01
-2.158283948898315430e+00,2.884369611740112305e+00
-2.481226444244384766e+00,1.171491622924804688e+00
2.964896202087402344e+00,1.534155249595642090e+00
-3.448995351791381836e+00,-2.752174854278564453e+00
-3.015759944915771484e+00,-7.488933205604553223e-01
-4.779336452484130859e+00,2.390958786010742188e+00
-4.480932712554931641e+00,1.761872768402099609e+00
-1.378243207931518555e+00,3.163091659545898438e+00
4.674844741821289062e-01,4.092945098876953125e+00
3.017008543014526367e+00,-3.665088415145874023e-01
-4.527458190917968750e+00,1.269107818603515625e+00
-3.052776336669921875e+00,1.577804088592529297e+00
-8.171709179878234863e-01,-1.791269302368164062e+00
-2.584204912185668945e+00,-3.218570232391357422e+00
-3.971429824829101562e+00,1.674609780311584473e+00
-1.516782641410827637e+00,1.750711679458618164e+00
-8.811453580856323242e-01,4.729794025421142578e+00
-1.955214738845825195e+00,-4.813730120658874512e-01
-1.963225603103637695e+00,1.662461757659912109e+00
-3.601220369338989258e+00,2.756233930587768555e+00
-3.764500379562377930e+00,2.352631568908691406e+00
-4.711824417114257812e+00,-3.578926920890808105e-01
-2.601555585861206055e+00,-3.227841138839721680e+00
6.901588439941406250e-01,1.182429671287536621e+00
-2.914756536483764648e+00,1.570693969726562500e+00
-1.496870398521423340e+00,3.300276994705200195e-01
-2.034689903259277344e+00,2.166946172714233398e+00
1.145041063427925110e-01,2.256837129592895508e+00
4.731538593769073486e-01,-2.352911949157714844e+00
1.563845515251159668e+00,-7.280369997024536133e-01
4.011708796024322510e-01,3.266301870346069336e+00
4.849478304386138916e-01,3.909286975860595703e+00
-2.248106956481933594e+00,3.951939344406127930e-01
-1.964344024658203125e+00,4.121707439422607422e+00
-3.915380954742431641e+00,2.688464403152465820e+00
-3.973827123641967773e+00,1.724248409271240234e+00
1.169726490974426270e+00,7.389775514602661133e-01
-3.078838586807250977e+00,1.450731754302978516e+00
2.129378318786621094e+00,8.514537811279296875e-01
-3.917847871780395508e+00,2.703161954879760742e+00
1.820390820503234863e+00,9.691476821899414062e-01
-4.615187168121337891e+00,2.125319004058837891e+00
-3.179181814193725586e+00,3.606155633926391602e+00
-3.486585140228271484e+00,-8.314959406852722168e-01
-3.408076763153076172e+00,-1.356925249099731445e+00
-5.596660375595092773e-01,8.243643045425415039e-01
-1.193427801132202148e+00,3.894968271255493164e+00
9.116233587265014648e-01,3.280608177185058594e+00
-3.717386960983276367e+00,1.387359976768493652e+00
-3.258859157562255859e+00,1.049732089042663574e+00
-1.853292942047119141e+00,-9.696065187454223633e-01
1.765722036361694336e+00,2.253273010253906250e+00
1.417139530181884766e+00,1.490317940711975098e+00
-1.769554972648620605e+00,5.098409056663513184e-01
-1.131697654724121094e+00,-5.388543009757995605e-01
-2.168123960494995117e+00,-1.805993080139160156e+00
-1.273930430412292480e+00,3.711188554763793945e+00
-2.962199926376342773e+00,7.499044537544250488e-01
-1.314794778823852539e+00,-1.368446350097656250e+00
1.029898285865783691e+00,1.450880527496337891e+00
-9.310309290885925293e-01,4.526928424835205078e+00
-3.772184133529663086e+00,9.131447076797485352e-01
8.425238132476806641e-01,-9.780192971229553223e-01
-3.317881345748901367e+00,3.188002586364746094e+00
-3.971386194229125977e+00,1.674565672874450684e+00
-5.535628199577331543e-01,2.168627977371215820e+00
-4.387206554412841797e+00,1.253264427185058594e+00
6.337419152259826660e-01,1.769997358322143555e+00
2.213735342025756836e+00,1.794138908386230469e+00
-1.920859575271606445e+00,2.872788429260253906e+00
1.395269870758056641e+00,1.033596873283386230e+00
1.484519124031066895e+00,2.744190216064453125e+00
1.988043427467346191e+00,6.010360717773437500e-01
-1.354101777076721191e+00,-5.214492082595825195e-01
-1.153006076812744141e+00,4.957701206207275391e+00
-4.106801375746726990e-02,2.103276729583740234e+00
-4.979302406311035156e+00,3.802772760391235352e-01
1.862048625946044922e+00,-1.271351218223571777e+00
-1.275840282440185547e+00,1.524698972702026367e+00
-1.563278317451477051e+00,1.916923761367797852e+00
-2.103127002716064453e+00,2.851068496704101562e+00
-1.990872144699096680e+00,1.206908702850341797e+00
-2.411069154739379883e+00,-2.383438795804977417e-01
9.133903980255126953e-01,-5.019327998161315918e-01
-1.999158978462219238e+00,7.516707777976989746e-01
-2.904560804367065430e+00,1.344303011894226074e+00
1.859059572219848633e+00,1.761727213859558105e+00
2.034755945205688477e+00,2.097320079803466797e+00
-1.033315658569335938e+00,1.328382253646850586e+00
-3.531970262527465820e+00,-8.205456137657165527e-01
2.341536521911621094e+00,1.556684613227844238e+00
-2.557970285415649414e+00,2.837959051132202148e+00
-3.667809009552001953e+00,-9.800420403480529785e-01
-1.882707357406616211e+00,1.285936474800109863e+00
-3.599583864212036133e+00,1.879312753677368164e+00
-3.442843675613403320e+00,6.777940988540649414e-01
-4.497086524963378906e+00,1.266796112060546875e+00
1.770082235336303711e+00,1.019449472427368164e+00
-2.176834821701049805e+00,1.961329102516174316e+00
-1.836914777755737305e+00,4.475697994232177734e+00
2.806249856948852539e+00,1.273224115371704102e+00
9.776014834642410278e-02,-2.890257596969604492e+00
1.688778400421142578e-01,6.231328248977661133e-01
-2.615590095520019531e+00,9.938872456550598145e-01
-4.415010809898376465e-01,4.417501449584960938e+00
-1.556753635406494141e+00,5.019594669342041016e+00
1.775433540344238281e+00,4.065865039825439453e+00
-3.951277732849121094e+00,6.654476523399353027e-01
1.013119339942932129e+00,3.813192605972290039e+00
-1.862430453300476074e+00,-3.901831209659576416e-01
4.899167120456695557e-01,-5.750303342938423157e-02
1.935969591140747070e-01,5.756003782153129578e-02
1.235519051551818848e+00,3.995119035243988037e-01
9.649741053581237793e-01,4.375059127807617188e+00
1.620232343673706055e+00,1.038349747657775879e+00
-2.037721157073974609e+00,3.152703344821929932e-01
-1.848311781883239746e+00,-3.164278268814086914e+00
-9.885148406028747559e-01,3.009277105331420898e+00
1.563438773155212402e+00,5.167545080184936523e-01
2.856566011905670166e-01,3.300938606262207031e+00
-3.439790964126586914e+00,-2.232805967330932617e+00
-2.767107009887695312e+00,9.397528767585754395e-01
-1.328648209571838379e+00,4.310683727264404297e+00
1.865686416625976562e+00,2.342449665069580078e+00
7.911540269851684570e-01,3.706890344619750977e+00
-1.542528986930847168e+00,4.783737957477569580e-01
-3.782871723175048828e+00,6.681718826293945312e-01
3.327286243438720703e-01,4.911732196807861328e+00
-1.967002302408218384e-01,4.194207191467285156e+00
-3.259936332702636719e+00,1.951043486595153809e+00
5.281889438629150391e-01,3.499289512634277344e+00
1.804992258548736572e-01,-6.670323610305786133e-01
-2.723853349685668945e+00,7.749917507171630859e-01
-2.802910566329956055e+00,-3.152488470077514648e-01
-5.685868859291076660e-01,1.841104984283447266e+00
-4.688358783721923828e+00,2.113851785659790039e+00
-1.393910765647888184e+00,3.333582401275634766e+00
-4.672079563140869141e+00,-3.740656003355979919e-02
4.461723268032073975e-01,1.950806975364685059e-01
-3.337180852890014648e+00,1.963711857795715332e+00
2.978963777422904968e-02,4.873857498168945312e+00
2.775655984878540039e+00,1.489166378974914551e+00
-2.174960851669311523e+00,3.212053775787353516e+00
1.467314269393682480e-02,4.253824710845947266e+00
2.827462196350097656e+00,9.283417463302612305e-01
-3.680960416793823242e+00,3.516844749450683594e+00
-1.215160727500915527e+00,3.475540876388549805e+00
-1.515248298645019531e+00,3.930973291397094727e+00
2.160699605941772461e+00,1.345710277557373047e+00
-3.285364866256713867e+00,3.617261409759521484e+00
-2.467667162418365479e-01,4.249681949615478516e+00
-1.846538901329040527e+00,3.904708862304687500e+00
7.911471128463745117e-01,9.926107525825500488e-01
1.481066465377807617e+00,3.100821495056152344e+00
1.231192231178283691e+00,1.712669491767883301e+00
-2.228415489196777344e+00,2.037348985671997070e+00
-3.989226818084716797e+00,1.725034832954406738e+00
1.083669960498809814e-01,1.165833234786987305e+00
-1.687875866889953613e+00,-1.181056141853332520e+00
-1.592693328857421875e+00,-1.912077665328979492e-01
-1.971738576889038086e+00,7.488409876823425293e-01
6.482124924659729004e-01,2.453984498977661133e+00
3.328917026519775391e-01,4.712285995483398438e+00
-3.376213788986206055e+00,-9.418759346008300781e-01
2.790459394454956055e+00,1.339873671531677246e+00
-2.915165424346923828e+00,2.768712282180786133e+00
3.172059059143066406e-01,4.317162036895751953e+00
1.774504184722900391e-01,-6.171709299087524414e-01
-5.082497596740722656e+00,4.000674784183502197e-01
6.208691596984863281e-01,1.328295707702636719e+00
-1.905008435249328613e+00,-3.109145164489746094e+00
-4.357298851013183594e+00,-7.520685791969299316e-01
9.154440760612487793e-01,-1.326309680938720703e+00
2.579252958297729492e+00,2.508978843688964844e+00
-2.119050979614257812e+00,2.442933082580566406e+00
-4.172332763671875000e+00,9.613636136054992676e-01
1.393251895904541016e+00,3.710605859756469727e+00
1.792644858360290527e+00,1.887987107038497925e-01
-4.978792965412139893e-01,3.636740446090698242e+00
-1.552480101585388184e+00,2.409007072448730469e+00
-2.638656139373779297e+00,2.258566141128540039e+00
-2.218967378139495850e-01,2.808785676956176758e+00
-3.642975911498069763e-02,4.454740047454833984e+00
-3.633670568466186523e+00,2.259185552597045898e+00
2.649513006210327148e+00,3.343431353569030762e-01
-5.699548125267028809e-01,-2.078524827957153320e-01
2.661781549453735352e+00,1.835599184036254883e+00
-1.201472043991088867e+00,-3.648930549621582031e+00
2.160820007324218750e+00,1.302914619445800781e+00
-1.467451930046081543e+00,1.332737445831298828e+00
1.828939467668533325e-01,1.729068160057067871e+00
-3.505558371543884277e-01,4.301488399505615234e+00
-3.824780941009521484e+00,3.597549438476562500e+00
-5.179099082946777344e+00,1.011483073234558105e+00
-1.028512716293334961e+00,3.492183923721313477e+00
-2.804951429367065430e+00,2.690243959426879883e+00
-3.010731697082519531e+00,2.316572189331054688e+00
-3.526612520217895508e+00,-9.978928565979003906e-01
9.681299328804016113e-01,1.786585688591003418e+00
6.842830181121826172e-01,2.504642248153686523e+00
-2.035053491592407227e+00,-3.451711237430572510e-01
-2.519078493118286133e+00,1.200451731681823730e+00
-1.862250566482543945e+00,-3.536610841751098633e+00
2.274307250976562500e+00,3.310363292694091797e+00
-2.743128776550292969e+00,2.072207778692245483e-01
2.628850460052490234e+00,-1.079147100448608398e+00
-2.104014635086059570e+00,-3.121480941772460938e+00
-3.342523574829101562e+00,3.056843757629394531e+00
6.303766369819641113e-01,-1.479066133499145508e+00
-1.008057832717895508e+00,1.328913331031799316e+00
-4.190236091613769531e+00,-1.904994845390319824e+00
2.233562231063842773e+00,1.995049476623535156e+00
-2.900298833847045898e+00,2.538953542709350586e+00
1.020555615425109863e+00,4.190399646759033203e+00
4.255367219448089600e-01,6.398910284042358398e-01
-5.257950723171234131e-02,3.659477949142456055e+00
-4.023310661315917969e+00,2.065931558609008789e+00
-4.059136867523193359e+00,-1.970559358596801758e-01
-4.108621120452880859e+00,-6.035535931587219238e-01
-2.043929576873779297e+00,1.906313896179199219e+00
-3.203299939632415771e-01,7.694110274314880371e-01
-4.033094406127929688e+00,2.511220455169677734e+00
1.219637751579284668e+00,3.699498176574707031e+00
-1.138460636138916016e+00,8.427600562572479248e-02
-1.281591415405273438e+00,-9.611644595861434937e-02
-1.410064458847045898e+00,7.264044880867004395e-01
-7.926370501518249512e-01,2.027185678482055664e+00
-2.845172166824340820e+00,2.682373046875000000e+00
8.226130604743957520e-01,2.078597068786621094e+00
1.224138259887695312e+00,-1.845276057720184326e-01
-3.416974067687988281e+00,-2.167424678802490234e+00
-5.127846240997314453e+00,1.045453548431396484e+00
-6.709724068641662598e-01,2.440618991851806641e+00
-3.291330635547637939e-01,3.949151515960693359e+00
-1.406263709068298340e+00,2.241382122039794922e+00
-2.197144031524658203e+00,-3.075492858886718750e+00
1.625442504882812500e+00,1.998445630073547363e+00
9.866772294044494629e-01,8.812084794044494629e-01
-2.263043403625488281e+00,4.117636680603027344e+00
-2.418085098266601562e+00,1.540758609771728516e+00
-2.421261548995971680e+00,2.023921012878417969e+00
-2.343464612960815430e+00,-3.632495552301406860e-02
2.697455644607543945e+00,2.380565926432609558e-02
-2.415567636489868164e+00,3.324960470199584961e-01
-4.555149078369140625e+00,2.519003391265869141e+00
-3.154169797897338867e+00,2.028539180755615234e+00
-4.600225925445556641e+00,1.302368402481079102e+00
-4.019450664520263672e+00,1.087307095527648926e+00
-1.105519175529479980e+00,4.340434372425079346e-01
-1.960327267646789551e+00,4.908706665039062500e+00
-4.632539451122283936e-01,4.391741752624511719e-01
-3.990314722061157227e+00,2.669096708297729492e+00
-3.197267055511474609e+00,3.792253017425537109e+00
2.416351437568664551e-01,1.030284523963928223e+00
3.082517623901367188e+00,1.825581312179565430e+00
-3.631301879882812500e+00,-7.351164221763610840e-01
8.923643827438354492e-01,2.802513360977172852e+00
-3.873359918594360352e+00,8.109356164932250977e-01
-2.328794479370117188e+00,2.584718465805053711e+00
-1.782360434532165527e+00,4.979972362518310547e+00
-3.812132358551025391e+00,-6.487461328506469727e-01
-4.626655101776123047e+00,1.105594635009765625e+00
-2.856375455856323242e+00,6.247708797454833984e-01
-1.991928339004516602e+00,-3.443809032440185547e+00
2.500610351562500000e+00,2.847600281238555908e-01
2.718686163425445557e-01,3.209757328033447266e+00
1.241367578506469727e+00,3.570510149002075195e+00
-9.756723642349243164e-01,3.821203947067260742e+00
-1.098719716072082520e+00,2.380478143692016602e+00
-6.754629611968994141e-01,1.333581924438476562e+00
1.724296808242797852e+00,1.044057607650756836e+00
-3.128578662872314453e+00,-2.615315914154052734e-01
3.179454565048217773e+00,3.385419547557830811e-01
-2.834833860397338867e+00,3.464311361312866211e+00
-1.426239013671875000e+00,1.323964715003967285e+00
-4.007297992706298828e+00,-2.142222076654434204e-01
-2.586119651794433594e+00,-3.396324634552001953e+00
-6.349223852157592773e-01,1.846810340881347656e+00
-1.769757032394409180e+00,2.137854814529418945e+00
-2.036279678344726562e+00,-3.373026251792907715e-01
-2.543866634368896484e+00,1.472820639610290527e+00
-1.294656395912170410e+00,4.934041500091552734e+00
-3.402215719223022461e+00,4.924526214599609375e-01
3.109748840332031250e+00,4.447051882743835449e-01
-4.337965250015258789e-01,4.452077388763427734e+00
-1.948075652122497559e+00,1.279974699020385742e+00
-2.086785137653350830e-01,2.664786815643310547e+00
-9.989503026008605957e-01,4.540937423706054688e+00
-3.481968641281127930e+00,-7.331770658493041992e-01
-3.470798015594482422e+00,-9.682915806770324707e-01
1.070851683616638184e+00,2.277239322662353516e+00
-1.356311202049255371e+00,-1.401206254959106445e+00
-5.192738056182861328e+00,1.368432641029357910e-01
8.133864402770996094e-02,5.039855957031250000e+00
-2.092042446136474609e+00,1.905841350555419922e+00
4.206715226173400879e-01,3.390287160873413086e+00
-2.124618291854858398e+00,7.788761258125305176e-01
-2.274035453796386719e+00,1.610193610191345215e+00
-1.421487212181091309e+00,-5.623058974742889404e-02
-4.000021457672119141e+00,-1.334722399711608887e+00
-2.206459522247314453e+00,-1.883837103843688965e+00
-1.109366536140441895e+00,-2.314525842666625977e+00
8.451884984970092773e-01,-8.385281562805175781e-01
-4.225126743316650391e+00,1.566945672035217285e+00
-3.079079627990722656e+00,-4.859696328639984131e-01
-2.641412973403930664e+00,1.786842584609985352e+00
1.321980915963649750e-02,-1.271017551422119141e+00
-8.916392922401428223e-01,3.352136611938476562e+00
1.328257441520690918e+00,6.514741778373718262e-01
-1.255481958389282227e+00,2.715846061706542969e+00
1.643629312515258789e+00,-6.817548871040344238e-01
2.952294111251831055e+00,-5.042161345481872559e-01
-1.625276207923889160e-01,3.839303255081176758e+00
6.703420281410217285e-01,2.046383142471313477e+00
-2.496761798858642578e+00,-3.249950647354125977e+00
-2.004662036895751953e+00,1.270069599151611328e+00
3.283087909221649170e-01,1.647693753242492676e+00
-3.965452194213867188e+00,-1.747272133827209473e+00
2.072296857833862305e+00,1.332700133323669434e+00
-2.410626888275146484e+00,1.811315298080444336e+00
9.280875921249389648e-01,-8.454508185386657715e-01
-1.925481557846069336e+00,7.807394266128540039e-01
-5.337603688240051270e-01,-9.060189872980117798e-02
-1.358313679695129395e+00,5.917900800704956055e-01
-1.428265452384948730e+00,4.029832363128662109e+00
-3.521247386932373047e+00,1.081087231636047363e+00
-4.192207813262939453e+00,3.983900249004364014e-01
-2.710654497146606445e+00,-3.314862966537475586e+00
-2.779737949371337891e+00,2.625723123550415039e+00
1.126147627830505371e+00,3.984588980674743652e-01
-3.486528396606445312e+00,1.360793471336364746e+00
-4.585953712463378906e+00,1.354837894439697266e+00
-7.495195269584655762e-01,1.944501399993896484e+00
2.352932691574096680e+00,3.524388372898101807e-01
8.189837932586669922e-01,1.208868026733398438e+00
1.349688172340393066e+00,3.212310075759887695e+00
-8.547095209360122681e-02,2.188858032226562500e+00
-2.091571569442749023e+00,2.595028162002563477e+00
-2.502728939056396484e+00,1.412332296371459961e+00
-2.598774433135986328e+00,2.595835447311401367e+00
-2.844094991683959961e+00,1.619709730148315430e-01
-1.622398853302001953e+00,-5.928441286087036133e-01
3.783492743968963623e-01,4.345866203308105469e+00
2.642248630523681641e+00,2.421721816062927246e-01
1.710175633430480957e+00,1.333862662315368652e+00
-5.865311995148658752e-02,4.392235755920410156e+00
-1.242477297782897949e+00,4.688209533691406250e+00
-7.060054540634155273e-01,-1.881036758422851562e-01
-1.930818200111389160e+00,4.835564136505126953e+00
1.373371958732604980e+00,1.946750521659851074e+00
-1.793544888496398926e+00,8.640551567077636719e-01
-4.346495628356933594e+00,-2.099775552749633789e+00
-1.922918796539306641e+00,-3.143347501754760742e+00
-3.063162088394165039e+00,9.283136725425720215e-01
-7.680033892393112183e-02,-2.677616178989410400e-01
-4.387247562408447266e+00,-8.934141993522644043e-01
4.731273651123046875e-01,3.010716736316680908e-01
6.541698575019836426e-01,5.928817391395568848e-01
2.237891912460327148e+00,-3.330622017383575439e-01
2.219482660293579102e-01,4.633454322814941406e+00
-3.170173645019531250e+00,2.239225864410400391e+00
9.218988418579101562e-01,-1.945154786109924316e+00
1.598608136177062988e+00,4.503396987915039062e+00
1.600975275039672852e+00,2.348858833312988281e+00
-3.041841983795166016e-01,4.418512821197509766e+00
-2.725211620330810547e+00,-1.184304237365722656e+00
-8.689573965966701508e-03,3.077227354049682617e+00
2.393669605255126953e+00,-8.170874416828155518e-02
2.782949447631835938e+00,-1.194470971822738647e-01
-2.227431058883666992e+00,1.699840307235717773e+00
-2.983336150646209717e-01,1.126038432121276855e+00
-3.103455543518066406e+00,3.599707841873168945e+00
-1.572140216827392578e+00,2.535474300384521484e+00
-2.085876941680908203e+00,3.052085876464843750e+00
-2.783890247344970703e+00,7.879018783569335938e-01
-4.487264454364776611e-01,4.979192912578582764e-01
2.137313842773437500e+00,-7.210239171981811523e-01
8.191706538200378418e-01,-1.225553512573242188e+00
-7.046806216239929199e-01,2.228193283081054688e+00
-4.002398014068603516e+00,-7.960803508758544922e-01
-2.664174318313598633e+00,-1.238665938377380371e+00
9.527896046638488770e-01,2.692413091659545898e+00
-2.800130605697631836e+00,-3.144096851348876953e+00
1.433564782142639160e+00,2.301324844360351562e+00
9.053005576133728027e-01,3.184590578079223633e+00
-3.236531734466552734e+00,2.407973527908325195e+00
2.504785537719726562e+00,1.473384618759155273e+00
1.388538718223571777e+00,7.271827757358551025e-02
1.054343938827514648e+00,-8.264569044113159180e-01
1.653564691543579102e+00,3.223674774169921875e+00
9.994087219238281250e-01,-6.679309904575347900e-02
-3.703330993652343750e+00,7.006088495254516602e-01
-1.387307882308959961e+00,2.269610643386840820e+00
-4.828206062316894531e+00,-9.840707182884216309e-01
-3.474602699279785156e+00,-7.210199832916259766e-01
2.159481287002563477e+00,2.381999969482421875e+00
5.935598611831665039e-01,9.846519231796264648e-01
-4.377624511718750000e+00,-1.296692132949829102e+00
9.046698808670043945e-01,3.197196960449218750e+00
2.618255853652954102e+00,1.477008581161499023e+00
-2.426352739334106445e+00,3.089030504226684570e+00
-3.390168905258178711e+00,1.762336015701293945e+00
-4.232719898223876953e+00,1.831631541252136230e+00
-2.832225322723388672e+00,3.402290105819702148e+00
-1.627045154571533203e+00,-3.843689560890197754e-01
-4.484410762786865234e+00,1.339502811431884766e+00
1.220441341400146484e+00,1.371168613433837891e+00
-3.685811758041381836e+00,1.138735294342041016e+00
1.999344110488891602e+00,3.193128824234008789e+00
2.112109422683715820e+00,2.212527275085449219e+00
-2.095883369445800781e+00,2.793428182601928711e+00
-3.051948070526123047e+00,-5.516194105148315430e-01
4.928047955036163330e-01,3.880041360855102539e+00
-1.730496168136596680e+00,4.652111530303955078e+00
1.364285349845886230e+00,2.268687963485717773e+00
-1.342190623283386230e+00,4.489648342132568359e+00
-3.729008674621582031e+00,3.590460062026977539e+00
2.299063920974731445e+00,2.341338396072387695e+00
-1.055577471852302551e-01,3.108244180679321289e+00
2.158180952072143555e+00,3.440043210983276367e+00
8.202127218246459961e-01,2.658663272857666016e+00
-1.051841974258422852e+00,2.983885526657104492e+00
2.303830146789550781e+00,1.531204819679260254e+00
-2.379893541336059570e+00,-3.565564155578613281e+00
-2.933150053024291992e+00,1.847288161516189575e-01
1.278228312730789185e-01,1.415214180946350098e+00
2.530090808868408203e+00,1.486753582954406738e+00
-4.109438359737396240e-01,4.420618057250976562e+00
1.724482029676437378e-01,3.951477050781250000e+00
-3.313444375991821289e+00,-1.694557666778564453e+00
-4.443669319152832031e+00,-7.902547121047973633e-01
1.962995171546936035e+00,1.069858789443969727e+00
-2.293875932693481445e+00,1.402488112449645996e+00
-1.462154984474182129e-01,7.348886728286743164e-01
-3.854227662086486816e-01,2.839233875274658203e+00
-2.593240022659301758e+00,3.350426197052001953e+00
-1.288391947746276855e-01,6.259028613567352295e-02
-2.821008682250976562e+00,3.291822373867034912e-01
-6.058315634727478027e-01,5.765702724456787109e-01
1.567892313003540039e+00,3.304614067077636719e+00
-4.279539108276367188e+00,2.568634450435638428e-01
-3.568927764892578125e+00,-8.289142251014709473e-01
-1.461562156677246094e+00,4.747004508972167969e+00
-3.379982948303222656e+00,1.903775691986083984e+00
3.037033081054687500e-01,-4.351508021354675293e-01
-1.186398744583129883e+00,-7.282986044883728027e-01
2.698323011398315430e+00,-1.030925035476684570e+00
-1.566296815872192383e+00,-1.403082966804504395e+00
-2.499396324157714844e+00,2.908650159835815430e+00
1.589977741241455078e+00,1.416353136301040649e-01
2.416758537292480469e+00,1.021835327148437500e+00
1.372227072715759277e+00,2.737502567470073700e-02
-2.510587573051452637e-01,2.756480932235717773e+00
-1.014652490615844727e+00,2.967141389846801758e+00
2.767812111414968967e-04,4.472936153411865234e+00
-8.859026432037353516e-01,3.905648708343505859e+00
1.692513227462768555e+00,-3.039561510086059570e-01
4.628097116947174072e-01,3.434138298034667969e+00
-3.713323116302490234e+00,3.387960672378540039e+00
1.299394130706787109e+00,4.043292045593261719e+00
-4.346827983856201172e+00,1.160433962941169739e-01
-2.243626862764358521e-01,3.704448223114013672e+00
-4.789216518402099609e+00,2.036593198776245117e+00
-1.274459958076477051e+00,3.692258298397064209e-01
2.612589120864868164e+00,-2.405274957418441772e-01
7.653527259826660156e-01,2.795772552490234375e+00
-1.740942120552062988e+00,2.145775318145751953e+00
-5.198755264282226562e+00,1.010412573814392090e+00
2.747152805328369141e+00,2.758020162582397461e+00
-2.378161668777465820e+00,1.850283622741699219e+00
1.211055278778076172e+00,3.571914196014404297e+00
-2.630398988723754883e+00,1.304380297660827637e-01
-1.506359100341796875e+00,1.382615685462951660e+00
-3.526658296585083008e+00,-2.699584722518920898e+00
-5.124296665191650391e+00,1.423444271087646484e+00
-4.743063449859619141e+00,2.126674652099609375e+00
-4.566146850585937500e+00,2.336703777313232422e+00
-3.236208677291870117e+00,2.496637344360351562e+00
4.816246405243873596e-02,4.461938381195068359e+00
2.323278665542602539e+00,2.827980756759643555e+00
1.988134503364562988e+00,2.747625827789306641e+00
6.635278463363647461e-01,1.887931704521179199e+00
8.872626423835754395e-01,-5.106991529464721680e-01
-3.724886178970336914e+00,1.195279121398925781e+00
-1.246899604797363281e+00,3.778643131256103516e+00
1.079056739807128906e+00,2.557681798934936523e+00
-3.132337093353271484e+00,3.720973253250122070e+00
-2.138519763946533203e+00,1.726592183113098145e+00
-3.615717411041259766e+00,-2.605297327041625977e+00
-2.607690334320068359e+00,-3.497561216354370117e+00
2.696684122085571289e+00,1.007164195179939270e-01
-9.583178162574768066e-02,4.462306499481201172e+00
2.423292160034179688e+00,1.278889656066894531e+00
-8.594547212123870850e-02,1.167460799217224121e+00
4.666130244731903076e-01,2.955043077468872070e+00
9.511039853096008301e-01,-3.720763921737670898e-01
-3.468519687652587891e+00,-3.701027333736419678e-01
-3.740298748016357422e+00,2.853520870208740234e+00
-2.925576686859130859e+00,-5.155295133590698242e-01
2.128322601318359375e+00,2.173296689987182617e+00
-3.313683271408081055e+00,1.853915810585021973e+00
-5.644109845161437988e-02,-2.878721237182617188e+00
-6.374102830886840820e-01,3.845569372177124023e+00
-2.368828773498535156e+00,1.175294280052185059e+00
-1.955756783485412598e+00,2.676049709320068359e+00
-1.951367497444152832e+00,4.198902606964111328e+00
-3.673115015029907227e+00,2.756182193756103516e+00
-1.304148793220520020e+00,1.453075647354125977e+00
-1.449958562850952148e+00,3.415749788284301758e+00
-2.027350664138793945e+00,2.027827262878417969e+00
1.002978444099426270e+00,3.316091775894165039e+00
-5.180230617523193359e+00,3.318326175212860107e-01
-6.877290606498718262e-01,4.235483646392822266e+00
-1.743602752685546875e-01,3.623539924621582031e+00
-3.497710466384887695e+00,2.073088735342025757e-01
-8.018922209739685059e-01,2.435526847839355469e+00
1.399242997169494629e+00,2.240806519985198975e-01
1.541670918464660645e+00,2.219145774841308594e+00
5.947630479931831360e-02,2.124534845352172852e+00
-3.929984331130981445e+00,2.847459793090820312e+00
-1.881365537643432617e+00,2.557531356811523438e+00
7.488557696342468262e-02,2.275885343551635742e+00
4.681064486503601074e-01,3.909519910812377930e+00
-3.425964832305908203e+00,5.253558754920959473e-01
-1.746512413024902344e+00,-9.495054930448532104e-02
-8.613580465316772461e-01,2.306472301483154297e+00
-3.304796934127807617e+00,-1.277189254760742188e-01
-8.950974345207214355e-01,4.873690605163574219e+00
-3.583187580108642578e+00,7.833135128021240234e-01
-8.427067995071411133e-01,2.847468614578247070e+00
-3.257450342178344727e+00,1.118021726608276367e+00
1.071574211120605469e+00,-3.887791633605957031e-01
3.023358583450317383e+00,-3.535481691360473633e-01
-3.215184450149536133e+00,2.723322153091430664e+00
6.604533642530441284e-02,1.023049116134643555e+00
-2.343212842941284180e+00,1.949950605630874634e-01
-3.459702432155609131e-01,3.782845258712768555e+00
-4.652654647827148438e+00,5.526060983538627625e-02
-2.145637750625610352e+00,1.984438896179199219e-01
-3.763734102249145508e+00,4.679016768932342529e-02
-9.010491371154785156e-01,3.155650854110717773e+00
2.717355012893676758e+00,-1.138083815574645996e+00
-2.859448432922363281e+00,2.271983325481414795e-01
-2.039537668228149414e+00,4.421484947204589844e+00
-4.694154739379882812e+00,2.562593817710876465e-01
-1.930296540260314941e+00,1.032364964485168457e+00
-2.592128992080688477e+00,2.780438184738159180e+00
-3.548748016357421875e+00,9.780809879302978516e-01
-1.446131825447082520e+00,1.750243425369262695e+00
-1.064538359642028809e+00,-2.017462491989135742e+00
-3.526625394821166992e+00,3.436531722545623779e-01
1.472918987274169922e+00,-1.454795449972152710e-01
-3.794245719909667969e+00,-4.347536861896514893e-01
-4.054161608219146729e-01,8.085321187973022461e-01
-1.073770523071289062e+00,4.974092483520507812e+00
-3.585727453231811523e+00,-7.250866293907165527e-01
-4.406342655420303345e-02,4.436708450317382812e+00
1.036008834838867188e+00,-1.776990056037902832e+00
-1.759675383567810059e+00,-7.523373961448669434e-01
-3.684592247009277344e+00,-8.569093346595764160e-01
-1.165952682495117188e+00,3.954674243927001953e+00
-2.935565233230590820e+00,1.314433097839355469e+00
2.169108629226684570e+00,-1.194782733917236328e+00
-1.965291380882263184e+00,-1.740285277366638184e+00
2.662705898284912109e+00,2.905163049697875977e+00
-3.267626523971557617e+00,-7.610772252082824707e-01
2.280632257461547852e+00,2.942735195159912109e+00
1.350147843360900879e+00,1.551528215408325195e+00
-4.237902641296386719e+00,2.230861596763134003e-02
-2.496973276138305664e+00,-9.201958775520324707e-01
-3.850712776184082031e+00,-2.117627143859863281e+00
-1.606290340423583984e+00,4.726583003997802734e+00
-3.278733253479003906e+00,4.356763064861297607e-01
-1.983537435531616211e+00,1.707018494606018066e+00
-1.231657266616821289e+00,7.336589694023132324e-01
-1.743367791175842285e+00,4.354543209075927734e+00
-3.403757572174072266e+00,-1.670114517211914062e+00
1.825234651565551758e+00,3.116606712341308594e+00
-6.889304518699645996e-01,4.046441078186035156e+00
1.031181931495666504e+00,1.705626726150512695e+00
-1.954296469688415527e+00,3.241845846176147461e+00
3.158811330795288086e+00,2.802369594573974609e-01
-2.426497042179107666e-01,3.968408107757568359e+00
-2.586125373840332031e+00,-3.365538597106933594e+00
-1.083830237388610840e+00,3.026337146759033203e+00
-2.110061883926391602e+00,2.642002105712890625e-01
-1.388861060142517090e+00,1.032605886459350586e+00
1.478100657463073730e+00,2.647264242172241211e+00
1.659761071205139160e+00,4.484322071075439453e+00
-1.295649290084838867e+00,-3.179687559604644775e-01
-9.030060172080993652e-01,-2.066187858581542969e+00
-9.323670268058776855e-01,1.995708465576171875e+00
1.081018567085266113e+00,3.622407913208007812e+00
-2.793883562088012695e+00,1.286087989807128906e+00
3.156897723674774170e-01,3.354395151138305664e+00
-1.138185501098632812e+00,1.997696995735168457e+00
-5.757939815521240234e-01,-2.474709510803222656e+00
-1.756259441375732422e+00,2.385314941406250000e+00
-1.427563309669494629e+00,-1.359427213668823242e+00
-4.476881980895996094e+00,1.393922924995422363e+00
8.724095225334167480e-01,4.394444942474365234e+00
-4.516099452972412109e+00,-4.593735337257385254e-01
1.527027249336242676e+00,-7.722783088684082031e-01
-3.370259284973144531e+00,-1.653348326683044434e+00
2.050248384475708008e+00,2.149581909179687500e+00
-7.724609375000000000e-01,1.022338747978210449e+00
-3.130766153335571289e+00,1.489430308341979980e+00
-2.645162045955657959e-01,2.425630807876586914e+00
1.637674212455749512e+00,-3.789209127426147461e-01
2.959515571594238281e+00,1.083257555961608887e+00
1.452743172645568848e+00,-2.967221736907958984e-01
-3.444188833236694336e+00,5.520307421684265137e-01
-2.202731132507324219e+00,2.988726377487182617e+00
-2.415487617254257202e-01,9.494062662124633789e-01
-3.530408143997192383e+00,2.996838092803955078e+00
-3.042992591857910156e+00,-1.238042831420898438e+00
9.474399685859680176e-01,-5.789724588394165039e-01
-2.118826389312744141e+00,-1.919691443443298340e+00
-4.472751140594482422e+00,4.783138036727905273e-01
-4.371875762939453125e+00,-1.175110340118408203e+00
-3.050944328308105469e+00,1.618982076644897461e+00
-2.889415740966796875e+00,3.354811429977416992e+00
-4.619960784912109375e+00,8.617708086967468262e-01
-4.854068279266357422e+00,2.267969101667404175e-01
-8.382624387741088867e-01,-7.049478292465209961e-01
-2.466857910156250000e+00,-3.859563767910003662e-01
-5.141094684600830078e+00,1.456675887107849121e+00
-1.594877481460571289e+00,-4.486896693706512451e-01
1.268932819366455078e+00,6.833401322364807129e-01
-1.935298204421997070e+00,-3.500967025756835938e+00
-3.381761550903320312e+00,-3.840162158012390137e-01
-2.478860855102539062e+00,1.996608376502990723e+00
2.697348594665527344e+00,1.328032970428466797e+00
1.095988694578409195e-02,8.463023304939270020e-01
-3.823625564575195312e+00,3.537549734115600586e+00
1.431063294410705566e+00,1.942268490791320801e+00
-3.414554297924041748e-01,3.716443061828613281e+00
-6.729493737220764160e-01,1.262953042984008789e+00
-1.031910538673400879e+00,3.529528617858886719e+00
-2.858429849147796631e-01,2.996493577957153320e+00
-2.014301061630249023e+00,-2.710459232330322266e-01
4.839285016059875488e-01,1.963873028755187988e+00
-1.349321484565734863e+00,5.845142602920532227e-01
1.452448606491088867e+00,2.978590726852416992e+00
1.352588534355163574e+00,2.269236564636230469e+00
3.708496317267417908e-02,4.818614482879638672e+00
1.845586776733398438e+00,2.752183914184570312e+00
1.368446588516235352e+00,7.768820524215698242e-01
-1.237843394279479980e+00,-2.477296143770217896e-01
-1.312510609626770020e+00,2.945058345794677734e+00
-2.507217168807983398e+00,2.448979854583740234e+00
-1.151244878768920898e+00,3.031413555145263672e+00
-3.388683319091796875e+00,-2.791276931762695312e+00
-3.454262495040893555e+00,1.056444644927978516e+00
-4.306922435760498047e+00,2.598646402359008789e+00
8.024415373802185059e-02,2.034100532531738281e+00
1.221472620964050293e+00,1.382313489913940430e+00
-2.328139543533325195e+00,6.804791092872619629e-01
1.535847067832946777e+00,2.222202301025390625e+00
-1.919589042663574219e+00,1.204938292503356934e+00
1.382692575454711914e+00,2.316310852766036987e-01
-3.300484418869018555e+00,1.037939667701721191e+00
1.186389923095703125e+00,2.864233851432800293e-01
-3.476092576980590820e+00,-9.355359673500061035e-01
-3.771800041198730469e+00,-1.194215297698974609e+00
-1.606923937797546387e+00,4.826499938964843750e+00
-2.042871564626693726e-01,-5.761659741401672363e-01
7.350726127624511719e-01,2.369411230087280273e+00
1.568495392799377441e+00,2.370689958333969116e-01
5.468940734863281250e-01,4.866683959960937500e+00
-2.833985328674316406e+00,1.885373294353485107e-01
-2.079591989517211914e+00,-7.204923033714294434e-01
8.338601589202880859e-01,-6.576505899429321289e-01
-3.443092584609985352e+00,-8.474499583244323730e-01
-3.966150283813476562e+00,-2.110482931137084961e+00
2.792742967605590820e+00,-1.174298748373985291e-01
-3.871644973754882812e+00,1.791064381599426270e+00
-2.034264564514160156e+00,2.263522148132324219e+00
-2.809468507766723633e+00,2.568391323089599609e+00
-3.467492461204528809e-01,-3.066125869750976562e+00
5.560720562934875488e-01,1.481736302375793457e+00
-5.931341648101806641e-01,4.357454776763916016e+00
4.623788297176361084e-01,2.575690150260925293e-01
-4.326632499694824219e+00,-1.330483078956604004e+00
3.690111041069030762e-01,3.362591862678527832e-01
-1.134920120239257812e+00,3.050717830657958984e+00
-2.834042310714721680e+00,8.900101184844970703e-01
-3.528282403945922852e+00,-2.816233873367309570e+00
-1.367117524147033691e+00,3.603146791458129883e+00
-1.301334947347640991e-01,2.080367803573608398e+00
-3.988348245620727539e+00,-1.747390866279602051e+00
-9.631294012069702148e-02,2.940702915191650391e+00
-3.867759406566619873e-01,4.600852966308593750e+00
4.880295991897583008e-01,1.707913875579833984e+00
-5.225786566734313965e-01,1.052631497383117676e+00
-7.083222270011901855e-01,-1.986956000328063965e+00
-3.395117759704589844e+00,5.013050436973571777e-01
-2.910963296890258789e+00,1.427345395088195801e+00
-1.037121295928955078e+00,-2.125951051712036133e-01
-1.974892854690551758e+00,-7.522147297859191895e-01
-2.014000892639160156e+00,2.815499305725097656e+00
2.044196128845214844e+00,2.461224794387817383e+00
1.687601208686828613e+00,3.517430782318115234e+00
1.370936334133148193e-01,-2.829031705856323242e+00
-2.108354806900024414e+00,4.240320205688476562e+00
8.666093647480010986e-02,2.356343984603881836e+00
-2.646847009658813477e+00,9.134418964385986328e-01
-4.118379592895507812e+00,-1.325789451599121094e+00
-2.197554588317871094e+00,3.088709115982055664e+00
-6.667526960372924805e-01,-1.010485529899597168e+00
-1.558777332305908203e+00,2.260097742080688477e+00
-2.941859364509582520e-01,4.671793937683105469e+00
9.237210154533386230e-01,1.948238164186477661e-02
6.142433285713195801e-01,4.989916801452636719e+00
-1.240287899971008301e+00,-1.185140609741210938e+00
8.588302135467529297e-01,2.377757310867309570e+00
8.736791014671325684e-01,2.334294319152832031e+00
5.320682525634765625e-01,-7.610520124435424805e-01
-2.264555931091308594e+00,9.370514154434204102e-01
-4.142494201660156250e+00,2.283515930175781250e+00
-6.702299118041992188e-01,4.391059875488281250e+00
-3.120309591293334961e+00,3.091076374053955078e+00
-1.652140021324157715e-01,-8.724896311759948730e-01
-1.740968465805053711e+00,-1.115480542182922363e+00
1.183935523033142090e+00,3.557721614837646484e+00
-6.064342856407165527e-01,2.082697868347167969e+00
-2.154741287231445312e+00,-7.965821623802185059e-01
-1.528461694717407227e+00,-1.038977742195129395e+00
8.103380203247070312e-01,4.135934352874755859e+00
-2.088520526885986328e+00,-2.963242292404174805e+00
-2.228492736816406250e+00,1.164365530014038086e+00
-1.890743732452392578e+00,4.865120887756347656e+00
3.227240741252899170e-01,3.091955423355102539e+00
2.689379692077636719e+00,1.256017833948135376e-01
6.257728338241577148e-01,2.204576969146728516e+00
-2.265157222747802734e+00,1.856409788131713867e+00
2.146682024002075195e+00,2.751900911331176758e+00
5.492926836013793945e-01,1.710444986820220947e-01
-3.647380828857421875e+00,-1.091386556625366211e+00
-3.136619567871093750e+00,-2.367563486099243164e+00
-3.774262666702270508e+00,1.767225623130798340e+00
-2.541761159896850586e+00,1.994311928749084473e+00
9.039095640182495117e-01,7.410546541213989258e-01
-3.939477205276489258e+00,2.528882265090942383e+00
1.989174962043762207e+00,3.643860101699829102e+00
-9.755433797836303711e-01,3.029238939285278320e+00
-4.699034094810485840e-01,4.597217559814453125e+00
-2.963457822799682617e+00,2.234154462814331055e+00
-3.386462926864624023e+00,-2.371773242950439453e+00
-6.934729814529418945e-01,2.860620975494384766e+00
-1.527428746223449707e+00,4.337318539619445801e-01
-3.401970624923706055e+00,-2.763539075851440430e+00
5.391312241554260254e-01,2.940365791320800781e+00
-1.138671040534973145e+00,3.754072189331054688e+00
-1.919730186462402344e+00,-3.202892303466796875e+00
1.475400567054748535e+00,5.252866148948669434e-01
-2.378553628921508789e+00,1.264470100402832031e+00
-2.321606874465942383e+00,2.258646041154861450e-01
-1.320737481117248535e+00,4.068808078765869141e+00
-3.324612617492675781e+00,-8.748872876167297363e-01
-1.311978697776794434e+00,-2.382011413574218750e+00
-3.265506267547607422e+00,2.976723432540893555e+00
-1.669479131698608398e+00,-1.301107048988342285e+00
-2.849368333816528320e+00,8.691145777702331543e-01
7.124705314636230469e-01,3.740387678146362305e+00
-3.637613296508789062e+00,3.543110847473144531e+00
-5.267712593078613281e+00,5.653797984123229980e-01
-2.202509641647338867e+00,1.497979760169982910e+00
-1.105033636093139648e+00,3.553632736206054688e+00
-1.925401806831359863e+00,3.333152294158935547e+00
-1.890906095504760742e+00,-4.574581086635589600e-01
4.665623009204864502e-01,4.842717647552490234e+00
2.947220325469970703e+00,3.001229047775268555e+00
-2.839674711227416992e+00,1.599686145782470703e-01
-4.710996627807617188e+00,-1.047574758529663086e+00
-1.469699621200561523e+00,2.502126693725585938e+00
-2.818683147430419922e+00,3.512874841690063477e+00
-4.876467227935791016e+00,7.818368673324584961e-01
3.848555684089660645e-01,1.262124657630920410e+00
-8.439419865608215332e-01,2.841688632965087891e+00
1.049131393432617188e+00,-1.717236399650573730e+00
-1.153969645500183105e+00,3.030661582946777344e+00
1.385209321975708008e+00,2.350714951753616333e-01
1.380991190671920776e-01,4.713194370269775391e+00
-4.947257041931152344e-01,2.416273593902587891e+00
-1.095446705818176270e+00,-2.446072578430175781e+00
-3.391871213912963867e+00,-1.681384086608886719e+00
2.001535892486572266e+00,1.188108682632446289e+00
-3.821933984756469727e+00,1.122782468795776367e+00
-2.307541131973266602e+00,3.070724010467529297e-01
-1.178214669227600098e+00,1.091901883482933044e-01
-5.397217273712158203e-01,1.113965153694152832e+00
-2.600462913513183594e+00,-2.607303261756896973e-01
-2.397297471761703491e-01,-3.073405027389526367e+00
6.693140268325805664e-01,2.728555202484130859e+00
-5.288105607032775879e-01,1.883908629417419434e+00
-2.760905981063842773e+00,1.591986775398254395e+00
-4.504189491271972656e+00,1.257031440734863281e+00
-1.581294089555740356e-01,1.764071106910705566e+00
-8.005948066711425781e-01,3.886548042297363281e+00
4.820047914981842041e-01,3.007118701934814453e-01
1.069833874702453613e+00,2.630070447921752930e+00
-1.249693155288696289e+00,4.059238433837890625e+00
-2.614716529846191406e+00,3.582071781158447266e+00
-2.948281168937683105e-02,4.273832440376281738e-01
-3.581827402114868164e+00,2.926209688186645508e+00
-4.903749465942382812e+00,4.523364454507827759e-02
-2.928641319274902344e+00,7.221389412879943848e-01
-4.435749053955078125e+00,-2.035694599151611328e+00
-2.693283855915069580e-01,4.709797859191894531e+00
-2.076935291290283203e+00,4.568421840667724609e+00
-2.600672483444213867e+00,1.727564930915832520e+00
-9.124787449836730957e-01,-3.548021793365478516e+00
-1.204632163047790527e+00,2.598424255847930908e-01
-2.802088260650634766e+00,-2.252001523971557617e+00
-2.220301389694213867e+00,1.539393305778503418e+00
-2.807571411132812500e+00,-6.078256964683532715e-01
-1.278488397598266602e+00,3.665200710296630859e+00
-1.318857789039611816e+00,-2.165125131607055664e+00
-8.269785642623901367e-01,4.064558982849121094e+00
-1.435760021209716797e+00,3.462243556976318359e+00
2.373877525329589844e+00,-2.416251301765441895e-01
-2.402338981628417969e+00,-3.566054821014404297e+00
-4.087142944335937500e-01,4.245900630950927734e+00
-1.755985260009765625e+00,4.622711658477783203e+00
2.790002584457397461e+00,-5.587337017059326172e-01
1.635046720504760742e+00,1.179181933403015137e+00
-1.078527092933654785e+00,-3.602484226226806641e+00
-3.231610298156738281e+00,1.243120312690734863e+00
-3.314193487167358398e+00,-2.913191556930541992e+00
-1.730602383613586426e+00,-7.712816596031188965e-01
5.872649550437927246e-01,4.151053428649902344e+00
4.131429493427276611e-01,5.191000550985336304e-02
-1.909419655799865723e+00,-1.870206952095031738e+00
-8.682516813278198242e-01,-5.519478917121887207e-01
-8.271568417549133301e-01,2.326696872711181641e+00
-1.699952840805053711e+00,3.954806566238403320e+00
-2.070903539657592773e+00,3.377756774425506592e-01
-1.716832995414733887e+00,1.336823225021362305e+00
-1.491598010063171387e+00,1.838824301958084106e-01
-2.674573659896850586e+00,-3.343167304992675781e+00
2.910499334335327148e+00,3.085008621215820312e+00
6.054582595825195312e-01,2.994970083236694336e+00
-3.900501012802124023e+00,1.719315409660339355e+00
3.334994018077850342e-01,-1.925508379936218262e-01
2.193301200866699219e+00,-8.084037154912948608e-02
-4.253323554992675781e+00,-2.215646743774414062e+00
-1.883962154388427734e+00,1.748612284660339355e+00
-2.049841642379760742e+00,1.875379085540771484e+00
-3.604126214981079102e+00,3.363601446151733398e+00
-2.757126092910766602e+00,3.298800945281982422e+00
-8.149133324623107910e-01,3.653638362884521484e+00
-1.909702777862548828e+00,-9.174473881721496582e-01
-4.171306610107421875e+00,-7.363337874412536621e-01
-1.343277096748352051e+00,3.321300745010375977e+00
-4.460476875305175781e+00,6.268227100372314453e-02
1.260286211967468262e+00,3.056227922439575195e+00
1.715382099151611328e+00,1.189078450202941895e+00
2.009487628936767578e+00,-2.780700027942657471e-01
1.402383565902709961e+00,2.034803152084350586e+00
-2.165115118026733398e+00,2.746412158012390137e-01
1.685003936290740967e-01,4.332326889038085938e+00
6.595873832702636719e-01,4.688958644866943359e+00
2.969950735569000244e-01,1.187595129013061523e+00
2.679879665374755859e+00,2.128797054290771484e+00
4.939326047897338867e-01,2.673474788665771484e+00
-3.073499202728271484e+00,2.141682386398315430e+00
-8.064978122711181641e-01,2.044016599655151367e+00
-4.257529258728027344e+00,-1.063229918479919434e+00
-1.707901597023010254e+00,1.732309460639953613e-01
-7.542309761047363281e-01,-1.006787896156311035e+00
-1.232238411903381348e+00,-1.333550214767456055e+00
-4.216213226318359375e+00,8.694754242897033691e-01
-2.295228958129882812e+00,1.600794196128845215e+00
-3.608472585678100586e+00,2.267331361770629883e+00
2.952695488929748535e-01,1.724151968955993652e+00
-3.279786586761474609e+00,1.883461236953735352e+00
-2.762765288352966309e-01,3.799781560897827148e+00
-3.060157060623168945e+00,1.422756433486938477e+00
-3.329091787338256836e+00,1.964099168777465820e+00
1.661805033683776855e+00,1.753567934036254883e+00
2.507405042648315430e+00,2.721637487411499023e+00
-2.426860570907592773e+00,2.588728427886962891e+00
-1.955149173736572266e+00,4.310651421546936035e-01
3.103005409240722656e+00,1.936899423599243164e+00
-3.474446773529052734e+00,1.006582617759704590e+00
-3.722836256027221680e+00,2.919406175613403320e+00
-3.003185510635375977e+00,5.547684431076049805e-01
-1.675408244132995605e+00,2.212678909301757812e+00
1.290976047515869141e+00,6.070847511291503906e-01
4.488396644592285156e-01,3.596919059753417969e+00
4.236292541027069092e-01,6.786264777183532715e-01
-2.992230653762817383e-01,1.666812658309936523e+00
-2.360724449157714844e+00,5.527118444442749023e-01
-7.800583243370056152e-01,3.308863639831542969e+00
9.465807676315307617e-01,7.846102714538574219e-01
-1.179548978805541992e+00,-2.105593204498291016e+00
1.507512688636779785e+00,-7.255841493606567383e-01
-1.351898431777954102e+00,5.002376079559326172e+00
1.144707679748535156e+00,4.441726207733154297e-01
-3.170308589935302734e+00,2.920518398284912109e+00
2.138990879058837891e+00,-1.015660405158996582e+00
-4.894462108612060547e+00,1.959624648094177246e+00
-3.126024246215820312e+00,-2.322127342224121094e+00
1.903780341148376465e+00,2.720870256423950195e+00
-3.718902826309204102e+00,-2.777327299118041992e+00
-3.054312944412231445e+00,-1.534401625394821167e-01
6.631802320480346680e-01,1.162073388695716858e-01
1.284643769264221191e+00,1.642021298408508301e+00
2.143739700317382812e+00,-1.120026707649230957e+00
-2.216205358505249023e+00,2.956933021545410156e+00
-2.944597959518432617e+00,1.371546149253845215e+00
-3.669802188873291016e+00,3.572610378265380859e+00
-4.947728157043457031e+00,6.747918725013732910e-01
-2.190311849117279053e-01,4.551354408264160156e+00
2.064075946807861328e+00,-1.202681779861450195e+00
2.478802919387817383e+00,-2.386478707194328308e-03
2.878631651401519775e-01,8.905555009841918945e-01
-3.212957143783569336e+00,2.248261570930480957e-01
-4.834760129451751709e-01,4.185649871826171875e+00
-2.219896316528320312e+00,1.204326748847961426e+00
-3.767793655395507812e+00,-2.748155355453491211e+00
1.641875505447387695e+00,3.176464796066284180e+00
1.100356221199035645e+00,1.211628794670104980e+00
-3.789164781570434570e+00,3.682129621505737305e+00
-2.855115175247192383e+00,1.307628393173217773e+00
2.490144073963165283e-01,1.162977337837219238e+00
-2.898094415664672852e+00,1.392952442169189453e+00
-5.461985468864440918e-01,1.677964329719543457e+00
-1.031641602516174316e+00,2.476948261260986328e+00
1.457158446311950684e+00,2.084419012069702148e+00
2.180897712707519531e+00,2.395168542861938477e+00
-4.662033081054687500e+00,2.564984321594238281e+00
-1.679738402366638184e+00,2.535992145538330078e+00
-6.120446920394897461e-01,3.288112401962280273e+00
2.279346942901611328e+00,8.082048296928405762e-01
6.520944833755493164e-01,1.977392315864562988e+00
-2.958877801895141602e+00,1.601497530937194824e+00
5.197178125381469727e-01,5.051107406616210938e+00
2.176421880722045898e+00,1.416829109191894531e+00
1.355349063873291016e+00,8.719627261161804199e-01
3.106313228607177734e+00,1.609794646501541138e-01
-1.733807802200317383e+00,1.176649332046508789e+00
-3.471540212631225586e+00,1.403930187225341797e+00
2.301332712173461914e+00,1.106801152229309082e+00
9.724979400634765625e-01,1.487108588218688965e+00
3.936005234718322754e-01,3.782513380050659180e+00
6.323354691267013550e-02,2.294202089309692383e+00
-2.836445719003677368e-02,4.097931385040283203e+00
-1.767850875854492188e+00,-3.108873367309570312e+00
9.351074695587158203e-01,2.069810152053833008e+00
1.491045355796813965e+00,2.588043212890625000e+00
1.446653008460998535e+00,4.947738349437713623e-01
-3.068629503250122070e+00,2.149902343750000000e+00
3.864011913537979126e-02,1.244338512420654297e+00
-3.726203203201293945e+00,-2.467618942260742188e+00
9.578644633293151855e-01,-1.787125825881958008e+00
1.515584230422973633e+00,2.418402194976806641e+00
-1.835108518600463867e+00,-1.114817023277282715e+00
-4.855901002883911133e-01,-4.627049565315246582e-01
-2.179470300674438477e+00,2.922960042953491211e+00
2.044112920761108398e+00,4.361997246742248535e-01
-2.125881433486938477e+00,4.203916072845458984e+00
-4.494975090026855469e+00,-1.151778936386108398e+00
5.779515504837036133e-01,2.238937854766845703e+00
2.010552883148193359e-01,3.071150064468383789e+00
-2.313553094863891602e+00,8.477213978767395020e-01
2.947882175445556641e+00,1.034067034721374512e+00
2.888628244400024414e+00,-6.905014514923095703e-01
-2.941906690597534180e+00,-3.797454237937927246e-01
-2.650887727737426758e+00,-3.345365524291992188e+00
-1.478169202804565430e+00,-8.407910466194152832e-01
-2.131989002227783203e+00,-1.854086518287658691e+00
1.686880230903625488e+00,4.153164386749267578e+00
2.129853487014770508e+00,2.103090286254882812e+00
-7.968400120735168457e-01,1.652957558631896973e+00
-4.923965454101562500e+00,-8.133639693260192871e-01
-3.705571413040161133e+00,5.622159224003553391e-03
-5.234838008880615234e+00,4.877228140830993652e-01
-2.239067316055297852e+00,2.934786558151245117e+00
2.082489013671875000e+00,3.892358541488647461e+00
1.974771618843078613e+00,5.899298787117004395e-01
2.399541378021240234e+00,2.312329292297363281e+00
-3.009568929672241211e+00,3.563292264938354492e+00
3.319885730743408203e-01,3.772092819213867188e+00
-1.839450716972351074e+00,-9.421281218528747559e-01
-3.742761611938476562e+00,2.440203666687011719e+00
-2.437347650527954102e+00,-5.239738225936889648e-01
-1.103405356407165527e+00,2.715426981449127197e-01
-9.524860382080078125e-01,-1.821372509002685547e+00
7.074106335639953613e-01,3.424833536148071289e+00
1.580865859985351562e+00,1.071728825569152832e+00
-2.731357574462890625e+00,-5.034818053245544434e-01
-5.633562803268432617e-01,2.826508522033691406e+00
-3.614916205406188965e-01,1.237170696258544922e+00
-2.929712772369384766e+00,2.589107275009155273e+00
4.752334356307983398e-01,1.857411265373229980e+00
-2.500812292098999023e+00,1.186937570571899414e+00
-4.078044414520263672e+00,-1.579161286354064941e+00
-4.091682434082031250e+00,-5.895996838808059692e-02
2.291519641876220703e+00,6.741926074028015137e-02
-5.248228549957275391e+00,6.779156327247619629e-01
-1.850655317306518555e+00,4.116393566131591797e+00
-1.572130322456359863e+00,-5.586649179458618164e-01
-4.331780910491943359e+00,-1.319171428680419922e+00
-1.300644755363464355e+00,-1.263739347457885742e+00
-3.369589567184448242e+00,1.068791627883911133e+00
-1.125910639762878418e+00,4.594201564788818359e+00
-3.536304235458374023e-01,4.303697496652603149e-02
1.148293852806091309e+00,3.253829479217529297e+00
-4.531488716602325439e-01,4.339351177215576172e+00
-6.571401357650756836e-01,-4.590955004096031189e-02
9.793345928192138672e-01,-1.803588032722473145e+00
-4.312762260437011719e+00,3.027958869934082031e-01
-2.885337591171264648e+00,-1.362592697143554688e+00
-4.215417504310607910e-01,1.734760850667953491e-01
-2.376769781112670898e+00,-1.561559289693832397e-01
-1.799702286720275879e+00,4.555142402648925781e+00
-7.160313129425048828e-01,2.474257230758666992e+00
-7.441221475601196289e-01,2.516827106475830078e+00
-3.725102663040161133e+00,2.582981109619140625e+00
-5.532732605934143066e-01,2.483969688415527344e+00
-5.367505550384521484e-01,4.360456943511962891e+00
-2.361707448959350586e+00,2.062741279602050781e+00
-5.835530161857604980e-01,2.557175874710083008e+00
-7.505241036415100098e-01,3.623241662979125977e+00
6.379158496856689453e-01,2.096819639205932617e+00
-1.305970698595046997e-01,2.814508676528930664e+00
1.186405062675476074e+00,-2.286149412393569946e-01
-3.866863727569580078e+00,-1.316175341606140137e+00
1.957709074020385742e+00,3.117473602294921875e+00
-3.544581651687622070e+00,-1.350863873958587646e-01
-1.308529496192932129e+00,1.312269330024719238e+00
-3.217890739440917969e+00,1.614205598831176758e+00
2.645606279373168945e+00,2.378274947404861450e-01
-2.109157800674438477e+00,1.960719466209411621e+00
4.325670599937438965e-01,2.097072601318359375e+00
-2.315588712692260742e+00,2.180323839187622070e+00
-3.072990655899047852e+00,3.056026458740234375e+00
8.061263561248779297e-01,1.852673888206481934e+00
-2.762472391128540039e+00,-1.126397252082824707e+00
-6.944091916084289551e-01,-3.503045141696929932e-01
-1.201034188270568848e+00,3.446174860000610352e+00
-2.291373491287231445e+00,2.842089831829071045e-01
-1.237519741058349609e+00,-3.695743799209594727e+00
-2.489699125289916992e+00,2.309434413909912109e+00
-1.454672068357467651e-01,8.513551354408264160e-01
-2.929258942604064941e-01,3.761191844940185547e+00
1.333178639411926270e+00,3.289988040924072266e+00
-2.822397947311401367e+00,2.740093946456909180e+00
-1.299806594848632812e+00,3.510097742080688477e+00
9.312142133712768555e-01,-7.249563336372375488e-01
1.746803402900695801e+00,2.402985095977783203e+00
-3.733508348464965820e+00,-9.239197708666324615e-03
1.598091363906860352e+00,3.366778612136840820e+00
-3.332988023757934570e+00,1.236470103263854980e+00
1.689581871032714844e+00,4.131604433059692383e-01
-2.608567476272583008e+00,1.798344969749450684e+00
2.459475994110107422e-01,-4.897544384002685547e-01
-2.436092376708984375e+00,5.948361754417419434e-01
2.606909871101379395e-01,2.355304002761840820e+00
-5.244183063507080078e+00,6.579235196113586426e-01
-3.374854624271392822e-01,6.649532914161682129e-01
-1.970778226852416992e+00,1.364506125450134277e+00
-3.350090026855468750e+00,-1.696294784545898438e+00
-9.973720312118530273e-01,1.586700081825256348e-01
2.844649314880371094e+00,1.377026557922363281e+00
2.633643150329589844e+00,2.692744731903076172e+00
7.295337319374084473e-01,2.195127725601196289e+00
1.020433425903320312e+00,4.368143558502197266e+00
-1.764955520629882812e+00,7.981824278831481934e-01
-2.360477685928344727e+00,1.451642036437988281e+00
-4.694150447845458984e+00,-8.914062976837158203e-01
-4.555361747741699219e+00,2.776947021484375000e-01
1.748514175415039062e-01,2.257555246353149414e+00
-4.386151582002639771e-02,3.862136125564575195e+00
-3.156117439270019531e+00,2.818150222301483154e-01
2.662285327911376953e+00,2.534550428390502930e+00
-2.724631309509277344e+00,-1.379218935966491699e+00
1.927948713302612305e+00,3.083823204040527344e+00
-4.057173728942871094e+00,1.404533267021179199e+00
-9.849096536636352539e-01,2.141997575759887695e+00
1.543981194496154785e+00,2.834386825561523438e-01
-4.117358207702636719e+00,1.025239348411560059e+00
-1.767006397247314453e+00,3.976515054702758789e+00
-4.022483825683593750e-01,4.109282493591308594e+00
-7.556779384613037109e-01,-3.453546285629272461e+00
-1.264205455780029297e+00,3.431402206420898438e+00
1.580778241157531738e+00,7.176993489265441895e-01
4.628572762012481689e-01,-1.256236076354980469e+00
1.383575946092605591e-01,3.835731983184814453e+00
1.330801844596862793e+00,4.202141761779785156e+00
2.535096168518066406e+00,2.674391746520996094e+00
8.284776806831359863e-01,9.383789300918579102e-01
1.851684808731079102e+00,3.742294073104858398e+00
-3.753601789474487305e+00,1.203623056411743164e+00
8.295212388038635254e-01,1.833923935890197754e+00
2.125712394714355469e+00,3.174986600875854492e+00
-7.290986776351928711e-01,4.120868682861328125e+00
1.881970047950744629e+00,1.059211254119873047e+00
1.536085486412048340e+00,2.307649374008178711e+00
1.314005136489868164e+00,3.359844923019409180e+00
-5.839974880218505859e-01,2.055512189865112305e+00
5.428662896156311035e-01,-4.130662232637405396e-02
-4.361802577972412109e+00,2.622825205326080322e-01
1.617991685867309570e+00,-2.430579811334609985e-01
1.876136958599090576e-01,-1.832661628723144531e+00
-4.080962181091308594e+00,-1.702074885368347168e+00
-1.219198107719421387e+00,-3.876352608203887939e-01
-4.849353313446044922e+00,5.758422613143920898e-01
-2.847684383392333984e+00,3.497098922729492188e+00
2.772715806961059570e+00,4.978453218936920166e-01
-1.148590922355651855e+00,-4.599679708480834961e-01
-2.436108589172363281e-01,1.828219175338745117e+00
-7.979736924171447754e-01,3.835601091384887695e+00
-3.758383989334106445e+00,3.554158449172973633e+00
-1.354750633239746094e+00,4.611074924468994141e+00
-4.018544197082519531e+00,2.681340456008911133e+00
-2.248141765594482422e+00,2.666877031326293945e+00
-3.375306129455566406e+00,-2.339593172073364258e+00
-1.989532709121704102e+00,4.445222854614257812e+00
-2.108038187026977539e+00,-8.229004740715026855e-01
-8.214272260665893555e-01,2.501392841339111328e+00
-1.711324095726013184e+00,1.769889235496520996e+00
-4.853508472442626953e+00,-9.992527961730957031e-01
-6.566243767738342285e-01,2.581240177154541016e+00
1.664668440818786621e+00,4.150354862213134766e+00
-1.953546166419982910e+00,3.186937093734741211e+00
-1.593833088874816895e+00,4.385587215423583984e+00
1.364317297935485840e+00,3.626721382141113281e+00
-1.331296563148498535e+00,3.395497083663940430e+00
-2.703517436981201172e+00,5.076064467430114746e-01
-5.592066049575805664e-01,1.005891487002372742e-01
-4.354787990450859070e-02,4.740168571472167969e+00
-6.033238768577575684e-01,1.571970582008361816e+00
-1.113989129662513733e-01,1.130353331565856934e+00
-3.742578923702239990e-01,4.557810306549072266e+00
1.315747022628784180e+00,1.735654711723327637e+00
-3.610468626022338867e+00,2.896886348724365234e+00
1.611554265022277832e+00,2.114312410354614258e+00
2.280945301055908203e+00,1.137966394424438477e+00
1.583300948143005371e+00,2.048961639404296875e+00
5.476386547088623047e-01,3.051414251327514648e+00
2.980125188827514648e+00,-5.966192483901977539e-01
-1.026434302330017090e+00,3.244220256805419922e+00
-1.283771872520446777e+00,4.983408927917480469e+00
2.573333978652954102e+00,1.256090164184570312e+00
1.445420145988464355e+00,2.030662298202514648e+00
-2.864535808563232422e+00,-1.921287655830383301e+00
8.916766643524169922e-01,3.161831140518188477e+00
-1.326521635055541992e+00,-2.518803179264068604e-01
-2.746082067489624023e+00,2.197119474411010742e+00
-3.416033744812011719e+00,1.844113111495971680e+00
-1.178940892219543457e+00,1.338327527046203613e+00
-5.337249636650085449e-01,2.466263055801391602e+00
-4.583858489990234375e+00,1.079812884330749512e+00
4.395450651645660400e-01,5.045075893402099609e+00
4.670435488224029541e-01,4.943687438964843750e+00
-9.791482090950012207e-01,2.033638715744018555e+00
-6.647577285766601562e-01,5.788376331329345703e-01
-7.174115180969238281e-01,4.875012397766113281e+00
-1.059752941131591797e+00,3.135440111160278320e+00
-1.064997792243957520e+00,1.837204694747924805e-01
-1.875768423080444336e+00,5.407471656799316406e-01
1.409877181053161621e+00,-1.483690738677978516e+00
9.208969473838806152e-01,-8.313302397727966309e-01
-4.987182617187500000e+00,4.107281565666198730e-01
-2.547616243362426758e+00,3.312962532043457031e+00
-1.203157067298889160e+00,3.623348236083984375e+00
-3.365220725536346436e-01,4.179101467132568359e+00
3.127825975418090820e+00,4.797991216182708740e-01
-3.126108646392822266e+00,4.116967618465423584e-01
1.519348025321960449e+00,1.221021294593811035e+00
-2.827145814895629883e+00,2.314492940902709961e+00
-2.016103714704513550e-01,4.471471786499023438e+00
-4.003560841083526611e-01,2.615343332290649414e+00
-4.482473373413085938e+00,3.890533447265625000e-01
1.848047971725463867e+00,2.415310144424438477e+00
1.381522417068481445e+00,8.983462452888488770e-01
-2.492015123367309570e+00,3.476191043853759766e+00
-2.999296903610229492e+00,4.896788299083709717e-01
6.800273805856704712e-02,2.237570047378540039e+00
-2.260014295578002930e+00,1.495433449745178223e+00
-4.289779663085937500e+00,6.543711423873901367e-01
-5.606062412261962891e-01,4.041207313537597656e+00
-2.410104513168334961e+00,-4.372630417346954346e-01
-1.163271307945251465e+00,3.856669187545776367e+00
-4.464265823364257812e+00,-8.150808215141296387e-01
-2.624717235565185547e+00,-3.401897668838500977e+00
-1.404162406921386719e+00,-6.344342231750488281e-01
-2.206802606582641602e+00,1.450335144996643066e+00
-4.727002143859863281e+00,-1.113141775131225586e+00
-1.502209067344665527e+00,1.277693510055541992e+00
2.967720031738281250e+00,1.964732289314270020e+00
1.119092583656311035e+00,1.135668516159057617e+00
-4.541014134883880615e-02,1.912272930145263672e+00
-2.955177307128906250e+00,-4.008271992206573486e-01
1.489444017410278320e+00,2.657245874404907227e+00
-1.122977614402770996e+00,4.293828487396240234e+00
9.896959662437438965e-01,2.674577474594116211e+00
-3.983294010162353516e+00,9.902625679969787598e-01
-1.046946644783020020e+00,3.678651094436645508e+00
-8.413324356079101562e-01,4.158803939819335938e+00
5.927882194519042969e-01,-1.472940146923065186e-01
-3.574392080307006836e+00,6.559210419654846191e-01
2.654676675796508789e+00,2.669764757156372070e+00
7.990595698356628418e-01,4.331937789916992188e+00
-2.306049823760986328e+00,1.981302499771118164e-01
-9.339948296546936035e-01,3.444555521011352539e+00
1.339718103408813477e+00,3.343784511089324951e-01
-3.460222184658050537e-01,2.858789682388305664e+00
-1.366352558135986328e+00,3.979175329208374023e+00
-2.269261121749877930e+00,-8.115414381027221680e-01
-1.872969627380371094e+00,4.770564556121826172e+00
7.556490302085876465e-01,1.732048630714416504e+00
-8.957797288894653320e-01,-3.541839122772216797e+00
-1.508820652961730957e+00,2.139294147491455078e+00
-3.096841335296630859e+00,5.294566750526428223e-01
-1.505023717880249023e+00,1.864543437957763672e+00
-7.714732885360717773e-01,3.272072315216064453e+00
1.557861685752868652e+00,1.156499505043029785e+00
3.105108499526977539e+00,2.572107911109924316e-01
-2.554609298706054688e+00,-1.521264910697937012e-01
-2.680481195449829102e+00,3.730960488319396973e-01
-2.446185588836669922e+00,1.423468828201293945e+00
-1.020921945571899414e+00,2.440736532211303711e+00
-4.475139617919921875e+00,-1.161403179168701172e+00
-3.982596158981323242e+00,1.064574718475341797e+00
-1.556660056114196777e+00,4.776108741760253906e+00
8.728663921356201172e-01,-1.503198623657226562e+00
-4.928236007690429688e+00,4.486945569515228271e-01
1.269537687301635742e+00,2.571921348571777344e+00
-3.048824548721313477e+00,-2.348446696996688843e-01
-2.829424142837524414e+00,2.660513401031494141e+00
8.268707990646362305e-01,4.678277492523193359e+00
-4.003180503845214844e+00,-1.170178532600402832e+00
9.259588122367858887e-01,-1.017362356185913086e+00
-2.148764133453369141e+00,2.935736656188964844e+00
-2.923314094543457031e+00,2.486186265945434570e+00
-3.538244724273681641e+00,3.503839254379272461e+00
-1.887318849563598633e+00,-3.220299959182739258e+00
-8.922900557518005371e-01,3.308434247970581055e+00
9.906888604164123535e-01,2.843595981597900391e+00
-3.793615818023681641e+00,-1.264255046844482422e+00
-1.163010716438293457e+00,-2.034992933273315430e+00
-6.765233278274536133e-01,3.793113708496093750e+00
-3.929365634918212891e+00,1.072247505187988281e+00
4.520274400711059570e-01,3.630037307739257812e+00
1.738481760025024414e+00,1.316911578178405762e+00
3.382366001605987549e-01,1.600969076156616211e+00
-1.970401048660278320e+00,4.558980464935302734e+00
-3.847855806350708008e+00,2.453119754791259766e+00
4.505009055137634277e-01,4.978261947631835938e+00
2.675341606140136719e+00,-1.103547930717468262e+00
-2.521122694015502930e+00,9.010775685310363770e-01
-4.358430385589599609e+00,2.107218265533447266e+00
-3.549052178859710693e-01,-8.664473891258239746e-01
-3.831937909126281738e-01,3.418033599853515625e+00
2.732349395751953125e+00,2.479976892471313477e+00
-2.013631343841552734e+00,1.492279767990112305e-01
-2.196077346801757812e+00,4.183568477630615234e+00
2.668212652206420898e+00,-1.901617459952831268e-02
1.491766214370727539e+00,2.001376867294311523e+00
-4.190310955047607422e+00,-1.419227004051208496e+00
-3.415097236633300781e+00,-2.226691484451293945e+00
-4.109173417091369629e-01,1.098503947257995605e+00
1.440316081047058105e+00,9.150114841759204865e-03
9.490503668785095215e-01,4.848755359649658203e+00
-3.649231910705566406e+00,1.677310943603515625e+00
-8.085481077432632446e-02,5.922580957412719727e-01
-1.135656714439392090e+00,3.710382223129272461e+00
-1.558173298835754395e+00,5.068413615226745605e-01
-2.702607870101928711e+00,3.191112577915191650e-01
-1.613574028015136719e+00,1.802298069000244141e+00
-2.956982374191284180e+00,2.489881515502929688e+00
2.788928449153900146e-01,2.740605831146240234e+00
1.934448331594467163e-01,1.163137674331665039e+00
3.072013854980468750e+00,2.284823954105377197e-01
-4.824337959289550781e+00,-8.335949182510375977e-01
-3.456850767135620117e+00,1.852406024932861328e+00
-4.694417476654052734e+00,-4.192227721214294434e-01
2.737157940864562988e-01,-4.047659337520599365e-01
1.054712653160095215e+00,-1.738552331924438477e+00
-9.431678652763366699e-01,3.633802652359008789e+00
-3.980175256729125977e+00,-1.554979532957077026e-01
-3.747117757797241211e+00,7.777981758117675781e-01
-4.648995399475097656e+00,2.062310218811035156e+00
-2.160234451293945312e+00,2.559084892272949219e+00
-3.753574490547180176e-01,1.973189413547515869e-01
2.123920679092407227e+00,3.485793828964233398e+00
9.199416041374206543e-01,7.039595842361450195e-01
5.080019831657409668e-01,3.825771331787109375e+00
-5.783452987670898438e-01,-9.836752414703369141e-01
1.230439066886901855e+00,4.433794021606445312e+00
-2.763900279998779297e+00,-6.060224771499633789e-01
-2.579650640487670898e+00,3.472652673721313477e+00
-2.266182899475097656e+00,4.095645904541015625e+00
-1.175033807754516602e+00,-1.429465293884277344e+00
-2.704172611236572266e+00,-3.409058570861816406e+00
-1.913254976272583008e+00,1.661736369132995605e+00
-3.463145494461059570e+00,7.073444724082946777e-01
1.709622025489807129e+00,1.551636457443237305e+00
-1.766817092895507812e+00,4.192898750305175781e+00
2.925510108470916748e-01,2.967249155044555664e+00
-4.725859165191650391e+00,3.404859602451324463e-01
1.022430658340454102e-01,1.286955595016479492e+00
1.140902400016784668e+00,4.428581237792968750e+00
-3.346859931945800781e+00,3.215686559677124023e+00
-1.222347140312194824e+00,3.683916807174682617e+00
-4.555744230747222900e-01,1.008041381835937500e+00
-2.308803319931030273e+00,1.305695295333862305e+00
1.396719455718994141e+00,1.828579664230346680e+00
-4.596231937408447266e+00,1.263796210289001465e+00
1.809493005275726318e-01,4.971435070037841797e+00
-4.207018852233886719e+00,-1.312612056732177734e+00
-3.675794363021850586e+00,2.868428468704223633e+00
-4.294441044330596924e-01,4.990657325834035873e-03
-3.780814409255981445e+00,3.535689115524291992e+00
5.440867543220520020e-01,1.836685657501220703e+00
3.142491340637207031e+00,2.225475907325744629e-01
-3.602609395980834961e+00,-2.897216081619262695e-01
-1.786388829350471497e-02,-2.275373697280883789e+00
-1.675919651985168457e+00,-1.513681054115295410e+00
1.424868822097778320e+00,2.064365863800048828e+00
-6.680465936660766602e-01,2.448996782302856445e+00
-1.348908424377441406e+00,4.982414245605468750e+00
1.023705840110778809e+00,2.974263668060302734e+00
-4.411134243011474609e+00,2.595632314682006836e+00
-3.646400928497314453e+00,6.848081201314926147e-02
-1.454700827598571777e+00,2.555950880050659180e+00
-2.068435907363891602e+00,4.261786460876464844e+00
-4.922674596309661865e-01,1.351745963096618652e+00
-1.160897493362426758e+00,5.069234848022460938e+00
-4.177904725074768066e-01,-1.044721841812133789e+00
-4.722110748291015625e+00,1.988748311996459961e+00
3.531924635171890259e-02,4.444192409515380859e+00
2.443253278732299805e+00,1.665431261062622070e+00
-1.251713335514068604e-01,1.935546875000000000e+00
1.587808966636657715e+00,3.538899421691894531e+00
9.794254899024963379e-01,1.042032957077026367e+00
-2.669388532638549805e+00,-1.255553245544433594e+00
-3.745131254196166992e+00,3.502239465713500977e+00
1.147286176681518555e+00,8.264626264572143555e-01
-6.878744959831237793e-01,3.687227010726928711e+00
-5.010488033294677734e+00,4.791411757469177246e-01
-1.254439711570739746e+00,7.934220433235168457e-01
4.082009196281433105e-01,4.960017681121826172e+00
-1.748115301132202148e+00,2.114578008651733398e+00
-2.489782810211181641e+00,-1.138729214668273926e+00
-3.788805484771728516e+00,-2.680257558822631836e+00
-3.165428042411804199e-01,1.749410927295684814e-01
-2.680995464324951172e+00,1.180658698081970215e+00
-3.810418605804443359e+00,7.804816365242004395e-01
5.255008935928344727e-01,1.543426632881164551e+00
-2.587132453918457031e-01,3.910033702850341797e+00
-2.452001869678497314e-01,4.742173194885253906e+00
1.742851376533508301e+00,1.800167202949523926e+00
-4.024909496307373047e+00,2.515520811080932617e+00
2.466409921646118164e+00,1.044413328170776367e+00
-3.808873891830444336e+00,1.670557975769042969e+00
2.477013111114501953e+00,6.574121862649917603e-02
-2.410997152328491211e+00,1.932087391614913940e-01
2.845114707946777344e+00,1.018264174461364746e+00
-2.956236839294433594e+00,-5.608603954315185547e-01
-2.811599731445312500e+00,2.169000387191772461e+00
-3.260819673538208008e+00,1.957793354988098145e+00
-2.381724119186401367e+00,-3.621657609939575195e+00
-3.216482400894165039e+00,-1.566540122032165527e+00
2.040621280670166016e+00,2.148077487945556641e+00
-4.799223423004150391e+00,2.440559864044189453e+00
-3.325747251510620117e+00,-1.769124984741210938e+00
4.068580269813537598e-01,-3.427540957927703857e-01
-6.027569621801376343e-02,2.265570163726806641e+00
2.993626117706298828e+00,4.557333514094352722e-02
-1.211598277091979980e+00,1.833895325660705566e+00
-2.288962602615356445e+00,4.222097396850585938e+00
-4.665930271148681641e+00,6.010256409645080566e-01
-7.457454204559326172e-01,-8.958898186683654785e-01
-4.220877170562744141e+00,-1.324330866336822510e-01
-1.005074381828308105e+00,4.025884568691253662e-01
-1.619447827339172363e+00,2.381093263626098633e+00
-2.185338973999023438e+00,-9.022531509399414062e-01
-2.192883193492889404e-02,7.641805410385131836e-01
-1.590363085269927979e-01,3.734622001647949219e+00
1.679244875907897949e+00,3.638200461864471436e-01
-2.386892318725585938e+00,-9.801464527845382690e-02
1.279001593589782715e+00,7.129378318786621094e-01
2.394444465637207031e+00,1.626288056373596191e+00
3.675354719161987305e-01,-2.162732779979705811e-01
1.474683284759521484e+00,2.041896343231201172e+00
-6.899276971817016602e-01,-3.031902313232421875e-01
2.423718929290771484e+00,-9.369512200355529785e-01
2.225126028060913086e-01,1.769858360290527344e+00
1.356015324592590332e+00,3.963452339172363281e+00
2.651553153991699219e+00,-4.489998221397399902e-01
1.845766544342041016e+00,2.972048044204711914e+00
-2.792865276336669922e+00,-3.202600717544555664e+00
2.441807985305786133e-01,4.509874343872070312e+00
-2.232694864273071289e+00,2.397425413131713867e+00
-1.943307161331176758e+00,2.700321912765502930e+00
-1.451457977294921875e+00,1.662997603416442871e+00
-2.043765783309936523e+00,2.354013681411743164e+00
-3.417378902435302734e+00,3.328209400177001953e+00
-2.818486213684082031e+00,3.375739336013793945e+00
1.393408179283142090e+00,2.970529079437255859e+00
-1.676563143730163574e+00,-5.240724682807922363e-01
-3.369149684906005859e+00,7.750605940818786621e-01
-3.101008892059326172e+00,-1.048822760581970215e+00
-2.133996725082397461e+00,2.949302673339843750e+00
-9.916309118270874023e-01,-2.003896236419677734e+00
-2.952462434768676758e+00,-5.444168448448181152e-01
1.021057009696960449e+00,3.960797309875488281e+00
-3.760822296142578125e+00,1.767775535583496094e+00
-7.181178331375122070e-01,4.815577983856201172e+00
8.886353373527526855e-01,-5.458536148071289062e-01
-4.483860969543457031e+00,-1.052730798721313477e+00
8.590855598449707031e-01,3.474356412887573242e+00
3.495432436466217041e-01,1.286091804504394531e+00
1.219221591949462891e+00,4.135840892791748047e+00
-2.382113218307495117e+00,7.558169364929199219e-01
-2.336471796035766602e+00,2.667496681213378906e+00
9.306991100311279297e-01,1.374643087387084961e+00
-3.917876482009887695e+00,5.465770363807678223e-01
-3.909857273101806641e+00,3.525383949279785156e+00
-6.535108089447021484e-01,-1.918054372072219849e-01
-1.081787631846964359e-03,-2.836536169052124023e+00
7.424994558095932007e-02,7.991144657135009766e-01
-4.323382854461669922e+00,1.619889736175537109e+00
-3.268943071365356445e+00,1.460017085075378418e+00
5.351668596267700195e-01,1.340216755867004395e+00
-8.094100356101989746e-01,4.868898391723632812e+00
-1.174836277961730957e+00,-2.245589256286621094e+00
1.650606751441955566e+00,2.052152007818222046e-01
-1.514533996582031250e+00,9.741324782371520996e-01
-1.671054005622863770e+00,4.856417179107666016e+00
-4.845220565795898438e+00,3.629050403833389282e-02
-3.085669279098510742e+00,1.501444935798645020e+00
-2.702113389968872070e-01,2.677273273468017578e+00
9.886791706085205078e-01,1.094551444053649902e+00
-1.535363435745239258e+00,-1.374308466911315918e+00
-2.228364944458007812e-01,2.092375993728637695e+00
-1.447783857583999634e-01,-2.981315135955810547e+00
1.587547302246093750e+00,-3.718729317188262939e-01
-1.523780822753906250e+00,4.874063491821289062e+00
-2.944802045822143555e+00,2.251856088638305664e+00
6.382533311843872070e-01,2.090553045272827148e+00
-1.310431599617004395e+00,7.196273207664489746e-01
-7.464311718940734863e-01,3.585158824920654297e+00
-7.249467372894287109e-01,-1.033180117607116699e+00
1.895980119705200195e+00,3.213122606277465820e+00
2.069660425186157227e+00,1.110788464546203613e+00
-4.723716259002685547e+00,2.373497009277343750e+00
-6.381600499153137207e-01,3.339090108871459961e+00
-3.283594369888305664e+00,1.068527027964591980e-01
-6.441554427146911621e-01,8.113222569227218628e-02
1.054000258445739746e+00,2.186283111572265625e+00
2.615241110324859619e-01,-1.587343811988830566e+00
-9.013852477073669434e-01,2.576428651809692383e+00
-4.016250133514404297e+00,1.568282842636108398e+00
8.287730813026428223e-01,1.852896511554718018e-01
-4.685048103332519531e+00,9.959180951118469238e-01
-2.315686941146850586e-01,-3.057402372360229492e+00
-3.424575567245483398e+00,6.675030589103698730e-01
3.812702596187591553e-01,5.428657308220863342e-02
1.619036793708801270e+00,3.338117122650146484e+00
-8.696600198745727539e-01,1.640798449516296387e+00
-4.238246917724609375e+00,3.384234309196472168e-01
-1.422708392143249512e+00,1.200456500053405762e+00
-3.754562437534332275e-01,-2.280372142791748047e+00
6.592611074447631836e-01,2.425174236297607422e+00
-3.279763698577880859e+00,3.288855314254760742e+00
1.606824994087219238e+00,-7.073959112167358398e-01
-3.476973056793212891e+00,-4.471840560436248779e-01
-1.569829583168029785e-01,1.667047500610351562e+00
-3.421217679977416992e+00,-1.794720292091369629e-01
-1.773804783821105957e+00,-7.116994261741638184e-01
1.066047549247741699e+00,2.483713388442993164e+00
-1.571956515312194824e+00,4.994321346282958984e+00
1.119480133056640625e+00,3.567928075790405273e+00
-4.349767208099365234e+00,2.249164342880249023e+00
9.168079495429992676e-01,4.128824234008789062e+00
-3.211746811866760254e-01,9.648862481117248535e-01
4.740519821643829346e-01,3.472280979156494141e+00
-3.572033882141113281e+00,1.751683592796325684e+00
-1.596863985061645508e+00,2.484821230173110962e-01
-1.331013441085815430e+00,-2.312281876802444458e-01
-1.762508153915405273e+00,9.433890581130981445e-01
8.561667203903198242e-01,1.901379376649856567e-01
-4.755160212516784668e-01,8.392951637506484985e-02
1.731957435607910156e+00,1.021671652793884277e+00
3.509110510349273682e-01,4.973167419433593750e+00
-2.995828628540039062e+00,9.996686577796936035e-01
-7.073460817337036133e-01,4.073789119720458984e+00
-2.142955780029296875e+00,-3.215563774108886719e+00
-2.695708036422729492e+00,2.760411262512207031e+00
-1.905701875686645508e+00,-3.487982273101806641e+00
1.112021446228027344e+00,2.332014143466949463e-01
-3.680318593978881836e+00,2.823303222656250000e+00
-2.878996610641479492e+00,3.331288993358612061e-01
1.611779689788818359e+00,3.072132110595703125e+00
-2.744144201278686523e+00,-3.306108236312866211e+00
-4.700638294219970703e+00,9.939220547676086426e-01
-2.234478950500488281e+00,4.516124248504638672e+00
1.098324179649353027e+00,4.561787128448486328e+00
-7.965957522392272949e-01,4.930081844329833984e+00
-1.932271569967269897e-01,1.998066663742065430e+00
-3.880801677703857422e+00,1.765605568885803223e+00
-1.666921854019165039e+00,1.710026860237121582e+00
1.702124625444412231e-01,4.224992990493774414e-01
3.178773164749145508e+00,3.128950893878936768e-01
-7.652673125267028809e-01,6.963114142417907715e-01
-3.347840785980224609e+00,1.037572145462036133e+00
-3.972376823425292969e+00,-1.645600676536560059e+00
-4.260002613067626953e+00,6.912889480590820312e-01
-4.071205615997314453e+00,-2.922028899192810059e-01
1.894223242998123169e-01,8.377935290336608887e-01
-1.859873414039611816e+00,-2.867479920387268066e-01
-4.448805809020996094e+00,2.025244712829589844e+00
8.736216276884078979e-02,1.600934863090515137e+00
-1.886837184429168701e-01,3.066364288330078125e+00
3.391318321228027344e-01,3.140044450759887695e+00
-1.969246625900268555e+00,-3.600319921970367432e-01
-4.900239109992980957e-01,1.935968518257141113e+00
-1.562507629394531250e+00,-1.252187132835388184e+00
1.124902725219726562e+00,2.183625698089599609e+00
2.020980596542358398e+00,3.426774024963378906e+00
-5.992294549942016602e-01,9.759752154350280762e-01
-2.226363897323608398e+00,4.049169063568115234e+00
-2.506192684173583984e+00,2.788558244705200195e+00
-1.033803582191467285e+00,-7.676457166671752930e-01
-3.327342033386230469e+00,9.952574968338012695e-01
-5.306960582733154297e+00,1.561764478683471680e-01
-9.022132754325866699e-01,2.136964797973632812e+00
-4.031771659851074219e+00,-1.955334067344665527e+00
-1.287287831306457520e+00,3.446345567703247070e+00
-1.223436951637268066e+00,4.957419395446777344e+00
1.960988193750381470e-01,-2.757082223892211914e+00
7.977825403213500977e-01,1.129852056503295898e+00
-1.730616211891174316e+00,1.551609992980957031e+00
1.319079756736755371e+00,3.412839770317077637e-02
1.503591179847717285e+00,3.313960075378417969e+00
-9.407072663307189941e-01,3.065007925033569336e+00
9.378628134727478027e-01,3.117299318313598633e+00
1.079696416854858398e-01,-4.396608173847198486e-01
-3.894090175628662109e+00,1.099094510078430176e+00
-4.921059608459472656e+00,5.967719554901123047e-01
-3.196500301361083984e+00,6.771386414766311646e-02
-1.837856888771057129e+00,-3.109601259231567383e+00
-1.092123389244079590e+00,2.591543436050415039e+00
-2.423682928085327148e+00,-3.632566034793853760e-01
2.681049585342407227e+00,2.674679994583129883e+00
-3.577192127704620361e-01,7.006108760833740234e-01
-2.046633958816528320e+00,3.093814611434936523e+00
2.340756654739379883e-01,4.000909328460693359e+00
-2.159633487462997437e-01,2.836490631103515625e+00
1.281631350517272949e+00,2.098359346389770508e+00
-5.916904807090759277e-01,1.876287817955017090e+00
-2.698820829391479492e+00,3.364783525466918945e+00
-2.951555967330932617e+00,1.344842076301574707e+00
-1.226255774497985840e+00,7.800319194793701172e-01
-3.983571052551269531e+00,-7.244712710380554199e-01
-2.312932252883911133e+00,1.281826496124267578e+00
-7.225465774536132812e-01,-3.406134843826293945e-01
-2.095779895782470703e+00,4.430236816406250000e+00
-2.339974880218505859e+00,-3.585282564163208008e+00
-1.311801910400390625e+00,4.021269321441650391e+00
-2.339028835296630859e+00,2.056496381759643555e+00
8.898993134498596191e-01,2.002427816390991211e+00
2.080791950225830078e+00,3.340199470520019531e+00
-4.415213108062744141e+00,-1.006711840629577637e+00
-2.218604087829589844e+00,2.747946977615356445e+00
-2.131672143936157227e+00,-7.597971558570861816e-01
-1.904244065284729004e+00,8.736459016799926758e-01
4.711010754108428955e-01,4.135452747344970703e+00
2.944086074829101562e+00,3.669211268424987793e-02
9.514798521995544434e-01,4.299337863922119141e+00
7.929772734642028809e-01,-1.294207453727722168e+00
-3.605604410171508789e+00,6.989726424217224121e-01
5.251130461692810059e-01,7.355812788009643555e-01
-4.970856189727783203e+00,1.580596923828125000e+00
-4.090335369110107422e+00,-1.271277308464050293e+00
-1.594577074050903320e+00,1.308831810951232910e+00
-2.656491041183471680e+00,2.413578271865844727e+00
-2.120045185089111328e+00,-1.907650947570800781e+00
-2.164794683456420898e+00,-3.613910436630249023e+00
-1.512421369552612305e+00,-3.359939754009246826e-01
-1.192167162895202637e+00,-1.365726113319396973e+00
5.216065049171447754e-01,-1.238124966621398926e+00
-3.444430589675903320e+00,-1.899267196655273438e+00
-2.738248348236083984e+00,8.624747395515441895e-01
-3.011852741241455078e+00,3.463359117507934570e+00
-3.566029071807861328e+00,2.477516412734985352e+00
2.226018905639648438e+00,1.501779437065124512e+00
-3.190410375595092773e+00,-2.437374353408813477e+00
-3.953028440475463867e+00,3.536888360977172852e+00
-6.316794082522392273e-03,2.561220884323120117e+00
4.775930345058441162e-01,4.122589111328125000e+00
-8.117340803146362305e-01,2.322472095489501953e+00
-3.818528890609741211e+00,3.664938926696777344e+00
-1.150498032569885254e+00,4.827944755554199219e+00
1.057234928011894226e-01,1.770068049430847168e+00
-3.509862661361694336e+00,-1.636361956596374512e+00
-2.792015790939331055e+00,1.237617611885070801e+00
-3.387219905853271484e-01,-6.884345412254333496e-01
-2.005660533905029297e+00,-3.394831895828247070e+00
-3.507836818695068359e+00,9.618361592292785645e-01
3.834996819496154785e-01,1.976624965667724609e+00
-3.827759623527526855e-01,4.103582382202148438e+00
-1.058776974678039551e+00,3.120258808135986328e+00
8.503785133361816406e-01,-7.726092338562011719e-01
-2.535674571990966797e+00,1.279203057289123535e+00
-1.484429717063903809e+00,-3.115917444229125977e-01
-1.850485324859619141e+00,-3.185024976730346680e+00
5.704743266105651855e-01,3.810006618499755859e+00
-1.914996266365051270e+00,4.092090129852294922e+00
-6.659667491912841797e-01,4.092606067657470703e+00
1.261090934276580811e-01,2.771255970001220703e+00
2.566004276275634766e+00,2.355821371078491211e+00
2.699258565902709961e+00,-8.512446880340576172e-01
-9.242905974388122559e-01,2.178839206695556641e+00
1.092861175537109375e+00,4.258439540863037109e+00
-1.755725741386413574e+00,7.464223504066467285e-01
-1.827704668045043945e+00,4.344330787658691406e+00
-3.635758399963378906e+00,-2.735970973968505859e+00
-2.868235349655151367e+00,-2.189139842987060547e+00
-3.529248237609863281e+00,-1.592971086502075195e+00
-1.282249093055725098e+00,3.399767160415649414e+00
-4.463776588439941406e+00,1.000625371932983398e+00
-1.526469588279724121e+00,2.750189304351806641e+00
1.282216429710388184e+00,6.637054085731506348e-01
-2.363337755203247070e+00,-2.838853836059570312e+00
8.044168353080749512e-01,3.622469186782836914e+00
8.409029841423034668e-01,4.234750747680664062e+00
-3.892539024353027344e+00,2.555112600326538086e+00
-6.771777868270874023e-01,4.584261894226074219e+00
-1.119600415229797363e+00,3.044939994812011719e+00
-1.833433985710144043e+00,-7.270838618278503418e-01
-2.868983983993530273e+00,2.039936542510986328e+00
1.772013902664184570e+00,3.560266196727752686e-01
9.868949651718139648e-01,-7.672891616821289062e-01
1.709221005439758301e+00,2.519142329692840576e-01
2.291301012039184570e+00,1.062371373176574707e+00
-1.092567563056945801e+00,-8.319272994995117188e-01
7.481714338064193726e-02,-4.701220691204071045e-01
-1.842286944389343262e+00,4.833741188049316406e-01
-2.698227882385253906e+00,2.844455838203430176e-01
-2.187590122222900391e+00,6.574528217315673828e-01
-3.768829107284545898e+00,5.870123580098152161e-02
6.085637807846069336e-01,2.908309996128082275e-01
2.560990154743194580e-01,2.282113075256347656e+00
-3.199801921844482422e+00,3.946501314640045166e-01
2.363631486892700195e+00,8.206595778465270996e-01
-1.719297051429748535e+00,-6.009988784790039062e-01
-9.715275168418884277e-01,-2.022270202636718750e+00
-3.467974424362182617e+00,3.338654041290283203e+00
-3.286491394042968750e+00,-1.594875335693359375e+00
-1.861126184463500977e+00,-3.124683618545532227e+00
-3.980949640274047852e+00,-1.678913384675979614e-01
1.478673577308654785e+00,3.805533409118652344e+00
-3.375059843063354492e+00,-2.211457967758178711e+00
1.478217840194702148e+00,-7.714716196060180664e-01
1.288922429084777832e+00,3.392716169357299805e+00
-5.305408239364624023e-01,9.948073625564575195e-01
1.909306794404983521e-01,1.290770173072814941e+00
-8.358523845672607422e-01,-1.860815405845642090e+00
-1.888365387916564941e+00,4.135336875915527344e+00
2.509764581918716431e-02,2.517693042755126953e+00
2.047132492065429688e+00,9.468759298324584961e-01
-4.298271238803863525e-01,1.054697990417480469e+00
-2.492046594619750977e+00,-3.359285354614257812e+00
-3.185234069824218750e+00,4.036211669445037842e-01
-3.833178043365478516e+00,3.533381462097167969e+00
-5.353907942771911621e-01,4.244960784912109375e+00
-1.451223254203796387e+00,-9.826192259788513184e-01
7.781639695167541504e-02,3.849132537841796875e+00
-1.028765439987182617e+00,2.171134233474731445e+00
-1.541006207466125488e+00,4.710765361785888672e+00
-3.289961516857147217e-01,2.947774171829223633e+00
-2.748251199722290039e+00,2.591909408569335938e+00
2.497612237930297852e+00,-5.970237776637077332e-03
-2.525754451751708984e+00,2.467149496078491211e+00
1.922586560249328613e+00,3.418253421783447266e+00
1.454315543174743652e+00,-2.603991031646728516e-01
7.647433876991271973e-01,1.896633267402648926e+00
-1.681866168975830078e+00,2.894041299819946289e+00
-3.630443572998046875e+00,3.730326425284147263e-04
3.172682762145996094e+00,3.023203313350677490e-01
-1.691239356994628906e+00,4.198197364807128906e+00
-5.661349296569824219e-01,1.765461206436157227e+00
-4.137690067291259766e-01,1.907263875007629395e+00
-1.851178050041198730e+00,4.871207714080810547e+00
-2.766153335571289062e+00,-4.020289480686187744e-01
-3.402841567993164062e+00,4.672662615776062012e-01
1.944900631904602051e+00,3.785490512847900391e+00
-1.991064190864562988e+00,6.369498968124389648e-01
-3.639774084091186523e+00,1.611790806055068970e-01
-3.347824811935424805e+00,-8.556030392646789551e-01
1.796839237213134766e+00,1.707754254341125488e+00
-2.411892265081405640e-01,1.685357093811035156e+00
-5.093051433563232422e+00,2.389775514602661133e-01
-4.445606708526611328e+00,2.002367019653320312e+00
-3.398699998855590820e+00,1.448649048805236816e+00
-2.592076778411865234e+00,2.496466636657714844e+00
-6.054575443267822266e-01,-4.126946628093719482e-01
-3.470466852188110352e+00,4.659821689128875732e-01
-1.122886180877685547e+00,7.988372445106506348e-01
2.648757934570312500e+00,1.641211509704589844e+00
-2.887254476547241211e+00,1.293201804161071777e+00
1.357625871896743774e-01,-6.754927337169647217e-02
-2.128083467483520508e+00,-7.478030920028686523e-01
-1.043392896652221680e+00,4.801737785339355469e+00
1.777364492416381836e+00,1.276365637779235840e+00
-2.792748212814331055e+00,-3.037484586238861084e-01
-2.760476350784301758e+00,-2.214129924774169922e+00
-4.726599693298339844e+00,3.123029470443725586e-01
-6.098335385322570801e-01,4.612765312194824219e+00
-4.101661205291748047e+00,1.049774527549743652e+00
2.698933839797973633e+00,2.668033599853515625e+00
-2.352653741836547852e+00,9.578464627265930176e-01
1.938914060592651367e-01,4.877800941467285156e+00
1.581263065338134766e+00,1.868191957473754883e+00
1.698357343673706055e+00,3.195908546447753906e+00
-3.243775844573974609e+00,2.313878387212753296e-01
-1.759157299995422363e+00,-1.549512296915054321e-01
-4.442564010620117188e+00,1.647091984748840332e+00
-3.776722192764282227e+00,-2.649730682373046875e+00
-1.035923361778259277e+00,3.196459293365478516e+00
-1.153412699699401855e+00,3.225868940353393555e+00
1.991529583930969238e+00,-1.275701642036437988e+00
-4.714166522026062012e-01,1.112853765487670898e+00
-6.998197436332702637e-01,3.188201189041137695e+00
-2.594626843929290771e-01,4.217494010925292969e+00
-3.277144432067871094e+00,-1.884164690971374512e+00
-7.188951969146728516e-01,1.886467456817626953e+00
-4.280719757080078125e+00,7.114314436912536621e-01
3.221898972988128662e-01,1.799497604370117188e+00
-3.383558511734008789e+00,-2.259429931640625000e+00
3.101382732391357422e+00,2.775331437587738037e-01
1.245878219604492188e+00,1.151546955108642578e+00
7.220314741134643555e-01,1.186838507652282715e+00
1.930423021316528320e+00,2.180556774139404297e+00
-1.997142910957336426e+00,4.821496009826660156e+00
1.124804496765136719e+00,2.780346870422363281e+00
-2.694397687911987305e+00,7.289507240056991577e-02
8.574605584144592285e-01,4.234252452850341797e+00
9.091412425041198730e-01,3.458662509918212891e+00
4.518163204193115234e-01,-9.666931629180908203e-01
-2.571570634841918945e+00,-3.427446365356445312e+00
-8.929620683193206787e-02,-2.933085441589355469e+00
2.185633778572082520e-01,4.731896877288818359e+00
-1.912209540605545044e-01,3.536601066589355469e-01
1.423901677131652832e+00,4.227100372314453125e+00
5.919181704521179199e-01,2.119739055633544922e-01
1.167510151863098145e+00,4.660329222679138184e-01
-1.766261696815490723e+00,8.478083610534667969e-01
-1.102051019668579102e+00,-2.046516656875610352e+00
9.089088439941406250e-01,8.702821135520935059e-01
-3.843244552612304688e+00,3.659219980239868164e+00
-9.658343195915222168e-01,4.914873600006103516e+00
7.948294878005981445e-01,-5.605778098106384277e-01
-3.815701603889465332e-01,2.588969945907592773e+00
-4.741312265396118164e-01,1.496958255767822266e+00
-4.026491641998291016e+00,-1.355859935283660889e-01
-4.692212581634521484e+00,1.460000991821289062e+00
1.737348794937133789e+00,2.655900478363037109e+00
-1.079277396202087402e+00,2.809354543685913086e+00
-2.810685634613037109e+00,-2.275269985198974609e+00
-2.799421548843383789e+00,1.667313724756240845e-01
-2.901090621948242188e+00,-2.147048950195312500e+00
-3.401894092559814453e+00,-2.149464607238769531e+00
7.893307805061340332e-01,-5.289970636367797852e-01
-1.154532432556152344e+00,7.479428499937057495e-02
-5.159160614013671875e+00,6.777418255805969238e-01
-3.431087493896484375e+00,-1.101892113685607910e+00
7.084705233573913574e-01,1.174470782279968262e+00
-3.226081132888793945e+00,2.121730744838714600e-01
-3.256132602691650391e+00,-2.386001348495483398e+00
-1.422100305557250977e+00,3.332955837249755859e+00
-2.198197364807128906e+00,-3.124615430831909180e+00
-3.388434648513793945e+00,-1.766552805900573730e+00
2.066449642181396484e+00,1.296714305877685547e+00
-4.510690212249755859e+00,-1.100183486938476562e+00
1.107326149940490723e+00,2.260725498199462891e+00
-3.716429233551025391e+00,-1.091832756996154785e+00
1.247746825218200684e+00,7.783865928649902344e-01
-2.074957370758056641e+00,2.403967380523681641e+00
-1.796129792928695679e-01,4.386616945266723633e-01
-7.696311473846435547e-01,4.161230564117431641e+00
-3.538515090942382812e+00,3.021724462509155273e+00
2.168460607528686523e+00,1.312237501144409180e+00
-1.579221725463867188e+00,3.118959665298461914e+00
2.913143634796142578e+00,1.192707270383834839e-01
-3.802820682525634766e+00,1.801730394363403320e+00
-1.876057147979736328e+00,1.285759925842285156e+00
-8.635343909263610840e-01,3.990388631820678711e+00
-4.533847868442535400e-01,5.171393156051635742e-01
-1.681713938713073730e+00,1.433769226074218750e+00
-4.652663707733154297e+00,2.301056623458862305e+00
-1.445039808750152588e-01,1.862622618675231934e+00
6.683824062347412109e-01,3.538021087646484375e+00
-1.531444191932678223e+00,2.280009746551513672e+00
7.578709721565246582e-01,1.643765211105346680e+00
7.246673852205276489e-02,8.458227515220642090e-01
-2.258659839630126953e+00,-8.110820502042770386e-02
-8.448870182037353516e-01,-2.089389324188232422e+00
2.933923006057739258e+00,7.353843748569488525e-02
2.884147644042968750e+00,3.049002885818481445e+00
-1.925989866256713867e+00,4.401946067810058594e+00
1.616323113441467285e+00,1.513512015342712402e+00
6.108950972557067871e-01,2.853626251220703125e+00
-4.660363674163818359e+00,9.266871809959411621e-01
1.374306976795196533e-01,-2.750156879425048828e+00
-1.933793425559997559e+00,-1.082881927490234375e+00
2.722048461437225342e-01,1.993834614753723145e+00
-2.692401647567749023e+00,1.935713171958923340e+00
-3.658135414123535156e+00,-8.194869160652160645e-01
7.598626613616943359e-01,7.175096273422241211e-01
-2.330727428197860718e-01,4.599373817443847656e+00
6.845083832740783691e-01,-2.954281168058514595e-03
-1.347445368766784668e+00,4.621911525726318359e+00
-3.963322877883911133e+00,-1.440595276653766632e-02
-1.427870512008666992e+00,4.066835880279541016e+00
1.285030007362365723e+00,2.862694263458251953e+00
-1.786187887191772461e+00,2.066528797149658203e+00
9.915040731430053711e-01,4.411234378814697266e+00
-8.088642954826354980e-01,2.370215177536010742e+00
-5.723680853843688965e-01,2.002985954284667969e+00
-1.511097073554992676e+00,-8.671416342258453369e-02
-5.214766025543212891e+00,5.996568799018859863e-01
-8.154785633087158203e-01,3.027331352233886719e+00
-1.666079998016357422e+00,4.391221523284912109e+00
-2.807251214981079102e+00,2.672441720962524414e+00
-2.795118331909179688e+00,7.422466278076171875e-01
2.111583948135375977e+00,1.010041594505310059e+00
-9.774842858314514160e-01,2.114005804061889648e+00
5.524488091468811035e-01,3.839034557342529297e+00
2.235664606094360352e+00,3.404081821441650391e+00
-4.925595283508300781e+00,-8.362841606140136719e-01
-1.644645214080810547e+00,2.120226860046386719e+00
-2.127462387084960938e+00,-3.110660552978515625e+00
1.515993356704711914e+00,1.237740755081176758e+00
-1.337723135948181152e+00,1.131830334663391113e+00
2.685281038284301758e+00,2.899974286556243896e-01
-4.878687560558319092e-01,1.582391113042831421e-01
-3.238336324691772461e+00,5.938435792922973633e-01
2.672560453414916992e+00,1.991629242897033691e+00
2.427323348820209503e-02,4.600703239440917969e+00
1.570148825645446777e+00,3.258000373840332031e+00
7.072950601577758789e-01,-1.432512760162353516e+00
-1.236277818679809570e+00,-2.122005939483642578e+00
-2.576840400695800781e+00,3.432714462280273438e+00
7.830733060836791992e-01,-8.409886360168457031e-01
7.182987928390502930e-01,3.767186880111694336e+00
1.318510808050632477e-02,2.015066146850585938e+00
7.720063328742980957e-01,-7.031532526016235352e-01
-3.315487384796142578e+00,2.016170740127563477e+00
-2.036574363708496094e+00,1.016826987266540527e+00
2.734848737716674805e+00,-1.215569376945495605e-01
3.019215822219848633e+00,1.280189752578735352e+00
3.001146554946899414e+00,2.462349683046340942e-01
-4.015795707702636719e+00,-1.108604520559310913e-01
-9.484041482210159302e-03,4.783493518829345703e+00
-2.581468582153320312e+00,-3.184248208999633789e+00
-3.200257301330566406e+00,-8.892586827278137207e-01
-7.370912283658981323e-02,-2.883316993713378906e+00
-4.701319217681884766e+00,2.433272838592529297e+00
-8.386201262474060059e-01,4.617038249969482422e+00
2.542973160743713379e-01,2.862030267715454102e+00
-2.511044740676879883e+00,-1.196341753005981445e+00
-1.687950730323791504e+00,-6.593495011329650879e-01
-2.254810571670532227e+00,2.031531810760498047e+00
1.739761471748352051e+00,2.061187982559204102e+00
-3.994420766830444336e+00,1.433632016181945801e+00
-2.997595787048339844e+00,5.430457592010498047e-01
3.100210189819335938e+00,-2.973673939704895020e-01
-1.507710218429565430e+00,4.968001246452331543e-01
-3.539568424224853516e+00,3.025197029113769531e+00
-2.076833724975585938e+00,6.807065010070800781e-01
-4.559925556182861328e+00,-1.298437118530273438e+00
9.341197609901428223e-01,2.827371835708618164e+00
-1.120942115783691406e+00,1.739557027816772461e+00
-1.123837232589721680e+00,3.681576728820800781e+00
-4.040436267852783203e+00,1.221966981887817383e+00
2.016700029373168945e+00,3.271089792251586914e+00
-1.084718227386474609e+00,-1.946161985397338867e-01
1.999740600585937500e+00,7.761029005050659180e-01
-3.003772497177124023e+00,7.301872372627258301e-01
-2.117917060852050781e+00,-3.136567115783691406e+00
1.014059066772460938e+00,-6.603628396987915039e-01
-1.218094229698181152e+00,2.544057846069335938e+00
-2.978286266326904297e+00,1.463792443275451660e+00
5.063221454620361328e-01,1.823319911956787109e+00
7.202525138854980469e-01,1.379269003868103027e+00
-6.162921786308288574e-01,4.358365535736083984e+00
-1.187481045722961426e+00,2.085036039352416992e-01
-3.496702909469604492e+00,2.516724586486816406e+00
1.599949955940246582e+00,-6.719618439674377441e-01
-2.269908666610717773e+00,2.620327711105346680e+00
-2.897383451461791992e+00,-1.814184784889221191e+00
1.704141616821289062e+00,1.920914292335510254e+00
2.468165159225463867e+00,2.995117425918579102e+00
1.068622708320617676e+00,4.344545364379882812e+00
-2.612422943115234375e+00,-3.140273332595825195e+00
-5.231499195098876953e+00,-5.696393921971321106e-02
-1.568827033042907715e+00,4.652670860290527344e+00
1.548870086669921875e+00,2.671604871749877930e+00
-1.025566935539245605e+00,3.211781263351440430e+00
-1.202560663223266602e-01,-2.475800514221191406e-01
6.442070007324218750e-02,1.615808248519897461e+00
1.582912206649780273e+00,2.177056550979614258e+00
-2.966802120208740234e+00,2.752381801605224609e+00
-1.014413461089134216e-01,4.516697406768798828e+00
-4.445885658264160156e+00,1.342135787010192871e+00
-7.407020330429077148e-01,-1.940641641616821289e+00
1.373108267784118652e+00,4.423048019409179688e+00
1.592552065849304199e+00,7.005776166915893555e-01
-4.783284664154052734e+00,4.293207228183746338e-01
8.911408185958862305e-01,2.703790903091430664e+00
-2.225113153457641602e+00,8.504117131233215332e-01
-1.852041959762573242e+00,2.839317917823791504e-01
-4.226935863494873047e+00,2.295702219009399414e+00
-4.601774692535400391e+00,4.590440988540649414e-01
-4.519821643829345703e+00,-2.379160523414611816e-01
-1.268270373344421387e+00,4.640458583831787109e+00
-1.323152303695678711e+00,2.022880464792251587e-01
2.925698518753051758e+00,2.090535879135131836e+00
-1.696858525276184082e+00,4.200327873229980469e+00
-1.950843036174774170e-01,2.994904756546020508e+00
-4.514369010925292969e+00,2.616386890411376953e+00
-5.267742633819580078e+00,6.738764047622680664e-01
-2.206959486007690430e+00,2.545664906501770020e-01
5.787627696990966797e-01,5.003811717033386230e-01
-4.062573313713073730e-01,4.522407054901123047e+00
-4.803749084472656250e+00,2.374486684799194336e+00
2.299987316131591797e+00,2.765550851821899414e+00
-3.846108675003051758e+00,5.878856182098388672e-01
-2.838823080062866211e+00,7.132454514503479004e-01
-3.985715627670288086e+00,1.201510071754455566e+00
1.361034393310546875e+00,-5.969718471169471741e-02
1.188944727182388306e-01,-6.226741075515747070e-01
-3.559635162353515625e+00,-2.840899229049682617e+00
-4.449835777282714844e+00,-1.205960869789123535e+00
-3.663827180862426758e+00,2.419105768203735352e+00
9.068984985351562500e-01,-1.483791947364807129e+00
-2.418016910552978516e+00,2.296748161315917969e-01
1.217674016952514648e+00,2.846875190734863281e+00
-7.523270249366760254e-01,3.102580308914184570e+00
-4.213280200958251953e+00,6.508777141571044922e-01
-4.166404247283935547e+00,-1.931467413902282715e+00
3.119722366333007812e+00,3.062880039215087891e-01
-2.898638010025024414e+00,-1.165786743164062500e+00
3.788557648658752441e-01,2.764084339141845703e+00
-1.742480278015136719e+00,4.014804363250732422e+00
-5.789628997445106506e-02,1.907538890838623047e+00
-3.860796451568603516e+00,-3.291827738285064697e-01
-4.822363853454589844e+00,2.341350078582763672e+00
1.913753032684326172e+00,3.745185613632202148e+00
-1.146821975708007812e+00,3.549646437168121338e-01
-4.875891685485839844e+00,2.343626618385314941e-01
2.135628461837768555e+00,2.137528419494628906e+00
-8.970818519592285156e-01,1.335838437080383301e+00
4.372500777244567871e-01,6.794893145561218262e-01
1.111969113349914551e+00,3.308651447296142578e+00
-2.400609016418457031e+00,7.639331817626953125e-01
9.267666339874267578e-01,3.705442249774932861e-01
-4.275758266448974609e+00,-5.912184119224548340e-01
-2.135226964950561523e+00,-5.313243865966796875e-01
1.620582222938537598e+00,3.897080421447753906e+00
-8.553315997123718262e-01,3.371190786361694336e+00
-9.947227835655212402e-01,1.674847006797790527e+00
1.898719310760498047e+00,2.849768400192260742e+00
-1.608772516250610352e+00,1.304069280624389648e+00
-2.890083789825439453e+00,1.884195208549499512e-01
-3.909567356109619141e+00,3.410081386566162109e+00
-2.615867614746093750e+00,-1.825046539306640625e-01
-4.948418617248535156e+00,1.598120212554931641e+00
-7.276850342750549316e-01,-1.735521078109741211e+00
2.318214178085327148e-01,-1.677516460418701172e+00
-1.069825887680053711e+00,-3.605483770370483398e+00
-2.216572612524032593e-01,-2.996180772781372070e+00
6.998127698898315430e-01,9.166355133056640625e-01
7.882938385009765625e-01,-1.172050833702087402e+00
2.191854238510131836e+00,3.651732206344604492e+00
-3.225509643554687500e+00,2.518813371658325195e+00
-2.869691133499145508e+00,2.260764598846435547e+00
-1.442247748374938965e+00,-3.430843651294708252e-01
-7.660844922065734863e-01,1.041790127754211426e+00
-1.538024097681045532e-01,2.972658157348632812e+00
-1.731518268585205078e+00,4.077978134155273438e+00
-2.651915311813354492e+00,2.786474227905273438e+00
8.334889411926269531e-01,3.594847202301025391e+00
-9.432645887136459351e-02,2.536789178848266602e+00
-1.197266802191734314e-01,1.870650053024291992e+00
-1.229912519454956055e+00,3.719020128250122070e+00
1.501374006271362305e+00,6.923810243606567383e-01
7.576504349708557129e-01,2.609865427017211914e+00
1.329075098037719727e+00,1.381243586540222168e+00
1.475282460451126099e-01,-2.110002517700195312e+00
-4.842533469200134277e-01,-2.531991899013519287e-01
3.963031172752380371e-01,3.347674369812011719e+00
-2.206412553787231445e+00,1.277794241905212402e+00
-2.447211742401123047e+00,2.462511777877807617e+00
2.495143651962280273e+00,7.323019951581954956e-02
-2.700233757495880127e-01,6.378144025802612305e-01
-3.385739326477050781e+00,4.791025519371032715e-01
-4.026414394378662109e+00,1.424636602401733398e+00
-3.167189359664916992e+00,3.167526960372924805e+00
-3.292955875396728516e+00,2.946033716201782227e+00
-7.736142873764038086e-01,2.224588394165039062e+00
-8.855708241462707520e-01,3.058401584625244141e+00
-2.576298236846923828e+00,2.038073301315307617e+00
-1.959766507148742676e+00,4.460193157196044922e+00
-6.366209983825683594e-01,4.357646465301513672e+00
8.820904791355133057e-02,9.046770930290222168e-01
6.946026533842086792e-02,1.340550661087036133e+00
-2.688786983489990234e+00,-3.328229188919067383e+00
1.422258734703063965e+00,3.271152079105377197e-01
-1.271124958992004395e+00,-2.152224779129028320e+00
-1.658617615699768066e+00,1.864106655120849609e+00
-3.580451726913452148e+00,3.217850923538208008e-01
-2.738315820693969727e+00,3.391572237014770508e-01
-3.642876148223876953e+00,3.463268518447875977e+00
-1.453173458576202393e-01,-2.915891170501708984e+00
-1.215518832206726074e+00,1.376498639583587646e-01
4.631024301052093506e-01,4.123759746551513672e+00
1.378448367118835449e+00,5.798404663801193237e-02
-1.023164868354797363e+00,4.974293708801269531e+00
-1.666894912719726562e+00,3.305881261825561523e+00
1.099825620651245117e+00,-1.639411687850952148e+00
-3.248368501663208008e+00,-4.784492552280426025e-01
-8.847624063491821289e-01,4.642810344696044922e+00
-1.327184796333312988e+00,1.474186062812805176e+00
-3.390607833862304688e+00,-2.233525961637496948e-01
-3.525169134140014648e+00,3.533320128917694092e-02
-5.861693620681762695e-01,5.083392858505249023e-01
-4.375219821929931641e+00,-2.133847713470458984e+00
-6.680764555931091309e-01,5.958533883094787598e-01
-4.245228767395019531e+00,-7.363830804824829102e-01
-1.098119735717773438e+00,1.427390336990356445e+00
-3.258450984954833984e+00,-7.828621864318847656e-01
-1.500221490859985352e+00,5.574756264686584473e-01
-2.759310245513916016e+00,-2.116568088531494141e+00
9.865639209747314453e-01,4.424934864044189453e+00
2.032504796981811523e+00,3.434025764465332031e+00
2.379812955856323242e+00,8.264818787574768066e-01
-3.902043774724006653e-02,3.189411401748657227e+00
-2.812213420867919922e+00,2.663042783737182617e+00
2.341760873794555664e+00,1.849278211593627930e+00
-5.056796669960021973e-01,1.790344119071960449e+00
-7.433464527130126953e-01,1.657648801803588867e+00
-8.593197464942932129e-01,3.037940263748168945e+00
1.689243793487548828e+00,1.500363826751708984e+00
-2.444513559341430664e+00,-1.389115333557128906e+00
-4.746460437774658203e+00,2.406859636306762695e+00
-3.188201904296875000e+00,-2.449856042861938477e+00
9.272441864013671875e-01,3.395619690418243408e-01
5.103967189788818359e-01,3.667074203491210938e+00
1.363488435745239258e+00,2.245056629180908203e+00
1.653329849243164062e+00,1.346081972122192383e+00
1.604336142539978027e+00,1.282515406608581543e+00
1.283971071243286133e-01,3.435769677162170410e-01
-3.475368976593017578e+00,2.879453182220458984e+00
1.741178631782531738e+00,2.129757106304168701e-01
-1.933941245079040527e+00,-1.158129572868347168e+00
-3.057852029800415039e+00,-5.363585352897644043e-01
-1.489479303359985352e+00,1.406296491622924805e+00
-3.014626502990722656e+00,1.317862033843994141e+00
-2.840911410748958588e-02,6.253095865249633789e-01
1.669527888298034668e+00,1.340650439262390137e+00
2.013692617416381836e+00,3.717000484466552734e+00
4.704079329967498779e-01,9.551019072532653809e-01
2.875924110412597656e+00,1.377585887908935547e+00
6.841403841972351074e-01,4.740749359130859375e+00
-2.583654403686523438e+00,2.676586866378784180e+00
2.211533784866333008e+00,2.823328495025634766e+00
-2.332608938217163086e+00,2.587948560714721680e+00
-2.043791294097900391e+00,4.649671077728271484e+00
-3.513006687164306641e+00,1.278667569160461426e+00
-3.394361495971679688e+00,-1.687415361404418945e+00
-3.342949450016021729e-01,3.081256151199340820e+00
-3.415663480758666992e+00,-1.725703597068786621e+00
-2.761301040649414062e+00,2.611128687858581543e-01
-3.169193506240844727e+00,2.311359643936157227e+00
-1.796620726585388184e+00,-4.592764750123023987e-02
5.310076475143432617e-01,3.905866861343383789e+00
-4.619476318359375000e+00,1.093545198440551758e+00
5.816496014595031738e-01,4.996598243713378906e+00
-4.756715774536132812e+00,2.508378624916076660e-01
-2.507278203964233398e+00,2.565253973007202148e+00
-4.049964904785156250e+00,-1.677227139472961426e+00
6.911574304103851318e-02,-2.870550632476806641e+00
1.259011030197143555e+00,3.164576292037963867e+00
9.578111171722412109e-01,-4.762372374534606934e-01
1.713701725006103516e+00,1.803061842918395996e+00
1.236887693405151367e+00,2.713496446609497070e+00
-2.052729845046997070e+00,8.253284692764282227e-01
-3.207244396209716797e+00,1.814787745475769043e+00
-3.720766067504882812e+00,1.207677960395812988e+00
-4.252791404724121094e+00,8.873679041862487793e-01
-2.492740869522094727e+00,3.335825681686401367e+00
3.096366068348288536e-03,1.450345069169998169e-01
4.986654520034790039e-01,-2.431614398956298828e+00
-5.210601806640625000e+00,-7.566329836845397949e-02
1.288849115371704102e-01,4.121356964111328125e+00
-3.991559445858001709e-01,-9.718501567840576172e-01
1.599619388580322266e-01,4.961344242095947266e+00
1.211371302604675293e+00,2.876452915370464325e-02
1.831008911132812500e+00,2.165880441665649414e+00
-1.126693487167358398e+00,3.030706167221069336e+00
-1.619963765144348145e+00,5.603707432746887207e-01
-2.035335600376129150e-01,3.638056993484497070e+00
8.648831844329833984e-01,-7.647342681884765625e-01
-9.572933912277221680e-01,5.084366321563720703e+00
-2.678691148757934570e-01,1.152497887611389160e+00
1.594994902610778809e+00,-6.035197973251342773e-01
-3.039410829544067383e+00,2.640426874160766602e+00
8.542884588241577148e-01,-6.953201722353696823e-03
-1.042276501655578613e+00,-3.515494763851165771e-01
-1.414779305458068848e+00,4.880329132080078125e+00
-2.411932945251464844e+00,-1.323824971914291382e-01
-2.340968847274780273e+00,-4.497976303100585938e-01
-2.260546922683715820e+00,2.046670675277709961e+00
-2.550539970397949219e+00,-1.829877048730850220e-01
-5.269827842712402344e-01,1.831626534461975098e+00
-3.189547359943389893e-01,-1.019974231719970703e+00
-1.128911733627319336e+00,3.860551834106445312e+00
-3.351405620574951172e+00,-1.141270875930786133e+00
-1.604308128356933594e+00,1.146643042564392090e+00
-3.989178180694580078e+00,2.610907554626464844e+00
1.226184010505676270e+00,-1.220459461212158203e+00
4.514493942260742188e-01,1.760222315788269043e+00
-2.054189443588256836e+00,2.617707729339599609e+00
-2.739310503005981445e+00,2.336637258529663086e+00
1.017021298408508301e+00,-2.308257520198822021e-01
-1.085915446281433105e+00,-2.332062244415283203e+00
-2.317048788070678711e+00,1.572292894124984741e-01
9.184257984161376953e-01,3.250759363174438477e+00
-7.583668231964111328e-01,3.239715099334716797e+00
-2.517732381820678711e+00,2.518019676208496094e+00
-1.020778894424438477e+00,-1.977665662765502930e+00
-4.240368843078613281e+00,8.075042366981506348e-01
2.939751386642456055e+00,1.067596077919006348e+00
-1.474970698356628418e+00,4.363993644714355469e+00
-1.799299716949462891e+00,4.242177486419677734e+00
-5.961838364601135254e-01,4.324905872344970703e+00
6.080161333084106445e-01,2.194733858108520508e+00
-4.722652912139892578e+00,6.985408067703247070e-01
-1.240130662918090820e+00,-3.623464107513427734e+00
-1.662159442901611328e+00,1.937728404998779297e+00
-3.708007812500000000e+00,-2.478277206420898438e+00
1.952539086341857910e+00,7.704704999923706055e-01
-4.045807361602783203e+00,2.007403135299682617e+00
-3.011684119701385498e-01,3.144812881946563721e-01
-4.157140254974365234e-01,4.745784759521484375e+00
7.643983364105224609e-01,2.737025499343872070e+00
9.550318121910095215e-01,6.747440695762634277e-01
1.446188807487487793e+00,3.892872810363769531e+00
-1.339325785636901855e+00,3.517274618148803711e+00
-3.595927476882934570e+00,-9.704723358154296875e-01
1.730280399322509766e+00,-3.685846626758575439e-01
-3.346934080123901367e+00,3.005392789840698242e+00
-3.225146532058715820e+00,7.780883908271789551e-01
-3.786500453948974609e+00,2.248368263244628906e+00
-1.214976072311401367e+00,3.965377092361450195e+00
-3.944575309753417969e+00,2.367069005966186523e+00
-8.670828938484191895e-01,2.476485729217529297e+00
7.163963466882705688e-02,1.753909438848495483e-01
-4.286803007125854492e-01,4.380919933319091797e+00
2.492962181568145752e-01,4.236247539520263672e+00
1.654765963554382324e+00,-4.621026813983917236e-01
-3.682447671890258789e+00,2.423540353775024414e+00
-1.008115038275718689e-01,2.490154027938842773e+00
-2.530607461929321289e+00,-3.470771551132202148e+00
1.301709532737731934e+00,1.624921560287475586e+00
-3.641343355178833008e+00,6.264161467552185059e-01
1.280757069587707520e+00,3.255212604999542236e-01
-2.271652460098266602e+00,-2.963042974472045898e+00
-8.472348451614379883e-01,2.197884798049926758e+00
-2.945585012435913086e+00,4.975442290306091309e-01
1.772851109504699707e+00,2.097873926162719727e+00
3.895781040191650391e-01,-3.218640089035034180e-01
1.041631102561950684e+00,-6.558477282524108887e-01
1.262043952941894531e+00,-3.153167292475700378e-02
8.907490968704223633e-01,1.354094386100769043e+00
3.108393192291259766e+00,1.935708165168762207e+00
-3.713218450546264648e+00,-8.336183428764343262e-01
-4.954179376363754272e-02,2.131378173828125000e+00
1.813999176025390625e+00,3.740893602371215820e+00
-3.202217340469360352e+00,-2.360046863555908203e+00
5.965917110443115234e-01,1.346243381500244141e+00
4.156906306743621826e-01,-3.357282280921936035e-01
-3.277816534042358398e+00,-2.564276456832885742e+00
-1.179765462875366211e+00,-1.328666090965270996e+00
-3.968804121017456055e+00,2.197259664535522461e+00
2.665615558624267578e+00,2.702204465866088867e+00
-5.896687507629394531e-01,-9.232090115547180176e-01
6.811440587043762207e-01,3.728524923324584961e+00
-1.416551232337951660e+00,3.286501169204711914e+00
6.205012202262878418e-01,3.579139232635498047e+00
-2.446204185485839844e+00,-3.189657032489776611e-01
1.579124689102172852e+00,1.055172324180603027e+00
-1.914495706558227539e+00,-1.828280925750732422e+00
-9.251574277877807617e-01,2.999547004699707031e+00
5.556553006172180176e-01,3.016472816467285156e+00
4.872350990772247314e-01,3.873589634895324707e-02
5.697978138923645020e-01,9.265637993812561035e-01
5.021871328353881836e-01,2.674989461898803711e+00
1.812553524971008301e+00,1.530063271522521973e+00
9.210202097892761230e-01,4.793545722961425781e+00
-1.192801713943481445e+00,8.345471620559692383e-01
2.903459072113037109e+00,1.464723944664001465e+00
1.043824553489685059e+00,3.456430435180664062e+00
-1.776438713073730469e+00,-1.282093167304992676e+00
1.142584919929504395e+00,1.569764375686645508e+00
5.696347951889038086e-01,3.984652459621429443e-01
-2.717860221862792969e+00,1.877119243144989014e-01
1.873473763465881348e+00,1.854436039924621582e+00
3.103155374526977539e+00,-3.297348916530609131e-01
-2.011128664016723633e+00,2.371234744787216187e-01
1.111602544784545898e+00,2.174047946929931641e+00
-1.447844803333282471e-01,-2.960772275924682617e+00
-5.243856310844421387e-01,3.754991531372070312e+00
-1.956708729267120361e-01,-3.017894983291625977e+00
-2.906513929367065430e+00,3.469295978546142578e+00
2.695434808731079102e+00,4.437874257564544678e-01
-1.401647090911865234e+00,2.392541408538818359e+00
1.580876350402832031e+00,1.388621211051940918e+00
-3.750492095947265625e+00,-2.627407073974609375e+00
-7.682941555976867676e-01,3.861638069152832031e+00
-1.388784408569335938e+00,4.560156345367431641e+00
2.765505075454711914e+00,-1.395409852266311646e-01
-3.042622566223144531e+00,-6.037166714668273926e-01
-4.913758277893066406e+00,-7.689470052719116211e-01
7.453945875167846680e-01,1.454035878181457520e+00
-1.894623756408691406e+00,-1.368069350719451904e-01
-3.405834197998046875e+00,1.709929227828979492e+00
-3.667394399642944336e+00,3.351571321487426758e+00
-3.563539028167724609e+00,-2.022054910659790039e+00
-2.162888288497924805e+00,1.356341481208801270e+00
2.036319255828857422e+00,2.873957872390747070e+00
-1.752139687538146973e+00,2.201492071151733398e+00
8.574472069740295410e-01,4.382014274597167969e+00
8.202506303787231445e-01,1.998631119728088379e+00
-8.523171544075012207e-01,3.968619108200073242e+00
3.156641721725463867e+00,-1.426416337490081787e-01
-1.273855805397033691e+00,-2.135942935943603516e+00
2.419192314147949219e+00,9.560929536819458008e-01
-2.868247747421264648e+00,9.906559586524963379e-01
2.795750379562377930e+00,1.957913160324096680e+00
1.527988433837890625e+00,3.888327598571777344e+00
-3.291211605072021484e+00,5.622701644897460938e-01
-2.954960346221923828e+00,2.211243629455566406e+00
-4.941884994506835938e+00,2.735413014888763428e-01
-3.046869754791259766e+00,8.353354930877685547e-01
-4.711474895477294922e+00,1.592062413692474365e-01
-8.203845024108886719e-01,4.896108627319335938e+00
-2.885064125061035156e+00,8.644782304763793945e-01
1.078316092491149902e+00,2.929132461547851562e+00
5.855131745338439941e-01,2.471952438354492188e+00
-2.103816747665405273e+00,6.737182140350341797e-01
-1.896109282970428467e-01,-3.060014486312866211e+00
-1.339153528213500977e+00,3.719810724258422852e+00
-2.334546327590942383e+00,1.371086955070495605e+00
-4.771654605865478516e+00,3.512502014636993408e-01
-1.803076863288879395e+00,1.771548867225646973e+00
-1.970135092735290527e+00,3.289052486419677734e+00
3.349277079105377197e-01,-1.739250183105468750e+00
-1.586578845977783203e+00,1.732004284858703613e+00
1.141022443771362305e-01,3.922518491744995117e+00
-1.984869599342346191e+00,-1.905179381370544434e+00
-5.037544727325439453e+00,1.610103130340576172e+00
6.619622111320495605e-01,1.126556873321533203e+00
1.276664882898330688e-01,1.221324920654296875e+00
-4.088122367858886719e+00,-1.132282838225364685e-01
7.215290069580078125e-01,1.563200592994689941e+00
-2.822037458419799805e+00,3.367858886718750000e+00
2.401112318038940430e+00,-3.532521426677703857e-01
-3.989624679088592529e-01,1.363066911697387695e+00
-1.142457246780395508e+00,2.354418516159057617e+00
1.567526340484619141e+00,1.079655885696411133e+00
6.144737005233764648e-01,8.777490258216857910e-01
-2.713217735290527344e+00,1.905108213424682617e+00
1.287244796752929688e+00,1.281317472457885742e-01
1.473279714584350586e+00,1.261009097099304199e+00
1.945740699768066406e+00,-1.594001054763793945e-01
-1.233040690422058105e+00,5.004449844360351562e+00
8.819680213928222656e-01,3.628428936004638672e+00
-1.687295794486999512e+00,3.586402535438537598e-01
2.871325254440307617e+00,2.541879415512084961e+00
-4.596481323242187500e+00,2.691521942615509033e-01
-2.043192625045776367e+00,1.551646351814270020e+00
-4.092513084411621094e+00,-2.755493670701980591e-02
-4.227506160736083984e+00,4.080059528350830078e-01
8.500089049339294434e-01,2.542073011398315430e+00
1.025477170944213867e+00,3.645845413208007812e+00
1.093898862600326538e-01,2.126983880996704102e+00
1.089945316314697266e+00,2.587158441543579102e+00
-3.486173868179321289e+00,-2.846448183059692383e+00
-2.685414552688598633e+00,-3.345116376876831055e+00
5.064955353736877441e-01,7.821909189224243164e-01
-5.120987892150878906e+00,1.558775067329406738e+00
-2.441918373107910156e+00,2.577463388442993164e+00
1.035470366477966309e+00,-1.102427005767822266e+00
1.272337675094604492e+00,1.445631623268127441e+00
2.564555883407592773e+00,-1.127643823623657227e+00
2.258154153823852539e+00,-1.024565219879150391e+00
9.073249101638793945e-01,6.892938613891601562e-01
-2.382894307374954224e-01,-7.872773408889770508e-01
4.081367552280426025e-01,2.811556816101074219e+00
2.929432988166809082e-01,3.376972913742065430e+00
-1.800615787506103516e-01,-6.016706824302673340e-01
7.031666487455368042e-02,-6.740465760231018066e-01
-1.229371309280395508e+00,4.934759616851806641e+00
-3.186715126037597656e+00,-2.389894008636474609e+00
-1.095560118556022644e-01,2.687617301940917969e+00
3.579905927181243896e-01,2.240451611578464508e-02
9.197717905044555664e-01,-1.894204020500183105e+00
-1.841059207916259766e+00,4.379245281219482422e+00
-1.133260369300842285e+00,5.047410011291503906e+00
-4.115695476531982422e+00,-2.594664990901947021e-01
-2.934737205505371094e-01,4.477176666259765625e+00
6.914157867431640625e-01,4.678929328918457031e+00
-3.904342651367187500e+00,2.581124067306518555e+00
6.403743028640747070e-01,4.857135772705078125e+00
1.016523718833923340e+00,2.725331306457519531e+00
-6.219365596771240234e-01,5.434563159942626953e-01
1.639423489570617676e+00,1.720828890800476074e+00
2.185837924480438232e-02,-2.895841121673583984e+00
1.577284693717956543e+00,1.667491078376770020e+00
-1.860592365264892578e+00,1.857325315475463867e+00
-1.949243545532226562e-01,2.439907073974609375e+00
-5.228577613830566406e+00,9.310925006866455078e-01
-5.787432789802551270e-01,-9.624006599187850952e-02
-1.109191536903381348e+00,-4.796205163002014160e-01
-3.915065288543701172e+00,2.653640508651733398e+00
1.748356699943542480e+00,4.839558005332946777e-01
-1.950396537780761719e+00,2.808976650238037109e+00
1.699337363243103027e+00,5.355985164642333984e-01
-3.587963104248046875e+00,-2.693474054336547852e+00
2.674816608428955078e+00,-6.259777396917343140e-02
-4.975677013397216797e+00,1.252478241920471191e+00
-1.200044155120849609e+00,-3.652012825012207031e+00
-1.253237485885620117e+00,3.570903062820434570e+00
-2.345658540725708008e+00,1.870082020759582520e+00
3.543376624584197998e-01,-2.356019735336303711e+00
-4.739858627319335938e+00,2.372437000274658203e+00
-4.318018436431884766e+00,1.661615371704101562e+00
1.658328175544738770e+00,-3.498743772506713867e-01
-1.510438680648803711e+00,4.896385192871093750e+00
2.587368726730346680e+00,1.209034100174903870e-01
-2.653740406036376953e+00,-3.251609325408935547e+00
-1.231297254562377930e+00,5.156694412231445312e+00
-2.133609771728515625e+00,9.804798960685729980e-01
2.976111888885498047e+00,1.891409397125244141e+00
-1.551847934722900391e+00,1.697445869445800781e+00
2.889402389526367188e+00,2.937926292419433594e+00
-3.299400329589843750e+00,1.894211411476135254e+00
-4.674718677997589111e-01,2.803285360336303711e+00
2.255899667739868164e+00,2.286562442779541016e+00
4.268850982189178467e-01,2.850773096084594727e+00
1.193745374679565430e+00,-1.883427947759628296e-01
1.658565044403076172e+00,-3.481671512126922607e-01
-5.154961347579956055e-01,3.228329181671142578e+00
-3.032654523849487305e+00,-1.978757381439208984e-01
-4.859770298004150391e+00,2.848241925239562988e-01
-1.255425095558166504e+00,-2.138132810592651367e+00
1.212178945541381836e+00,4.370019912719726562e+00
2.635161876678466797e+00,-1.758997142314910889e-01
-9.230719208717346191e-01,2.156514406204223633e+00
-1.975829482078552246e+00,-3.287274122238159180e+00
-2.496915817260742188e+00,1.083607316017150879e+00
-4.502461910247802734e+00,2.979037761688232422e-01
-1.177039742469787598e+00,1.812692880630493164e+00
1.629025340080261230e+00,3.593244552612304688e+00
-2.094113349914550781e+00,5.621215105056762695e-01
1.922029852867126465e+00,1.037067770957946777e+00
8.393940925598144531e-01,-6.431517601013183594e-01
2.809051513671875000e+00,1.413623929023742676e+00
-5.661649703979492188e-01,-1.069368004798889160e+00
-2.846394777297973633e-01,1.124240517616271973e+00
-2.660571098327636719e+00,1.623861074447631836e+00
-2.875150442123413086e+00,2.164312601089477539e+00
-1.381768584251403809e+00,7.893506884574890137e-01
4.615329205989837646e-01,1.535261124372482300e-01
1.090540885925292969e+00,4.315877914428710938e+00
6.138227581977844238e-01,3.533231019973754883e-01
-2.457674980163574219e+00,-2.770487666130065918e-01
-4.668311595916748047e+00,-4.149432480335235596e-01
-3.200024843215942383e+00,1.950529336929321289e+00
-4.012524783611297607e-01,2.718426704406738281e+00
-6.973683238029479980e-01,-2.934164702892303467e-01
1.757787466049194336e+00,5.424395799636840820e-01
-2.416918277740478516e+00,-2.907491326332092285e-01
-3.408108949661254883e+00,1.843819022178649902e+00
-3.105600833892822266e+00,3.190623760223388672e+00
-3.901148080825805664e+00,1.562845349311828613e+00
-6.243197321891784668e-01,9.994610548019409180e-01
-1.611777901649475098e+00,4.094413280487060547e+00
-1.939221501350402832e+00,4.089024066925048828e+00
-2.664534091949462891e+00,1.783174872398376465e+00
-4.757333278656005859e+00,2.026062488555908203e+00
-4.521976947784423828e+00,1.398480653762817383e+00
-4.243054866790771484e+00,2.224495887756347656e+00
1.617268085479736328e+00,-6.831116676330566406e-01
-1.227543354034423828e+00,6.728988885879516602e-01
-2.030713558197021484e+00,4.323497772216796875e+00
5.969403982162475586e-01,1.721624135971069336e+00
1.481174111366271973e+00,-6.332967281341552734e-01
-2.985161542892456055e+00,7.833932638168334961e-01
5.474712848663330078e-01,8.709726333618164062e-01
-4.243078708648681641e+00,2.250702142715454102e+00
-1.290245413780212402e+00,-9.781541824340820312e-01
1.283435821533203125e+00,-1.410948336124420166e-01
5.281221270561218262e-01,2.222192049026489258e+00
9.272834062576293945e-01,-1.905914187431335449e+00
-3.863229751586914062e+00,-1.838715195655822754e+00
1.352116465568542480e-01,4.252023220062255859e+00
-1.907276630401611328e+00,-3.184236764907836914e+00
-3.309496343135833740e-01,3.270358324050903320e+00
6.924152374267578125e-01,1.996027112007141113e+00
-3.428360462188720703e+00,-2.213225841522216797e+00
-1.861627459526062012e+00,6.535380482673645020e-01
8.826078176498413086e-01,-9.963793754577636719e-01
-2.137461423873901367e+00,4.872556030750274658e-01
-3.758245706558227539e+00,-1.114491701126098633e+00
-1.930668234825134277e+00,3.331945419311523438e+00
-1.384550929069519043e+00,2.572561800479888916e-01
-6.340153515338897705e-02,4.848352432250976562e+00
-4.292416095733642578e+00,3.343949317932128906e-01
-2.495328903198242188e+00,1.190644860267639160e+00
7.575709819793701172e-01,-6.114376783370971680e-01
-2.664248228073120117e+00,-2.182747125625610352e+00
2.714105129241943359e+00,-9.983263611793518066e-01
-2.672939777374267578e+00,1.827093720436096191e+00
-9.736517071723937988e-01,5.144947052001953125e+00
1.672511219978332520e+00,2.217073917388916016e+00
-2.722147464752197266e+00,-1.170816421508789062e+00
-1.704435110092163086e+00,5.013604640960693359e+00
-3.734671115875244141e+00,2.437677621841430664e+00
5.049336552619934082e-01,2.159042596817016602e+00
-2.189159154891967773e+00,2.698383331298828125e+00
1.732391357421875000e+00,2.250759899616241455e-01
-3.904957771301269531e+00,6.517444849014282227e-01
1.342633962631225586e+00,4.812636852264404297e+00
-5.433271527290344238e-01,2.826152324676513672e+00
-5.341731071472167969e+00,1.220140382647514343e-01
-4.574979305267333984e+00,1.366412997245788574e+00
2.720388472080230713e-01,-6.845893859863281250e-01
-1.482577323913574219e+00,2.586089611053466797e+00
4.888276457786560059e-01,9.686515480279922485e-02
2.100860118865966797e+00,7.259130477905273438e-01
-3.108518362045288086e+00,2.219040155410766602e+00
-2.187840461730957031e+00,1.989239573478698730e+00
-2.024837017059326172e+00,-1.879887580871582031e+00
-4.010387063026428223e-01,-2.645471394062042236e-01
-4.316931247711181641e+00,2.094954252243041992e+00
1.962079852819442749e-01,3.015853404998779297e+00
-3.426381111145019531e+00,-1.641451597213745117e+00
1.417646706104278564e-01,1.697210550308227539e+00
-1.956399559974670410e+00,-6.743029356002807617e-01
3.494342267513275146e-01,-1.644969940185546875e+00
-3.425977230072021484e+00,-2.242489814758300781e+00
1.736826300621032715e-01,2.286169290542602539e+00
3.176440596580505371e-01,1.590778827667236328e-01
-2.873520612716674805e+00,8.468250632286071777e-01
-4.103744029998779297e+00,1.975115776062011719e+00
8.533387780189514160e-01,1.120414733886718750e+00
-1.767009973526000977e+00,-6.400580406188964844e-01
-5.266051292419433594e+00,-4.194281622767448425e-02
1.429810762405395508e+00,4.259526252746582031e+00
-3.884004592895507812e+00,-2.548249006271362305e+00
-7.622668147087097168e-02,1.653721451759338379e+00
-1.162717103958129883e+00,-3.643147706985473633e+00
-2.006106615066528320e+00,3.208958148956298828e+00
-1.920513272285461426e+00,7.781652808189392090e-01
-3.633568763732910156e+00,3.381419658660888672e+00
-3.855549097061157227e+00,7.311520576477050781e-01
-1.441674709320068359e+00,-3.614842891693115234e-01
-3.661681652069091797e+00,2.548729419708251953e+00
-1.858850240707397461e+00,-3.114573359489440918e-01
-3.327074646949768066e-01,4.198101520538330078e+00
-3.378203153610229492e+00,4.234056770801544189e-01
6.022261977195739746e-01,3.815941333770751953e+00
-1.554322481155395508e+00,2.078410863876342773e+00
5.644568204879760742e-01,6.929259747266769409e-02
2.392979145050048828e+00,1.415740609169006348e+00
2.719520092010498047e+00,1.895773053169250488e+00
-1.583187103271484375e+00,4.832748413085937500e+00
-1.168034791946411133e+00,-2.870342731475830078e-01
-2.130308389663696289e+00,-3.220507860183715820e+00
1.282263696193695068e-01,2.265580654144287109e+00
-2.831727743148803711e+00,-1.591747760772705078e+00
8.716967105865478516e-01,-8.952553272247314453e-01
-3.669476032257080078e+00,-1.060278534889221191e+00
1.113633513450622559e+00,3.267964601516723633e+00
-3.243922472000122070e+00,-9.957483410835266113e-01
6.075034737586975098e-01,2.560241460800170898e+00
3.316925764083862305e-01,2.818871021270751953e+00
1.723590850830078125e+00,1.944221258163452148e+00
-1.619921684265136719e+00,-1.392245173454284668e+00
3.038809537887573242e+00,-4.472535848617553711e-01
-2.390785217285156250e+00,1.937242865562438965e+00
-3.640218973159790039e-01,2.893158197402954102e+00
9.147815108299255371e-01,-8.554101586341857910e-01
1.823584198951721191e+00,2.280951499938964844e+00
5.297901630401611328e-01,1.429060697555541992e+00
1.725311517715454102e+00,1.771923780441284180e+00
-1.160919308662414551e+00,3.433180093765258789e+00
1.460988521575927734e+00,2.085262060165405273e+00
-1.067330479621887207e+00,5.155773162841796875e+00
-3.328534364700317383e+00,-2.305410623550415039e+00
-3.552477359771728516e+00,-5.664257407188415527e-01
-4.281210422515869141e+00,3.507905900478363037e-01
-3.729322671890258789e+00,3.647118806838989258e+00
-4.932828426361083984e+00,3.285590410232543945e-01
-5.084867954254150391e+00,1.287774562835693359e+00
-4.532699584960937500e+00,4.068712592124938965e-01
-3.369536876678466797e+00,-1.711481809616088867e+00
-1.101476311683654785e+00,3.774960994720458984e+00
-7.198180556297302246e-01,-1.927382826805114746e+00
1.622942447662353516e+00,2.715084552764892578e+00
1.690249800682067871e+00,4.016489982604980469e+00
-2.164206981658935547e+00,-3.592844724655151367e+00
-4.554676055908203125e+00,-4.188107848167419434e-01
-3.071747303009033203e+00,3.175494670867919922e+00
-4.029847621917724609e+00,2.668977022171020508e+00
2.536244988441467285e-01,3.796293139457702637e-01
-8.973803520202636719e-01,5.056924819946289062e+00
7.882300019264221191e-02,3.775586605072021484e+00
-3.866148948669433594e+00,-4.986864328384399414e-01
-5.254554748535156250e+00,9.060661792755126953e-01
2.445966243743896484e+00,-4.114383459091186523e-02
2.405911125242710114e-02,1.225781559944152832e+00
-1.698270559310913086e+00,2.079909801483154297e+00
1.928092122077941895e+00,1.024501323699951172e+00
-2.391355514526367188e+00,8.187429308891296387e-01
-9.661978483200073242e-01,3.143523216247558594e+00
1.985927224159240723e-01,2.317769050598144531e+00
7.800727486610412598e-01,3.148774147033691406e+00
-3.613090276718139648e+00,2.877963781356811523e+00
-2.924547195434570312e-01,1.981070876121520996e+00
-4.102959632873535156e+00,2.020000219345092773e+00
-2.314229726791381836e+00,5.899433493614196777e-01
-4.426938056945800781e+00,2.198002099990844727e+00
5.896712541580200195e-01,3.292440414428710938e+00
6.104523539543151855e-01,2.155623674392700195e+00
1.674934148788452148e+00,-4.261179864406585693e-01
-5.084883213043212891e+00,1.294363975524902344e+00
6.010841131210327148e-01,-1.116785109043121338e-01
-1.487475991249084473e+00,1.519672036170959473e+00
-3.502449512481689453e+00,-7.779484391212463379e-01
-4.767357349395751953e+00,-1.002124071121215820e+00
-3.956140995025634766e+00,-2.119110107421875000e+00
-1.412916302680969238e+00,7.641512751579284668e-01
2.226724386215209961e+00,-7.723655104637145996e-01
-3.957728385925292969e+00,-1.770322084426879883e+00
-1.852269633673131466e-03,3.896699428558349609e+00
2.928223371505737305e+00,3.060366868972778320e+00
-1.501661062240600586e+00,-5.480805039405822754e-01
-3.275218248367309570e+00,-1.743956804275512695e+00
-2.110828638076782227e+00,2.026935577392578125e+00
-2.293320655822753906e+00,-8.327324390411376953e-01
-4.471584320068359375e+00,1.767028689384460449e+00
-2.149828672409057617e+00,2.187263518571853638e-01
-2.842579603195190430e+00,-2.099832773208618164e+00
-5.162044048309326172e+00,2.753145098686218262e-01
-3.929911613464355469e+00,-1.749700546264648438e+00
-2.937021255493164062e+00,1.264280557632446289e+00
-7.706602215766906738e-01,-1.731207013130187988e+00
-2.344338417053222656e+00,1.823104023933410645e+00
2.970267057418823242e+00,1.183340027928352356e-01
-2.897386550903320312e+00,-1.740751028060913086e+00
1.510357618331909180e+00,5.363616347312927246e-01
-2.122755527496337891e+00,-9.100373834371566772e-02
-7.003492675721645355e-03,2.391219854354858398e+00
1.112347841262817383e+00,5.365452915430068970e-02
1.245053291320800781e+00,1.779437780380249023e+00
-3.446989059448242188e+00,-2.713622748851776123e-01
-2.214248180389404297e+00,1.857830286026000977e-01
1.182470798492431641e+00,-6.870273351669311523e-01
-3.147033929824829102e+00,3.567942857742309570e+00
-2.698200941085815430e+00,3.419715404510498047e+00
-2.116048812866210938e+00,6.110820770263671875e-01
-9.807997941970825195e-01,2.096026182174682617e+00
-3.199532270431518555e+00,-1.685166358947753906e+00
-1.543220877647399902e+00,4.762689590454101562e+00
-1.870219588279724121e+00,1.523397088050842285e+00
1.471854805946350098e+00,4.513736367225646973e-01
-2.060925006866455078e+00,-1.895955443382263184e+00
-4.145110130310058594e+00,-1.727021098136901855e+00
2.137322187423706055e+00,2.857728958129882812e+00
-1.341535568237304688e+00,-1.998354494571685791e-01
-3.785751104354858398e+00,-5.139853358268737793e-01
-3.507152795791625977e+00,4.086782336235046387e-01
-3.518133401870727539e+00,1.243364065885543823e-01
-8.006737232208251953e-01,-2.008929729461669922e+00
-2.856876850128173828e+00,2.934986352920532227e-01
-6.409696936607360840e-01,2.057964801788330078e+00
-2.684374332427978516e+00,2.250411510467529297e+00
9.499979019165039062e-01,4.768353998661041260e-01
-1.684260606765747070e+00,4.144782543182373047e+00
-8.058775663375854492e-01,1.876576781272888184e+00
-2.870795488357543945e+00,5.647121667861938477e-01
-1.177958846092224121e+00,-2.189043998718261719e+00
-2.278335809707641602e+00,1.214159846305847168e+00
-1.624878048896789551e+00,2.629534244537353516e+00
-1.155559301376342773e+00,-9.038118720054626465e-01
-5.330420732498168945e-01,3.202916383743286133e+00
8.121938705444335938e-01,3.140098571777343750e+00
1.760146498680114746e+00,1.837262392044067383e+00
3.564818203449249268e-01,-1.537361979484558105e+00
-1.081864714622497559e+00,2.813777208328247070e+00
-8.237439393997192383e-01,1.456871509552001953e+00
-4.266264915466308594e+00,-2.215047925710678101e-01
-4.674374580383300781e+00,4.528998732566833496e-01
-4.009865283966064453e+00,-1.309318184852600098e+00
-3.830668449401855469e+00,-4.639068543910980225e-01
-1.566499710083007812e+00,6.121074035763740540e-02
-5.154495716094970703e+00,1.222681879997253418e+00
-3.270196199417114258e+00,1.219316601753234863e+00
-2.120961427688598633e+00,4.730589389801025391e+00
-7.456677556037902832e-01,-1.868931531906127930e+00
-3.163582801818847656e+00,1.234189748764038086e+00
-1.322128891944885254e+00,7.445237636566162109e-01
2.179931879043579102e+00,1.951047897338867188e+00
-4.447967529296875000e+00,-7.609288692474365234e-01
-3.616601467132568359e+00,-1.994371056556701660e+00
-1.296424508094787598e+00,8.150076270103454590e-01
2.040344178676605225e-01,-1.832840085029602051e+00
-2.566661596298217773e+00,-3.385324716567993164e+00
-3.912246465682983398e+00,-2.666498124599456787e-01
-1.981652498245239258e+00,1.743490457534790039e+00
2.303176641464233398e+00,-2.408736050128936768e-01
-4.041266441345214844e-01,-1.648603200912475586e+00
1.025399684906005859e+00,1.448364734649658203e+00
-3.605087399482727051e-01,4.300231456756591797e+00
-4.350106239318847656e+00,-1.049368739128112793e+00
2.163539886474609375e+00,9.078233838081359863e-01
-2.794254302978515625e+00,-2.186990976333618164e+00
2.611739158630371094e+00,1.827929973602294922e+00
-3.162337541580200195e+00,4.289898276329040527e-01
-1.162757873535156250e+00,1.310781389474868774e-01
-1.144172787666320801e+00,-5.399928689002990723e-01
-4.437234401702880859e+00,-1.175020933151245117e+00
6.042724847793579102e-01,1.856113553047180176e+00
9.582928568124771118e-02,-8.169623017311096191e-01
-2.883329987525939941e-01,2.932361602783203125e+00
-3.586483955383300781e+00,-3.322659730911254883e-01
-3.467624187469482422e+00,1.832572340965270996e+00
-3.805725812911987305e+00,1.605851650238037109e+00
-2.695834875106811523e+00,3.520588397979736328e+00
2.512230157852172852e+00,-5.671003460884094238e-01
5.134549736976623535e-01,7.011628746986389160e-01
-1.325850725173950195e+00,1.026406049728393555e+00
2.433039665222167969e+00,-9.838639944791793823e-02
8.249666690826416016e-01,2.664065547287464142e-02
-2.560366630554199219e+00,3.287741899490356445e+00
-4.296631336212158203e+00,-2.205801010131835938e+00
1.172297239303588867e+00,2.584764242172241211e+00
-1.380884528160095215e+00,3.049099445343017578e+00
-3.959576129913330078e+00,-2.193221807479858398e+00
1.460023522377014160e+00,3.671221137046813965e-01
-2.301561355590820312e+00,2.634366273880004883e+00
-4.004914164543151855e-01,1.704753756523132324e+00
-1.049834370613098145e+00,4.854289054870605469e+00
-8.776102066040039062e-01,2.165232419967651367e+00
1.200710058212280273e+00,4.322975158691406250e+00
-2.314412355422973633e+00,-3.348719179630279541e-01
-1.268428921699523926e+00,2.979501724243164062e+00
4.543383717536926270e-01,3.605681419372558594e+00
-2.112496614456176758e+00,2.133839845657348633e+00
-1.292686820030212402e+00,-3.728607416152954102e+00
-3.655844211578369141e+00,2.694927692413330078e+00
-2.023992061614990234e+00,-1.860239148139953613e+00
1.642131209373474121e+00,3.221205711364746094e+00
2.870188057422637939e-01,2.197538375854492188e+00
-2.614221572875976562e+00,1.907950639724731445e+00
2.941047191619873047e+00,-6.605521775782108307e-03
2.387066841125488281e+00,-4.397530555725097656e-01
-3.792132854461669922e+00,-1.080634351819753647e-02
-4.171622097492218018e-01,3.486471176147460938e+00
-2.777525186538696289e+00,-2.213718414306640625e+00
1.464624762535095215e+00,1.274210453033447266e+00
2.731961965560913086e+00,1.465729951858520508e+00
-1.540094256401062012e+00,2.597310066223144531e+00
-3.179800510406494141e+00,2.511502027511596680e+00
-2.771324396133422852e+00,1.997460573911666870e-01
-1.612518310546875000e+00,-2.554232776165008545e-01
9.118523001670837402e-01,3.274253845214843750e+00
1.998277902603149414e+00,4.770368039608001709e-01
-3.286149740219116211e+00,-1.695026874542236328e+00
-7.717021107673645020e-01,-1.918197631835937500e+00
-3.204118251800537109e+00,1.164506673812866211e+00
-2.379683017730712891e+00,-2.502824366092681885e-01
-3.492483377456665039e+00,1.800670027732849121e+00
1.851815462112426758e+00,2.866307020187377930e+00
-1.382974863052368164e+00,4.713562488555908203e+00
2.235939502716064453e+00,2.170580625534057617e+00
-5.204283595085144043e-01,4.163901805877685547e+00
1.004894971847534180e+00,4.238978862762451172e+00
-3.657127857208251953e+00,3.484422266483306885e-01
1.520337015390396118e-01,2.402003049850463867e+00
-2.929589271545410156e+00,-5.759528875350952148e-01
-2.590393543243408203e+00,2.928463220596313477e+00
-1.862528324127197266e+00,4.212544918060302734e+00
-3.683410882949829102e+00,2.825703859329223633e+00
-3.501939296722412109e+00,3.295819997787475586e+00
-2.090135335922241211e+00,4.092214584350585938e+00
2.912954092025756836e-01,3.667006731033325195e+00
1.598636619746685028e-02,4.449689865112304688e+00
-4.082503318786621094e+00,-6.867079734802246094e-01
-2.647983133792877197e-01,2.897138595581054688e+00
1.628014922142028809e+00,5.153214335441589355e-01
-1.875007152557373047e+00,4.789658069610595703e+00
2.058698654174804688e+00,2.970115184783935547e+00
-7.091211676597595215e-01,3.697450876235961914e+00
-2.053429365158081055e+00,4.381047725677490234e+00
-4.590759277343750000e+00,2.744316756725311279e-01
-9.927168488502502441e-01,-1.940873026847839355e+00
5.460101366043090820e-01,-1.512482404708862305e+00
-4.433079242706298828e+00,1.193229079246520996e+00
-2.979161500930786133e+00,7.500036954879760742e-01
-2.072384119033813477e+00,2.377562046051025391e+00
1.249109864234924316e+00,3.518862247467041016e+00
5.878278017044067383e-01,-1.610240817070007324e+00
-1.053980469703674316e+00,3.761622667312622070e+00
8.540771007537841797e-01,3.077719449996948242e+00
-3.007875680923461914e+00,-1.434859275817871094e+00
-9.356765747070312500e-01,1.227385759353637695e+00
-3.755175590515136719e+00,7.882454991340637207e-01
-1.651274561882019043e+00,4.332615375518798828e+00
-3.430660486221313477e+00,3.324335336685180664e+00
-1.616555333137512207e+00,1.363167762756347656e+00
-3.223058953881263733e-02,2.695139169692993164e+00
-4.457073688507080078e+00,5.430819988250732422e-01
-3.254725694656372070e+00,-8.628150820732116699e-01
-6.363752484321594238e-01,3.780097723007202148e+00
-2.024175405502319336e+00,1.489444613456726074e+00
-3.719011783599853516e+00,1.744867086410522461e+00
-4.274063587188720703e+00,2.598112344741821289e+00
-2.876069545745849609e+00,-9.132094383239746094e-01
1.456989049911499023e+00,8.300654292106628418e-01
7.988023161888122559e-01,3.584834337234497070e+00
-1.936671614646911621e+00,2.378897428512573242e+00
-3.076389789581298828e+00,2.616871118545532227e+00
1.414687335491180420e-01,-1.871237635612487793e+00
-1.548436403274536133e+00,2.502038240432739258e+00
1.718492746353149414e+00,-5.931054949760437012e-01
1.097272038459777832e+00,1.265370488166809082e+00
-1.330858826637268066e+00,4.529182434082031250e+00
2.139217406511306763e-01,8.107218742370605469e-01
3.279820084571838379e-01,2.116130292415618896e-01
-2.378840446472167969e+00,2.733812570571899414e+00
-5.252652645111083984e+00,-8.165663480758666992e-02
2.064221143722534180e+00,2.422217845916748047e+00
1.712281465530395508e+00,-3.171277642250061035e-01
-1.307595968246459961e+00,4.534846782684326172e+00
9.811875224113464355e-01,1.514199256896972656e+00
-2.303349256515502930e+00,3.530986785888671875e+00
1.075698852539062500e+00,8.345305323600769043e-01
-6.805422306060791016e-01,4.282480239868164062e+00
2.888777732849121094e+00,-8.023162186145782471e-02
-1.956869363784790039e+00,2.816749095916748047e+00
-4.214544296264648438e+00,1.785740613937377930e+00
-3.626634836196899414e+00,3.333483457565307617e+00
-4.100599288940429688e+00,-1.220034837722778320e+00
-3.138159275054931641e+00,1.958489179611206055e+00
9.675241112709045410e-01,3.140335083007812500e+00
1.633342146873474121e+00,3.238522529602050781e+00
6.979401111602783203e-01,7.553248405456542969e-01
-3.507130384445190430e+00,-2.163072347640991211e+00
-3.746280670166015625e+00,-4.436810314655303955e-02
2.737326860427856445e+00,-5.288289487361907959e-02
4.536001086235046387e-01,3.113026857376098633e+00
-1.588506340980529785e+00,2.553549051284790039e+00
2.489501714706420898e+00,-1.085569500923156738e+00
-2.765254735946655273e+00,-1.242151379585266113e+00
9.333221316337585449e-01,4.382713794708251953e+00
-1.418947696685791016e+00,4.912533283233642578e+00
-9.645086526870727539e-01,4.147529602050781250e+00
5.290403366088867188e-01,8.970018029212951660e-01
-5.550944209098815918e-01,4.790607452392578125e+00
-4.800431728363037109e+00,8.354351669549942017e-02
-2.129024028778076172e+00,2.206217288970947266e+00
3.547449707984924316e-01,3.858485937118530273e+00
-1.725521922111511230e+00,-1.211135625839233398e+00
-3.467015027999877930e-01,2.711854457855224609e+00
2.480995357036590576e-01,4.954201698303222656e+00
4.735693633556365967e-01,2.897048473358154297e+00
-2.167650461196899414e+00,-1.801578283309936523e+00
1.439505934715270996e+00,1.824246048927307129e+00
-4.272400856018066406e+00,-6.611835956573486328e-01
-4.357491016387939453e+00,1.658838629722595215e+00
-3.946463584899902344e+00,3.686992883682250977e+00
-6.138343214988708496e-01,-1.607508182525634766e+00
6.197529658675193787e-02,1.127596139907836914e+00
-3.450458526611328125e+00,1.296012878417968750e+00
1.300492435693740845e-01,-2.807147026062011719e+00
-6.982733011245727539e-01,4.396425724029541016e+00
8.208989500999450684e-01,2.596589565277099609e+00
2.092010974884033203e+00,3.697818040847778320e+00
2.365926980972290039e+00,3.096962690353393555e+00
-5.038882255554199219e+00,5.676993727684020996e-01
-8.574855923652648926e-01,4.231596946716308594e+00
-3.595040798187255859e+00,3.836773037910461426e-01
-1.547080159187316895e+00,-6.187983155250549316e-01
-2.673427104949951172e+00,2.722949087619781494e-01
-1.563929557800292969e+00,1.850285530090332031e+00
-4.414538383483886719e+00,1.694369435310363770e+00
-3.536525249481201172e+00,-2.868065237998962402e-01
2.611285448074340820e+00,1.800774097442626953e+00
-2.759796380996704102e-01,4.634259700775146484e+00
1.702799797058105469e+00,3.869211375713348389e-01
-1.358646154403686523e+00,7.167606949806213379e-01
-4.269999504089355469e+00,1.858863949775695801e+00
-1.914366483688354492e+00,4.613891601562500000e+00
-2.166536092758178711e+00,-3.089555025100708008e+00
-4.544436454772949219e+00,-3.265146017074584961e-01
-3.563047409057617188e+00,3.286648511886596680e+00
9.322687387466430664e-01,2.517722606658935547e+00
-3.190215826034545898e+00,-2.311693906784057617e+00
-3.435460329055786133e+00,5.068363547325134277e-01
-1.403900861740112305e+00,-9.030384421348571777e-01
-4.645566463470458984e+00,3.362851142883300781e-01
8.738965392112731934e-01,2.136573314666748047e+00
6.743305176496505737e-02,1.195226788520812988e+00
-7.710049152374267578e-01,4.325802803039550781e+00
-2.114629745483398438e+00,-3.031908750534057617e+00
-1.647881865501403809e-01,1.669623255729675293e+00
6.101077049970626831e-02,-2.844161510467529297e+00
1.661790251731872559e+00,-4.645563364028930664e-01
-4.669117331504821777e-01,1.674579828977584839e-01
-5.089728355407714844e+00,1.569838762283325195e+00
-4.143136501312255859e+00,1.448460221290588379e+00
5.899048447608947754e-01,3.251117706298828125e+00
-1.271697998046875000e+00,-2.208989858627319336e+00
-2.215189486742019653e-01,1.812587738037109375e+00
-2.214753389358520508e+00,2.673239231109619141e+00
1.439818263053894043e+00,1.320530652999877930e+00
1.483722567558288574e+00,3.856904745101928711e+00
-2.924294769763946533e-01,2.853059053421020508e+00
-7.424084842205047607e-02,1.021010279655456543e+00
1.257060527801513672e+00,1.382845044136047363e-01
3.066887378692626953e+00,4.605877101421356201e-01
-2.040525436401367188e+00,4.810389995574951172e+00
2.199704408645629883e+00,-1.199286952614784241e-01
-2.896463394165039062e+00,-1.069450497627258301e+00
-2.852047920227050781e+00,-1.379550933837890625e+00
-1.626846790313720703e+00,-1.191349387168884277e+00
1.112491011619567871e+00,3.635169744491577148e+00
-1.972197294235229492e+00,2.342367410659790039e+00
-1.721768617630004883e+00,2.138583660125732422e+00
4.127342402935028076e-01,1.435977458953857422e+00
2.503591537475585938e+00,2.047944307327270508e+00
8.278456330299377441e-01,2.308826684951782227e+00
-1.025977015495300293e+00,3.947987318038940430e+00
-1.337438583374023438e+00,2.467839956283569336e+00
1.372914552688598633e+00,4.696459293365478516e+00
1.552763581275939941e+00,4.212507247924804688e+00
-2.488047122955322266e+00,7.915053367614746094e-01
-7.084561586380004883e-01,-2.615849673748016357e-01
-3.652138948440551758e+00,-5.353322252631187439e-02
1.110391497611999512e+00,4.283316135406494141e+00
-1.444159299135208130e-01,1.745058774948120117e+00
1.323826551437377930e+00,7.057098746299743652e-01
-1.945909619331359863e+00,8.441476821899414062e-01
-4.011394023895263672e+00,1.163860797882080078e+00
-3.232530355453491211e+00,1.702449083328247070e+00
1.760144352912902832e+00,1.644065022468566895e+00
7.674803137779235840e-01,1.687935471534729004e+00
-2.273948431015014648e+00,2.815513849258422852e+00
-1.302319288253784180e+00,-1.359591722488403320e+00
-1.512381672859191895e+00,3.304142475128173828e+00
1.507372379302978516e+00,6.974615454673767090e-01
-1.528438091278076172e+00,-1.201463580131530762e+00
-3.536795139312744141e+00,1.309148669242858887e+00
-2.026118993759155273e+00,3.250574588775634766e+00
-3.297658205032348633e+00,2.951948165893554688e+00
-9.940370321273803711e-01,-7.568722963333129883e-02
-4.469373703002929688e+00,4.075861871242523193e-01
-3.789584159851074219e+00,-2.527298927307128906e+00
4.499542713165283203e-01,3.326356172561645508e+00
-1.975234150886535645e-01,6.284397840499877930e-01
1.405685693025588989e-01,8.105746507644653320e-01
2.162963390350341797e+00,1.361723065376281738e+00
1.968097567558288574e+00,3.231380462646484375e+00
-4.321344375610351562e+00,-9.051356911659240723e-01
-4.287911415100097656e+00,2.972391247749328613e-01
-2.509602785110473633e+00,1.807261228561401367e+00
-4.302918910980224609e-01,4.303225994110107422e+00
-3.386820316314697266e+00,-2.833918809890747070e+00
-6.047800183296203613e-01,-1.979078799486160278e-01
-1.889885663986206055e+00,4.923377037048339844e+00
-1.860431134700775146e-01,-3.018717527389526367e+00
-3.936012268066406250e+00,1.595831394195556641e+00
-3.115496635437011719e+00,3.211036682128906250e+00
1.436604976654052734e+00,3.695326089859008789e+00
1.588592529296875000e+00,5.689057111740112305e-01
3.915462195873260498e-01,5.099967956542968750e+00
1.893853425979614258e+00,1.219730734825134277e+00
-6.923509240150451660e-01,-1.946552753448486328e+00
3.870573043823242188e-01,4.877730369567871094e+00
-3.657917261123657227e+00,3.237709283828735352e+00
-9.559391736984252930e-01,1.536729335784912109e+00
-4.006340503692626953e+00,9.144914150238037109e-02
-1.033908247947692871e+00,-6.815174818038940430e-01
1.124812126159667969e+00,1.663267850875854492e+00
1.676245927810668945e+00,4.210273265838623047e+00
-1.372425436973571777e+00,4.801062107086181641e+00
-3.737904727458953857e-01,2.579946756362915039e+00
1.592621922492980957e+00,1.970126271247863770e+00
-1.637243032455444336e+00,2.590538978576660156e+00
-3.281715869903564453e+00,3.617783308029174805e+00
-3.534035444259643555e+00,3.572571754455566406e+00
-5.387933850288391113e-01,-1.042006611824035645e-01
-3.951774239540100098e-01,2.530349969863891602e+00
-1.557338714599609375e+00,4.987613201141357422e+00
1.171042323112487793e+00,1.221007466316223145e+00
-7.049553394317626953e-01,4.460982799530029297e+00
2.197716474533081055e+00,3.707077264785766602e+00
-3.078690052032470703e+00,2.125841379165649414e+00
-2.221647262573242188e+00,1.246101975440979004e+00
-1.799288153648376465e+00,6.526860594749450684e-01
-3.495937347412109375e+00,2.162161350250244141e+00
-4.303807020187377930e-01,4.273792743682861328e+00
-3.335832059383392334e-02,3.118414878845214844e+00
1.549433350563049316e+00,4.228786468505859375e+00
1.614822626113891602e+00,-7.269629240036010742e-01
-3.095183372497558594e+00,-1.792313456535339355e+00
-2.805768966674804688e+00,-1.103886067867279053e-01
-4.305952787399291992e-01,-2.120206356048583984e-01
-3.230101823806762695e+00,3.044499158859252930e+00
2.819812059402465820e+00,6.353276371955871582e-01
2.984827160835266113e-01,1.853613615036010742e+00
-2.186483621597290039e+00,1.819321364164352417e-01
-3.144734144210815430e+00,3.301409006118774414e+00
1.269266128540039062e+00,1.504247784614562988e+00
-1.640547752380371094e+00,-2.909490108489990234e+00
-3.465869903564453125e+00,-2.195600509643554688e+00
-2.181944608688354492e+00,-8.294775485992431641e-01
1.831713438034057617e+00,3.006565809249877930e+00
3.489916771650314331e-02,-2.920664787292480469e+00
1.625487565994262695e+00,3.622142314910888672e+00
1.468264460563659668e+00,3.520926475524902344e+00
-2.179214954376220703e+00,2.667783737182617188e+00
-4.092080593109130859e+00,-1.289760828018188477e+00
-2.570428371429443359e+00,-3.229245901107788086e+00
-1.646442532539367676e+00,4.831101417541503906e+00
-3.540728092193603516e+00,5.204192996025085449e-01
2.608756065368652344e+00,2.418116480112075806e-01
1.759525060653686523e+00,1.016928195953369141e+00
-2.142657756805419922e+00,1.553378462791442871e+00
-4.396690845489501953e+00,-9.640789628028869629e-01
-4.741469383239746094e+00,-1.046211123466491699e+00
-2.057702779769897461e+00,4.761220455169677734e+00
-5.152740478515625000e+00,7.990835905075073242e-01
9.646100997924804688e-01,-8.537489175796508789e-01
2.346591234207153320e+00,1.693688392639160156e+00
-2.386544942855834961e+00,2.575271844863891602e+00
-1.926370382308959961e+00,4.450889587402343750e+00
-2.474153757095336914e+00,3.452141284942626953e+00
1.243305563926696777e+00,3.543369770050048828e+00
-2.721595525741577148e+00,-9.340054988861083984e-01
-5.374188423156738281e-01,1.882257580757141113e+00
-1.036430120468139648e+00,2.073636502027511597e-01
-1.937044501304626465e+00,4.286177635192871094e+00
-2.742098569869995117e-01,-4.024746362119913101e-03
-2.267850637435913086e-01,4.721759796142578125e+00
-1.610682487487792969e+00,4.896320343017578125e+00
-1.003827214241027832e+00,3.058620691299438477e+00
-3.710247278213500977e+00,3.470206737518310547e+00
-1.413272857666015625e+00,4.925425052642822266e+00
-1.610380768775939941e+00,2.625489473342895508e+00
-4.610914707183837891e+00,-1.357215166091918945e+00
-5.682771205902099609e-01,2.291885375976562500e+00
-2.293026208877563477e+00,3.081521987915039062e+00
-3.363865852355957031e+00,-1.727722406387329102e+00
-3.386757135391235352e+00,-2.231163024902343750e+00
-1.149626851081848145e+00,-2.202152967453002930e+00
1.763933777809143066e+00,1.210042834281921387e+00
1.815395057201385498e-01,-5.179114937782287598e-01
4.255893453955650330e-02,3.791476488113403320e+00
-6.890820264816284180e-01,3.694796323776245117e+00
-1.359939813613891602e+00,5.378971099853515625e-01
-2.698845624923706055e+00,-2.173648834228515625e+00
-1.409900069236755371e+00,4.947678089141845703e+00
-2.062858104705810547e+00,-2.760065793991088867e-01
2.492502927780151367e+00,-2.397256158292293549e-02
-1.651910543441772461e+00,1.072894334793090820e-01
-2.109463691711425781e+00,1.282300710678100586e+00
-1.045654296875000000e+00,4.611090183258056641e+00
-3.006133794784545898e+00,3.426343679428100586e+00
-3.626431465148925781e+00,-2.763599872589111328e+00
-1.995324492454528809e+00,-1.783700704574584961e+00
-2.432545870542526245e-01,3.146708965301513672e+00
-3.188845634460449219e+00,3.694153308868408203e+00
-4.134103298187255859e+00,-1.920827269554138184e+00
-7.946608066558837891e-01,1.525859117507934570e+00
-2.307818174362182617e+00,-2.143299877643585205e-01
-2.643098831176757812e+00,-1.175825834274291992e+00
-1.859360814094543457e+00,7.943853139877319336e-01
-4.002952098846435547e+00,2.693423271179199219e+00
-8.705972433090209961e-01,1.529648542404174805e+00
-3.447969257831573486e-01,-2.255945205688476562e+00
-9.116989374160766602e-02,2.700838327407836914e+00
-1.772628426551818848e+00,4.757114887237548828e+00
-3.586920797824859619e-01,4.553936958312988281e+00
1.709744095802307129e+00,1.324848890304565430e+00
9.859450459480285645e-01,1.285687208175659180e+00
9.762060642242431641e-01,-9.611815214157104492e-01
-2.291781425476074219e+00,-3.472232341766357422e+00
-3.406809329986572266e+00,2.039389133453369141e+00
3.747204542160034180e-01,3.189321041107177734e+00
-7.919390797615051270e-01,3.875313282012939453e+00
-2.680292129516601562e+00,-3.340667724609375000e+00
-8.334789872169494629e-01,2.137180805206298828e+00
-8.256778120994567871e-01,6.708552837371826172e-01
-4.408267498016357422e+00,1.822022199630737305e+00
-1.884568929672241211e+00,2.576735734939575195e+00
9.763986468315124512e-01,3.723045587539672852e+00
2.131759643554687500e+00,1.521459579467773438e+00
-4.248650074005126953e+00,2.005495071411132812e+00
6.480057239532470703e-01,4.947403430938720703e+00
-2.262445688247680664e+00,1.275007724761962891e+00
1.684292912483215332e+00,1.553313732147216797e+00
-4.108822941780090332e-01,4.589521408081054688e+00
-2.005107879638671875e+00,2.780041933059692383e+00
-2.639297962188720703e+00,1.708960384130477905e-01
-4.200208663940429688e+00,4.187404513359069824e-01
-1.871640801429748535e+00,1.259579420089721680e+00
-3.507357358932495117e+00,1.613861322402954102e+00
1.626808047294616699e+00,1.864915490150451660e+00
-1.849163651466369629e+00,-3.104725837707519531e+00
-8.448189496994018555e-01,3.113819360733032227e+00
-1.310172080993652344e+00,-1.156507015228271484e+00
1.830012917518615723e+00,3.137137174606323242e+00
-1.348871469497680664e+00,4.925630092620849609e+00
-6.525435298681259155e-02,-6.658680737018585205e-02
-2.443056821823120117e+00,1.535253763198852539e+00
-1.645915389060974121e+00,2.640583038330078125e+00
-3.554648876190185547e+00,2.335063219070434570e+00
-3.773897171020507812e+00,1.776574373245239258e+00
9.424185752868652344e-01,4.481769561767578125e+00
1.018874764442443848e+00,-1.790644526481628418e+00
-2.714909553527832031e+00,1.879486680030822754e+00
-7.995039820671081543e-01,-1.961389422416687012e+00
1.217193603515625000e+00,1.358016014099121094e+00
-3.093179225921630859e+00,2.696861326694488525e-01
-1.200921297073364258e+00,1.313801854848861694e-01
-1.178671717643737793e+00,1.781766653060913086e+00
-4.608601093292236328e+00,1.194229364395141602e+00
-8.477994799613952637e-01,4.733338832855224609e+00
-3.331864595413208008e+00,3.433301687240600586e+00
7.037903070449829102e-01,3.090358734130859375e+00
-4.021692276000976562e+00,-1.265427917242050171e-01
-5.436838865280151367e-01,2.455324888229370117e+00
-2.222104787826538086e+00,-9.454693198204040527e-01
1.978139400482177734e+00,2.142139434814453125e+00
-9.010968208312988281e-01,1.065994858741760254e+00
7.988934218883514404e-02,4.510669231414794922e+00
-3.739514350891113281e+00,5.721942782402038574e-01
-4.742604494094848633e-01,4.707914218306541443e-02
-2.123062312602996826e-01,3.652296781539916992e+00
-1.154579997062683105e+00,-1.300476312637329102e+00
-2.462468147277832031e+00,2.365589857101440430e+00
1.225891113281250000e+00,7.399206161499023438e-01
1.948536753654479980e+00,8.208379745483398438e-01
1.920651674270629883e+00,2.239835262298583984e+00
-1.617325067520141602e+00,1.423042416572570801e-01
9.084861874580383301e-01,2.840005397796630859e+00
-1.981967329978942871e+00,4.686820030212402344e+00
-1.620368480682373047e+00,4.917669296264648438e+00
-1.137844681739807129e+00,1.424224138259887695e+00
1.530777692794799805e+00,2.772554636001586914e+00
-3.941943168640136719e+00,-1.081109046936035156e+00
4.557876884937286377e-01,4.967607021331787109e+00
-3.366246938705444336e+00,1.741420865058898926e+00
-4.167722225189208984e+00,1.073697209358215332e+00
-4.477424025535583496e-01,3.739540815353393555e+00
1.444088578224182129e+00,2.099970579147338867e+00
-1.871382832527160645e+00,4.210781574249267578e+00
1.899087667465209961e+00,9.702311754226684570e-01
3.199329078197479248e-01,2.111460864543914795e-01
2.460308551788330078e+00,2.627945661544799805e+00
-5.703088641166687012e-01,4.405065059661865234e+00
1.061153054237365723e+00,1.743367910385131836e+00
-3.714340209960937500e+00,8.616498708724975586e-01
-3.722212791442871094e+00,3.379391908645629883e+00
-2.255199193954467773e+00,2.706541776657104492e+00
-4.343106746673583984e+00,-9.894521534442901611e-02
-3.971181154251098633e+00,-2.144292116165161133e+00
-1.373904347419738770e+00,4.956729888916015625e+00
2.837399244308471680e+00,1.484838962554931641e+00
9.776604771614074707e-01,4.387032985687255859e+00
3.788674473762512207e-01,7.912368774414062500e-01
2.482154846191406250e+00,1.890314102172851562e+00
2.933642864227294922e+00,4.393722712993621826e-01
1.479766368865966797e-01,-5.297326445579528809e-01
2.032536983489990234e+00,3.123948335647583008e+00
-2.014925479888916016e+00,-1.868015408515930176e+00
-9.138794541358947754e-01,2.161597728729248047e+00
-4.675858020782470703e+00,-3.865762948989868164e-01
-6.246942281723022461e-01,5.404677987098693848e-01
-6.390170454978942871e-01,2.414142608642578125e+00
-3.704637289047241211e+00,3.285383582115173340e-01
-1.689615607261657715e+00,5.701565742492675781e-01
-3.541777849197387695e+00,-8.157229423522949219e-01
-6.622155308723449707e-01,1.782201528549194336e+00
1.912524223327636719e+00,2.204255580902099609e+00
-3.379306077957153320e+00,2.316092252731323242e-01
-3.383954048156738281e+00,-8.385919332504272461e-01
-3.894487142562866211e+00,-1.106525659561157227e+00
2.666500862687826157e-03,-2.918160438537597656e+00
-2.999747037887573242e+00,-6.046115159988403320e-01
-1.842798233032226562e+00,3.970325708389282227e+00
-2.294120788574218750e+00,2.742945671081542969e+00
-1.085625171661376953e+00,4.935569465160369873e-01
-4.420383930206298828e+00,6.282894611358642578e-01
-1.329399466514587402e+00,3.515846252441406250e+00
-3.343063831329345703e+00,2.485340684652328491e-01
1.100543513894081116e-01,1.218143343925476074e+00
1.179077774286270142e-01,-1.743863224983215332e+00
-4.733680248260498047e+00,3.464320003986358643e-01
5.008866786956787109e-01,1.688689231872558594e+00
-4.008560180664062500e+00,1.331041812896728516e+00
2.367658853530883789e+00,1.591808676719665527e+00
2.787826538085937500e+00,1.388307571411132812e+00
-1.150419592857360840e+00,-2.360606640577316284e-01
2.780960559844970703e+00,1.512102961540222168e+00
-4.450405597686767578e+00,1.841606140136718750e+00
7.190569043159484863e-01,4.273190498352050781e+00
9.224475026130676270e-01,4.390972137451171875e+00
-5.244901776313781738e-01,4.110886096954345703e+00
-2.247796058654785156e+00,-3.067414760589599609e+00
-1.545674920082092285e+00,2.646782159805297852e+00
-3.741251826286315918e-01,2.190094232559204102e+00
-3.842192173004150391e+00,1.698554992675781250e+00
-3.690623044967651367e+00,-1.364332318305969238e+00
-3.678690671920776367e+00,-2.708011865615844727e+00
6.551820635795593262e-01,4.779143333435058594e+00
-1.722759366035461426e+00,2.227476835250854492e-01
-1.715209484100341797e+00,4.026112556457519531e+00
-4.918014109134674072e-01,3.062026023864746094e+00
-1.698052167892456055e+00,-7.521285414695739746e-01
1.923870891332626343e-01,4.892082691192626953e+00
-2.575587511062622070e+00,-3.369364023208618164e+00
-4.543808937072753906e+00,-3.202887475490570068e-01
-2.384258747100830078e+00,-3.300250768661499023e+00
1.016769886016845703e+00,6.151897907257080078e-01
-2.920086383819580078e+00,1.306600451469421387e+00
-3.708415508270263672e+00,3.444901704788208008e+00
-2.207489967346191406e+00,2.805077135562896729e-01
2.223312616348266602e+00,3.606747984886169434e-01
-3.300721645355224609e+00,-1.791664361953735352e+00
-3.071185350418090820e-01,4.619683265686035156e+00
-1.556653738021850586e+00,-7.054051756858825684e-01
-4.018243312835693359e+00,-1.747740626335144043e+00
-3.806722164154052734e+00,1.785404205322265625e+00
-1.306517958641052246e+00,3.447556018829345703e+00
-1.163244128227233887e+00,2.197788238525390625e+00
-3.294133424758911133e+00,2.008596897125244141e+00
3.639889508485794067e-02,1.716778755187988281e+00
-1.210939288139343262e+00,-2.632624506950378418e-01
-4.612482070922851562e+00,1.360760211944580078e+00
-3.837750434875488281e+00,3.575597047805786133e+00
-4.392691612243652344e+00,-1.047539636492729187e-01
-6.702513694763183594e-01,-6.927191615104675293e-01
-3.925740957260131836e+00,2.663048028945922852e+00
1.593569666147232056e-01,8.606544733047485352e-01
9.080865979194641113e-01,2.612239122390747070e+00
-2.943617105484008789e+00,3.240200996398925781e+00
-4.500577449798583984e+00,2.604027032852172852e+00
-3.749094963073730469e+00,2.797326087951660156e+00
-4.273294925689697266e+00,1.741305708885192871e+00
-2.088771343231201172e+00,2.172413825988769531e+00
-2.690047979354858398e+00,1.772555112838745117e+00
5.757939219474792480e-01,1.898859441280364990e-01
1.529044032096862793e+00,-6.702445149421691895e-01
-8.028555512428283691e-01,2.069129228591918945e+00
-3.995918750762939453e+00,2.660312652587890625e+00
-2.657127380371093750e+00,2.591929674148559570e+00
-2.493606567382812500e+00,-1.618212312459945679e-01
-4.478502273559570312e+00,2.494905710220336914e+00
-2.831628084182739258e+00,-3.339299201965332031e+00
1.977206110954284668e+00,1.322702527046203613e+00
9.601096510887145996e-01,4.307024478912353516e+00
-1.823812484741210938e+00,4.968164443969726562e+00
1.803249120712280273e+00,1.658456802368164062e+00
-3.153731822967529297e+00,3.046052694320678711e+00
1.164800524711608887e+00,2.610065221786499023e+00
-1.768127441406250000e+00,4.390175819396972656e+00
-2.635328292846679688e+00,2.350726366043090820e+00
-1.101846456527709961e+00,3.538242578506469727e+00
6.713656187057495117e-01,2.132494449615478516e-01
-7.575217485427856445e-01,3.926063537597656250e+00
-8.506126403808593750e-01,3.587406158447265625e+00
-3.168836355209350586e+00,-2.423514604568481445e+00
1.665795922279357910e+00,9.489985704421997070e-01
-3.307228326797485352e+00,2.527664661407470703e+00
-1.148737668991088867e+00,4.868893623352050781e+00
9.261990785598754883e-01,3.061138629913330078e+00
-5.016620159149169922e+00,1.269907951354980469e+00
3.414608538150787354e-01,1.238279700279235840e+00
-1.440296173095703125e+00,1.489675164222717285e+00
-3.583139896392822266e+00,3.511461734771728516e+00
-7.514304518699645996e-01,-1.857506394386291504e+00
-1.677745223045349121e+00,-5.564531087875366211e-01
-3.929276227951049805e+00,-1.797463536262512207e+00
2.281178236007690430e+00,1.458681702613830566e+00
-2.722845077514648438e+00,2.256853818893432617e+00
-5.065652132034301758e-01,3.026329755783081055e+00
1.243193030357360840e+00,-1.341432213783264160e+00
4.451171457767486572e-01,2.155789852142333984e+00
-5.048811435699462891e-01,3.271704196929931641e+00
7.758120894432067871e-01,1.310603737831115723e+00
-5.081406116485595703e+00,5.135083794593811035e-01
-3.509902238845825195e+00,1.220455288887023926e+00
-3.465528726577758789e+00,1.790550470352172852e+00
2.253131389617919922e+00,2.973516702651977539e+00
-1.516825109720230103e-01,-7.837963104248046875e-02
-4.292645931243896484e+00,2.198089838027954102e+00
-1.526775121688842773e+00,4.779679298400878906e+00
-1.809200882911682129e+00,3.932985544204711914e+00
-2.710638523101806641e+00,-3.417022526264190674e-01
1.792296409606933594e+00,1.431580305099487305e+00
-2.287214994430541992e+00,-3.598875999450683594e-01
1.470420479774475098e+00,-3.297305703163146973e-01
-9.790860116481781006e-03,4.830107212066650391e+00
-2.621096134185791016e+00,2.824770689010620117e+00
-3.869641065597534180e+00,9.787616319954395294e-03
-6.968119740486145020e-01,3.900777339935302734e+00
1.232857823371887207e+00,5.062422901391983032e-02
-3.337846040725708008e+00,-1.713543057441711426e+00
7.953869104385375977e-01,4.328496754169464111e-02
-3.766005754470825195e+00,-1.055859446525573730e+00
-1.098989367485046387e+00,4.574856758117675781e+00
1.397554278373718262e+00,2.309965372085571289e+00
2.957495450973510742e+00,2.016189575195312500e+00
-1.124538660049438477e+00,2.142685949802398682e-01
-3.966293096542358398e+00,1.636779189109802246e+00
4.983995556831359863e-01,-1.577501773834228516e+00
1.576255798339843750e+00,2.024150609970092773e+00
-1.113843992352485657e-01,4.741758823394775391e+00
1.092805624008178711e+00,2.747823953628540039e+00
1.183768510818481445e+00,2.421829700469970703e+00
2.795837402343750000e+00,1.498974561691284180e+00
-4.919837951660156250e+00,-9.491106867790222168e-01
7.146656513214111328e-01,9.069863557815551758e-01
1.460822224617004395e+00,-8.738435506820678711e-01
-2.664093017578125000e+00,3.418830871582031250e+00
-3.472145795822143555e+00,-3.863478899002075195e-01
2.330072641372680664e+00,2.790724277496337891e+00
-3.979283094406127930e+00,-1.926127076148986816e+00
6.983215212821960449e-01,2.097125291824340820e+00
-1.649625539779663086e+00,1.671948075294494629e+00
-1.175318956375122070e+00,-2.222409963607788086e+00
1.419218182563781738e+00,1.942248463630676270e+00
-3.839973449707031250e+00,1.799763083457946777e+00
2.704648494720458984e+00,-8.872020989656448364e-02
-3.622124671936035156e+00,1.409073472023010254e+00
1.365599393844604492e+00,2.195732355117797852e+00
1.915881872177124023e+00,3.312427997589111328e+00
-2.964018344879150391e+00,-1.873364686965942383e+00
2.695347964763641357e-01,3.979556560516357422e+00
-4.852329492568969727e-01,2.418180942535400391e+00
2.626685380935668945e+00,6.243558600544929504e-02
8.949010074138641357e-02,2.197316884994506836e+00
3.757160007953643799e-01,4.030147075653076172e+00
-2.046874523162841797e+00,4.489795207977294922e+00
-3.335359573364257812e+00,2.388547897338867188e+00
-3.418571472167968750e+00,-2.833289146423339844e+00
-3.522089004516601562e+00,3.132703900337219238e-01
-1.533593535423278809e-01,-2.867083549499511719e+00
1.023049592971801758e+00,4.408164501190185547e+00
-4.466417789459228516e+00,-2.399548739194869995e-01
-2.624718427658081055e+00,1.246389985084533691e+00
-4.810376644134521484e+00,2.282467603683471680e+00
-4.807591736316680908e-01,-2.461294174194335938e+00
-1.308647036552429199e+00,9.350053966045379639e-02
-2.029362916946411133e+00,2.789168119430541992e+00
-4.651981353759765625e+00,-1.119363233447074890e-01
1.233927488327026367e+00,1.464705318212509155e-01
2.534311294555664062e+00,1.310913801193237305e+00
2.420083582401275635e-01,3.757203578948974609e+00
-1.781942725181579590e+00,8.613509535789489746e-01
-5.115237712860107422e+00,1.520489692687988281e+00
-8.268817663192749023e-01,3.772844791412353516e+00
-3.297347545623779297e+00,2.993703126907348633e+00
-2.854984045028686523e+00,3.409722089767456055e+00
2.949359118938446045e-01,3.359801054000854492e+00
9.060930013656616211e-01,-6.225950717926025391e-01
-1.744119763374328613e+00,4.382104277610778809e-01
-1.900991559028625488e+00,8.268548250198364258e-01
-2.712969303131103516e+00,-1.092812418937683105e+00
-2.980157613754272461e+00,1.636767268180847168e+00
-1.963701605796813965e+00,8.539008498191833496e-01
2.892381548881530762e-01,3.446112632751464844e+00
2.587762117385864258e+00,2.744309186935424805e+00
5.297647789120674133e-02,1.121475458145141602e+00
-3.579325199127197266e+00,3.351818084716796875e+00
7.419365644454956055e-01,6.386110186576843262e-01
-2.799244403839111328e+00,2.472303628921508789e+00
-1.109539985656738281e+00,-2.181552797555923462e-01
9.580901861190795898e-01,2.917906284332275391e+00
-2.535938024520874023e+00,2.915773391723632812e+00
-2.039879798889160156e+00,-1.251147985458374023e+00
1.364395022392272949e+00,-3.013363108038902283e-03
-7.501492500305175781e-01,2.820165395736694336e+00
-1.149432063102722168e+00,3.031271219253540039e+00
-3.067229747772216797e+00,4.133377373218536377e-01
-4.378955364227294922e+00,-1.356907010078430176e+00
8.494367599487304688e-01,6.101937890052795410e-01
-9.604806303977966309e-01,4.579891204833984375e+00
1.656290292739868164e+00,4.546722412109375000e+00
-4.273029863834381104e-01,4.330392360687255859e+00
2.199354171752929688e+00,3.410890102386474609e+00
9.674898386001586914e-01,3.726965904235839844e+00
5.257218703627586365e-02,4.420852661132812500e+00
-4.609123706817626953e+00,2.333350658416748047e+00
-2.158809453248977661e-01,-3.020822286605834961e+00
-8.036580681800842285e-01,3.790355205535888672e+00
-2.558276176452636719e+00,-3.119452953338623047e+00
-2.799998283386230469e+00,1.480906367301940918e+00
-5.377693176269531250e-01,3.789330959320068359e+00
-9.627976417541503906e-01,3.480844974517822266e+00
-1.575749635696411133e+00,-1.363921880722045898e+00
-3.307867765426635742e+00,2.652427434921264648e+00
5.878419876098632812e-01,1.031744599342346191e+00
-2.744586944580078125e+00,1.914191484451293945e+00
-3.493701696395874023e+00,3.316638767719268799e-01
3.207008838653564453e-01,4.981351375579833984e+00
-3.315212726593017578e+00,1.624452114105224609e+00
-3.165011882781982422e+00,-5.859031081199645996e-01
-2.931196928024291992e+00,1.262298375368118286e-01
9.445909857749938965e-01,4.232425212860107422e+00
1.605794668197631836e+00,2.255964756011962891e+00
-2.675597667694091797e+00,-1.011485308408737183e-01
-1.045009493827819824e+00,2.796325445175170898e+00
-2.961568832397460938e+00,7.985708117485046387e-01
-4.527888894081115723e-01,2.727204084396362305e+00
-1.994585275650024414e+00,4.738658428192138672e+00
2.461399555206298828e+00,2.638305187225341797e+00
-7.820941507816314697e-03,2.828537702560424805e+00
6.335160136222839355e-01,4.147409439086914062e+00
-3.629713535308837891e+00,2.842647075653076172e+00
1.817310929298400879e+00,-4.148224890232086182e-01
1.116722345352172852e+00,1.187442421913146973e+00
-2.578886508941650391e+00,3.432662010192871094e+00
-9.882222414016723633e-01,3.011975765228271484e+00
-4.398050606250762939e-01,2.002532243728637695e+00
-1.392478346824645996e+00,-2.379523754119873047e+00
-1.131123185157775879e+00,1.514754146337509155e-01
-4.056199073791503906e+00,1.953253626823425293e+00
-1.374019145965576172e+00,2.228169918060302734e+00
-4.671153068542480469e+00,2.151608943939208984e+00
-1.385612368583679199e+00,2.456187009811401367e+00
-1.256046652793884277e+00,1.511103510856628418e+00
-2.908452987670898438e+00,-1.036798477172851562e+00
1.325248122215270996e+00,4.328752458095550537e-01
-2.634871959686279297e+00,-1.270136952400207520e+00
-1.421089291572570801e+00,4.015163421630859375e+00
-1.970407962799072266e+00,-6.421715617179870605e-01
1.183424830436706543e+00,3.333827495574951172e+00
-4.746537208557128906e-01,4.052240848541259766e+00
-2.169219017028808594e+00,4.324400424957275391e+00
-4.612399101257324219e+00,5.135772824287414551e-01
-3.702358245849609375e+00,2.967696189880371094e+00
-3.939584016799926758e+00,2.583364248275756836e+00
-1.181005477905273438e+00,1.861308932304382324e+00
-3.447585105895996094e+00,2.952443599700927734e+00
-1.239347934722900391e+00,2.894744634628295898e+00
5.770424604415893555e-01,4.856048107147216797e+00
-2.458511352539062500e+00,1.164526492357254028e-01
-9.558048248291015625e-01,4.489704608917236328e+00
8.281687498092651367e-01,1.135913252830505371e+00
-3.992522001266479492e+00,-1.653040289878845215e+00
-4.344727993011474609e+00,-2.484961878508329391e-03
-2.513636589050292969e+00,6.089835241436958313e-02
-3.571215867996215820e+00,7.893269658088684082e-01
-3.529681563377380371e-01,1.185457944869995117e+00
1.647400379180908203e+00,3.433593750000000000e+00
-2.729312658309936523e+00,2.714085578918457031e+00
4.908935129642486572e-01,5.334981083869934082e-01
2.337860107421875000e+00,1.431921482086181641e+00
9.933022260665893555e-01,2.864225864410400391e+00
-1.789933256804943085e-02,2.390906810760498047e+00
-5.710117220878601074e-01,1.053727149963378906e+00
-1.198972702026367188e+00,3.529304504394531250e+00
2.276408195495605469e+00,2.849247455596923828e+00
1.687024593353271484e+00,3.302130222320556641e+00
-2.212075710296630859e+00,-3.660266876220703125e+00
-1.852968454360961914e+00,-3.500372409820556641e+00
-4.537528991699218750e+00,-1.361008286476135254e+00
1.595870494842529297e+00,-5.561229586601257324e-01
-1.666916966438293457e+00,4.560849189758300781e+00
-2.487533807754516602e+00,5.534260272979736328e-01
1.173699498176574707e-01,2.961570739746093750e+00
5.468552708625793457e-01,4.891951084136962891e+00
-3.491966485977172852e+00,-2.183686256408691406e+00
-1.111704349517822266e+00,4.123368561267852783e-01
-4.099849224090576172e+00,-7.893735170364379883e-01
-3.869784832000732422e+00,2.688684701919555664e+00
-4.141725540161132812e+00,9.389650225639343262e-01
-2.025578737258911133e+00,-4.713809192180633545e-01
-7.244908809661865234e-01,2.772243499755859375e+00
-1.036577701568603516e+00,4.016805648803710938e+00
1.868906378746032715e+00,7.876878976821899414e-01
-3.503078699111938477e+00,-3.656297624111175537e-01
-4.285370349884033203e+00,1.020020604133605957e+00
-3.276871919631958008e+00,2.604753375053405762e-01
1.216592550277709961e+00,4.352053642272949219e+00
-2.432809352874755859e+00,-3.629049062728881836e+00
-4.031299114227294922e+00,2.607050657272338867e+00
-2.067101240158081055e+00,4.188297271728515625e+00
-1.667198538780212402e+00,2.952902555465698242e+00
-6.934086233377456665e-02,3.208586871623992920e-01
-3.813444375991821289e+00,2.791533231735229492e+00
-3.337526321411132812e+00,-2.369600772857666016e+00
-5.622091889381408691e-01,1.293009161949157715e+00
1.569389224052429199e+00,1.018614530563354492e+00
-7.825804948806762695e-01,3.969876289367675781e+00
-3.570995807647705078e+00,1.087830662727355957e+00
-2.070771217346191406e+00,3.091262340545654297e+00
-2.037025988101959229e-01,4.357296943664550781e+00
-2.903328895568847656e+00,2.564433813095092773e+00
2.783304214477539062e+00,1.005443334579467773e+00
-1.106545329093933105e+00,-5.653559565544128418e-01
-2.614444494247436523e+00,2.857523679733276367e+00
-9.797179102897644043e-01,2.947022914886474609e+00
-3.744272232055664062e+00,3.651906251907348633e+00
1.523896574974060059e+00,2.318441867828369141e+00
-2.664841651916503906e+00,-3.199044466018676758e+00
-7.061151862144470215e-01,1.564864754676818848e+00
-2.568754434585571289e+00,-3.194176197052001953e+00
-4.599799215793609619e-01,2.717075347900390625e+00
-3.802655696868896484e+00,2.603320121765136719e+00
1.024568080902099609e+00,2.733971118927001953e+00
1.274103283882141113e+00,-8.962337672710418701e-02
-2.674282073974609375e+00,1.699324131011962891e+00
-3.153006792068481445e+00,-2.278461217880249023e+00
-5.626883730292320251e-02,4.409383296966552734e+00
2.189079523086547852e+00,1.438340306282043457e+00
1.083895683288574219e+00,-1.554639101028442383e+00
-2.580669164657592773e+00,2.811758518218994141e+00
1.752424478530883789e+00,2.717044115066528320e+00
2.576842546463012695e+00,-1.094320058822631836e+00
-4.488583087921142578e+00,2.087058782577514648e+00
-2.883574247360229492e+00,3.558042049407958984e+00
-1.833194971084594727e+00,1.352963447570800781e+00
-1.995696902275085449e+00,1.401831150054931641e+00
-1.578487515449523926e+00,2.489207744598388672e+00
3.489486500620841980e-02,4.962803363800048828e+00
-2.082894563674926758e+00,2.467655181884765625e+00
-2.987436950206756592e-01,1.078323364257812500e+00
8.441588878631591797e-01,3.351327180862426758e+00
-3.424988985061645508e+00,3.556276082992553711e+00
-3.237686157226562500e+00,3.706110954284667969e+00
-2.343684434890747070e+00,1.870532989501953125e+00
1.801547884941101074e+00,-5.297083258628845215e-01
-2.781021833419799805e+00,-2.256243228912353516e+00
9.021133184432983398e-01,2.633427619934082031e+00
-2.387679576873779297e+00,1.428886055946350098e+00
2.986001074314117432e-01,2.031966447830200195e-01
-4.389342069625854492e-01,2.930872201919555664e+00
-4.085293769836425781e+00,-1.668493866920471191e+00
2.713652849197387695e-01,4.415409564971923828e+00
-1.335738658905029297e+00,5.559755563735961914e-01
-2.158709049224853516e+00,-1.067034840583801270e+00
-1.841554760932922363e+00,-1.805891990661621094e+00
6.480549573898315430e-01,3.775540351867675781e+00
-3.307484686374664307e-01,3.553111791610717773e+00
-3.244189918041229248e-01,1.138396263122558594e+00
1.822681665420532227e+00,1.016110420227050781e+00
2.913529396057128906e+00,3.048100709915161133e+00
-3.070465803146362305e+00,3.284076452255249023e+00
-2.568198680877685547e+00,2.092237234115600586e+00
-1.870656967163085938e+00,4.775967597961425781e+00
-1.732132792472839355e+00,-1.098281264305114746e+00
-3.864777565002441406e+00,1.711161971092224121e+00
1.040347814559936523e+00,-1.721048116683959961e+00
1.464579939842224121e+00,3.478865146636962891e+00
-3.719370603561401367e+00,-7.712048292160034180e-02
-5.672971010208129883e-01,4.205395698547363281e+00
-3.854632854461669922e+00,-2.549212217330932617e+00
-3.015692234039306641e+00,2.041765689849853516e+00
-3.806428194046020508e+00,7.139095664024353027e-01
9.981006979942321777e-01,3.013615846633911133e+00
-3.990924596786499023e+00,-2.577679231762886047e-02
2.790772676467895508e+00,1.299197554588317871e+00
-4.203671932220458984e+00,2.356680154800415039e+00
-5.298535823822021484e+00,-1.166816875338554382e-01
2.046520709991455078e+00,3.124066352844238281e+00
-3.286351442337036133e+00,-9.036251306533813477e-01
-4.991959095001220703e+00,3.259265422821044922e-01
-4.342401027679443359e+00,-8.388305902481079102e-01
-3.390429258346557617e+00,-3.356293141841888428e-01
-3.729515790939331055e+00,3.483225822448730469e+00
-4.432821273803710938e+00,1.765030026435852051e+00
-3.344030618667602539e+00,-1.711376309394836426e+00
-3.891236305236816406e+00,-1.007321849465370178e-01
5.181509852409362793e-01,3.197812318801879883e+00
1.019227981567382812e+00,3.258454561233520508e+00
-7.370207309722900391e-01,2.968679666519165039e+00
2.181262820959091187e-01,4.978467941284179688e+00
-1.989966511726379395e+00,3.789841890335083008e+00
-3.227779150009155273e+00,2.571646451950073242e+00
-1.037525106221437454e-02,4.707666873931884766e+00
-1.731314539909362793e+00,3.974319934844970703e+00
-2.736997365951538086e+00,2.988511621952056885e-01
-1.452767848968505859e+00,4.908955574035644531e+00
4.751410186290740967e-01,1.979837417602539062e+00
-2.714364051818847656e+00,-1.897785782814025879e+00
1.291707277297973633e+00,4.104609966278076172e+00
-1.120832085609436035e+00,4.616473197937011719e+00
2.741577148437500000e+00,2.466307133436203003e-01
9.581480026245117188e-01,-1.263984918594360352e+00
-2.971890449523925781e+00,1.287048578262329102e+00
-2.397536039352416992e-01,1.792703509330749512e+00
-4.016780853271484375e+00,-1.753471493721008301e+00
-5.387464165687561035e-01,3.401256322860717773e+00
-3.555628299713134766e+00,1.381107211112976074e+00
-8.790832757949829102e-01,1.347978115081787109e+00
-1.696440815925598145e+00,-1.322291016578674316e+00
-5.456019639968872070e-01,4.241924285888671875e+00
-1.346823930740356445e+00,-9.360151290893554688e-01
1.358554840087890625e+00,6.829860806465148926e-01
-5.854334235191345215e-01,1.218701377511024475e-01
-3.939092159271240234e+00,-3.927380740642547607e-01
-1.625789761543273926e+00,-2.212231010198593140e-01
-3.565198183059692383e-01,1.011743187904357910e+00
-6.605340838432312012e-01,2.179696559906005859e+00
9.796586036682128906e-01,-9.394953846931457520e-01
-2.064392089843750000e+00,1.023870855569839478e-01
1.514215111732482910e+00,1.340011954307556152e+00
-3.968879461288452148e+00,-2.810370922088623047e-01
-1.149582624435424805e+00,1.740108370780944824e+00
-6.906558275222778320e-01,2.441445350646972656e+00
-3.331680536270141602e+00,-8.233608007431030273e-01
-2.358501672744750977e+00,1.507358074188232422e+00
-2.679682016372680664e+00,1.275218367576599121e+00
-5.123155593872070312e+00,1.196990132331848145e+00
8.572151660919189453e-01,4.214803218841552734e+00
-2.144655287265777588e-01,4.683146953582763672e+00
-4.905553340911865234e+00,1.056154608726501465e+00
1.743675112724304199e+00,2.918231487274169922e+00
-3.953440904617309570e+00,-1.926818132400512695e+00
-2.349225044250488281e+00,2.837568521499633789e-01
-1.750153541564941406e+00,-1.461152553558349609e+00
-3.295964956283569336e+00,1.489287734031677246e+00
-4.642256259918212891e+00,9.171953201293945312e-01
-2.849041700363159180e+00,-3.704647123813629150e-01
-2.478613138198852539e+00,3.516008853912353516e+00
-1.350341081619262695e+00,-2.636990845203399658e-01
-5.300334930419921875e+00,9.664182364940643311e-02
9.465240836143493652e-01,5.225377678871154785e-01
-2.156091451644897461e+00,1.516209363937377930e+00
-3.821442127227783203e-01,-1.007995963096618652e+00
-3.890288770198822021e-01,1.896192669868469238e+00
-1.161758780479431152e+00,-1.119750738143920898e+00
-3.603605031967163086e+00,2.802629470825195312e+00
4.809282422065734863e-01,2.804493904113769531e+00
-3.000775098800659180e+00,3.441549301147460938e+00
-4.278371483087539673e-02,2.377818107604980469e+00
-1.806174397468566895e+00,4.048031866550445557e-01
-2.996003866195678711e+00,1.273407101631164551e+00
-3.169802665710449219e+00,-2.361254453659057617e+00
-1.490939736366271973e+00,5.101067543029785156e+00
-1.107298135757446289e+00,4.812879085540771484e+00
-2.166503190994262695e+00,1.759585022926330566e+00
-2.778813600540161133e+00,3.080158233642578125e-01
-4.489845275878906250e+00,2.370319604873657227e+00
5.655393600463867188e-01,5.272990465164184570e-01
1.654806733131408691e+00,-6.029996871948242188e-01
-3.649185895919799805e+00,-2.737673759460449219e+00
2.207459211349487305e+00,1.528663635253906250e+00
2.528890848159790039e+00,7.796787470579147339e-02
-1.924202322959899902e+00,-1.200783401727676392e-01
-7.736252546310424805e-01,1.384657263755798340e+00
-3.141114711761474609e+00,-1.618783593177795410e+00
-3.262100696563720703e+00,1.239380598068237305e+00
-1.534893989562988281e+00,1.199506759643554688e+00
-1.506898999214172363e+00,3.493328332901000977e+00
1.014407873153686523e+00,4.373162269592285156e+00
-3.806794881820678711e+00,9.424094557762145996e-01
4.579904079437255859e-01,2.100325584411621094e+00
4.103863835334777832e-01,3.898119449615478516e+00
-1.261773109436035156e+00,3.130720138549804688e+00
2.796411812305450439e-01,1.472071528434753418e+00
-3.137855768203735352e+00,3.678861856460571289e+00
1.507840156555175781e+00,6.234140396118164062e-01
-1.173548340797424316e+00,-2.328291893005371094e+00
-2.223206996917724609e+00,-3.146613121032714844e+00
7.031765580177307129e-01,-1.331324100494384766e+00
-3.551446676254272461e+00,1.850256681442260742e+00
-4.311297535896301270e-01,2.743378639221191406e+00
-1.090039014816284180e+00,3.600919485092163086e+00
-2.149334907531738281e+00,4.117655754089355469e+00
1.685967803001403809e+00,3.285353183746337891e+00
4.670158028602600098e-01,3.811146259307861328e+00
1.689630597829818726e-01,2.451416492462158203e+00
2.652932643890380859e+00,8.943486213684082031e-02
-3.064213752746582031e+00,2.175304174423217773e+00
8.795929551124572754e-01,4.931562423706054688e+00
9.072116762399673462e-02,1.381353616714477539e+00
-4.169553756713867188e+00,-5.818631052970886230e-01
-2.046645402908325195e+00,2.773472070693969727e-01
-1.075985670089721680e+00,1.471754670143127441e+00
-5.775269269943237305e-01,3.633872985839843750e+00
-3.275855541229248047e+00,-2.734281301498413086e+00
-8.237954974174499512e-01,1.608104944229125977e+00
9.097224473953247070e-01,3.257850170135498047e+00
2.231611013412475586e+00,3.698938608169555664e+00
-8.903665095567703247e-02,-1.059363842010498047e+00
-2.132209777832031250e+00,9.162044525146484375e-01
2.010526180267333984e+00,3.151955604553222656e+00
-4.738566875457763672e+00,2.391916751861572266e+00
-1.509302377700805664e+00,-9.507998824119567871e-01
-4.308703899383544922e+00,6.046944856643676758e-02
-6.998838186264038086e-01,2.829234123229980469e+00
-1.210161924362182617e+00,7.874270081520080566e-01
9.344964623451232910e-01,3.273739814758300781e+00
-6.023646593093872070e-01,-2.324705600738525391e+00
-3.252099514007568359e+00,-1.611048936843872070e+00
-1.279211044311523438e+00,1.500047326087951660e+00
-1.599463701248168945e+00,2.202278852462768555e+00
-1.288939595222473145e+00,-6.374980788677930832e-03
-2.159981727600097656e+00,-7.892528176307678223e-01
-8.015514016151428223e-01,3.142270088195800781e+00
-1.357432603836059570e-01,4.874475479125976562e+00
6.080583333969116211e-01,-1.533369421958923340e+00
-2.475483894348144531e+00,-3.656774520874023438e+00
-7.874022126197814941e-01,3.930330991744995117e+00
-3.451382637023925781e+00,1.747721791267395020e+00
-2.275487184524536133e+00,1.444138050079345703e+00
-4.979074895381927490e-01,4.309676647186279297e+00
-2.987366437911987305e+00,-2.020517587661743164e-01
2.691591739654541016e+00,2.916643619537353516e+00
1.445473194122314453e+00,2.519076824188232422e+00
-4.201120853424072266e+00,6.743788719177246094e-01
-2.578514099121093750e+00,-3.352348804473876953e+00
1.128490686416625977e+00,2.850902795791625977e+00
3.293834924697875977e-01,8.925219997763633728e-03
-4.007417201995849609e+00,-2.066837310791015625e+00
-6.275219917297363281e-01,1.675347447395324707e+00
-1.490310549736022949e+00,3.616751432418823242e+00
-1.887124061584472656e+00,3.288435220718383789e+00
-4.592587947845458984e+00,-1.243823051452636719e+00
-4.061529159545898438e+00,2.049248695373535156e+00
-1.163882613182067871e+00,4.661564350128173828e+00
-3.690430879592895508e+00,-9.929072856903076172e-01
-8.191951513290405273e-01,-1.041188001632690430e+00
-7.317981123924255371e-01,-1.853746652603149414e+00
-1.736556887626647949e+00,-1.246705889701843262e+00
3.701461553573608398e-01,2.200660228729248047e+00
-4.355342864990234375e+00,7.700287699699401855e-01
9.808719158172607422e-02,8.712960481643676758e-01
-3.174033403396606445e+00,-2.389267206192016602e+00
-3.097773492336273193e-01,-2.278371155261993408e-01
-5.276312828063964844e+00,-1.036867871880531311e-01
-2.007674694061279297e+00,2.139733552932739258e+00
3.048400163650512695e+00,-4.262315928936004639e-01
-2.059429645538330078e+00,-8.252768516540527344e-01
3.724141418933868408e-01,4.290787696838378906e+00
-2.493230581283569336e+00,5.694742202758789062e-01
-5.021258831024169922e+00,4.343478679656982422e-01
-3.309071063995361328e+00,-9.097651243209838867e-01
-1.812858819961547852e+00,1.262367963790893555e+00
-1.081239223480224609e+00,3.360500574111938477e+00
-1.850697755813598633e+00,1.714500546455383301e+00
-1.836302876472473145e-01,1.542092084884643555e+00
-4.691657543182373047e+00,-7.174587994813919067e-02
1.065749406814575195e+00,2.279330492019653320e+00
-3.481231689453125000e+00,-3.181478381156921387e-01
5.687354803085327148e-01,4.622972905635833740e-01
-2.483972072601318359e+00,-1.531138420104980469e+00
7.251417636871337891e-01,2.401559352874755859e+00
6.720485091209411621e-01,5.954802632331848145e-01
-1.632465720176696777e-01,4.701542854309082031e+00
-5.143336296081542969e+00,1.199766159057617188e+00
-3.515768051147460938e+00,3.893043398857116699e-01
-3.270784854888916016e+00,2.217097759246826172e+00
-2.960434913635253906e+00,-1.854920387268066406e+00
-1.515622735023498535e+00,-1.141883730888366699e-01
7.669919133186340332e-01,-7.810844480991363525e-02
-1.373810887336730957e+00,4.948376655578613281e+00
2.426259756088256836e+00,9.334896504878997803e-02
-3.801713228225708008e+00,3.646759748458862305e+00
-2.706070661544799805e+00,-3.485285997390747070e+00
1.587678909301757812e+00,2.556061983108520508e+00
-4.345412254333496094e+00,1.947282671928405762e+00
-2.785859823226928711e+00,-4.695472121238708496e-01
7.360674142837524414e-01,1.522910714149475098e+00
-1.907946228981018066e+00,-3.321213960647583008e+00
-1.373600721359252930e+00,-1.250823497772216797e+00
-3.856495141983032227e+00,-1.690628170967102051e+00
2.996469974517822266e+00,2.880881786346435547e+00
-1.502410531044006348e+00,7.855558991432189941e-01
-4.294785499572753906e+00,-3.359259963035583496e-01
-5.103139877319335938e-01,-3.391276597976684570e-01
-2.602259397506713867e+00,-1.740731716156005859e+00
-1.894459247589111328e+00,-4.574098289012908936e-01
-3.833807945251464844e+00,1.701637506484985352e+00
-3.303891122341156006e-01,6.724420785903930664e-01
2.286259651184082031e+00,-1.557103991508483887e-01
8.528642654418945312e-01,-9.656796604394912720e-02
-2.879796504974365234e+00,2.237317085266113281e+00
2.479192972183227539e+00,2.551953077316284180e+00
-2.640181779861450195e+00,-9.472491741180419922e-01
4.213771224021911621e-01,2.710723876953125000e+00
9.891564249992370605e-01,8.176286816596984863e-01
2.698146104812622070e+00,2.814647912979125977e+00
-3.159660339355468750e+00,1.086631178855895996e+00
-3.020709991455078125e+00,1.584378838539123535e+00
-2.425646781921386719e+00,2.476285696029663086e+00
-4.737477302551269531e-01,1.888197541236877441e+00
-1.235265851020812988e+00,-2.092095136642456055e+00
-2.826241970062255859e+00,2.473762989044189453e+00
8.086949586868286133e-02,2.305790901184082031e+00
-3.427637815475463867e+00,2.845093488693237305e+00
1.677491068840026855e+00,1.053329110145568848e+00
9.285213351249694824e-01,3.331733703613281250e+00
-4.025055408477783203e+00,2.688895940780639648e+00
-6.087688803672790527e-01,-3.763458132743835449e-01
9.455794692039489746e-01,-9.659979343414306641e-01
-3.137775659561157227e+00,3.799369558691978455e-02
-6.557241678237915039e-01,4.564648151397705078e+00
-1.824171185493469238e+00,-1.103052139282226562e+00
-1.070594787597656250e+00,-7.279955148696899414e-01
-2.138256549835205078e+00,-3.604390621185302734e+00
2.868678092956542969e+00,3.051880598068237305e+00
-6.006194949150085449e-01,1.819356560707092285e+00
-1.715778470039367676e+00,-1.087174057960510254e+00
-9.783062934875488281e-01,-9.997568130493164062e-01
1.538217663764953613e+00,1.368377685546875000e+00
-5.406942963600158691e-01,-2.721802294254302979e-01
1.189433813095092773e+00,4.839357376098632812e+00
3.149711847305297852e+00,3.193680047988891602e-01
1.866375565528869629e+00,2.829843044281005859e+00
-9.296762347221374512e-01,-4.308803081512451172e-01
-2.059334278106689453e+00,2.441341876983642578e+00
-1.597425043582916260e-01,1.051265716552734375e+00
-7.048813700675964355e-01,-4.291942715644836426e-02
-3.515040874481201172e+00,1.031671881675720215e+00
-2.079420566558837891e+00,1.423847913742065430e+00
1.820410370826721191e+00,1.599011182785034180e+00
-2.188686370849609375e+00,-1.883156657218933105e+00
-1.772883415222167969e+00,1.012664914131164551e+00
-1.966674089431762695e+00,1.513241410255432129e+00
-7.610267400741577148e-01,4.025366306304931641e-01
-2.589232444763183594e+00,3.561677932739257812e+00
1.352005481719970703e+00,3.814308643341064453e-01
1.005547285079956055e+00,3.025413036346435547e+00
1.062281057238578796e-01,-1.606524229049682617e+00
1.111053705215454102e+00,3.864201784133911133e+00
-1.578803777694702148e+00,4.725914955139160156e+00
1.267680883407592773e+00,3.692988872528076172e+00
-1.981938123703002930e+00,2.144185781478881836e+00
-3.415344476699829102e+00,2.974125623703002930e+00
1.984765648841857910e+00,3.615899801254272461e+00
-3.074855566024780273e+00,-5.663875937461853027e-01
3.907613456249237061e-01,1.767055869102478027e+00
-3.730242252349853516e+00,2.482544660568237305e+00
-2.814653635025024414e+00,7.490727305412292480e-01
-5.834815502166748047e-01,4.068626403808593750e+00
1.505800962448120117e+00,1.703598499298095703e+00
2.685369968414306641e+00,3.804579973220825195e-01
4.805145040154457092e-02,-7.816625237464904785e-01
-2.015583366155624390e-01,3.650299310684204102e+00
-2.611772775650024414e+00,2.086707115173339844e+00
-2.506088733673095703e+00,2.273008108139038086e+00
-7.310681343078613281e-01,3.023880004882812500e+00
2.637956380844116211e+00,1.845444679260253906e+00
-2.997119665145874023e+00,-8.183867931365966797e-01
-3.381330966949462891e-01,-2.702921926975250244e-01
-4.657813549041748047e+00,-8.805512189865112305e-01
-1.565541386604309082e+00,2.144889593124389648e+00
5.803478956222534180e-01,-6.176815927028656006e-02
-3.325092554092407227e+00,-2.692221641540527344e+00
-1.798655033111572266e+00,3.804190635681152344e+00
1.353341341018676758e+00,4.693598270416259766e+00
-1.357484698295593262e+00,-2.395036458969116211e+00
2.052461385726928711e+00,3.356795072555541992e+00
-2.766315460205078125e+00,2.817188501358032227e+00
-2.019758224487304688e+00,-3.437366247177124023e+00
-2.887488126754760742e+00,8.343992233276367188e-01
-1.692163944244384766e+00,1.556032538414001465e+00
1.696193456649780273e+00,2.787482738494873047e+00
-2.552675008773803711e+00,2.752309799194335938e+00
-1.933201074600219727e+00,-3.294271945953369141e+00
1.021534204483032227e+00,2.681547641754150391e+00
-3.979889631271362305e+00,-2.071222066879272461e+00
-2.697174847126007080e-01,2.518623113632202148e+00
1.151353955268859863e+00,2.491550445556640625e+00
-2.765497446060180664e+00,2.711064577102661133e+00
2.586001157760620117e+00,1.774402618408203125e+00
2.068410217761993408e-01,-1.759827971458435059e+00
-1.241135239601135254e+00,1.453116059303283691e+00
-2.329461812973022461e+00,3.926122665405273438e+00
-2.782024860382080078e+00,1.270413398742675781e+00
-2.083780288696289062e+00,-3.517259657382965088e-01
-2.201325416564941406e+00,1.965196251869201660e+00
-4.094495773315429688e+00,-3.057657182216644287e-01
-3.574315309524536133e-01,2.912696123123168945e+00
-4.502531051635742188e+00,5.225635170936584473e-01
-4.030573844909667969e+00,1.078047990798950195e+00
-3.342473983764648438e+00,-1.057223677635192871e+00
-5.232190489768981934e-01,9.566268920898437500e-01
6.102628707885742188e-01,9.391987323760986328e-01
-3.661664247512817383e+00,1.315392494201660156e+00
2.451521009206771851e-01,2.279633998870849609e+00
-5.286785125732421875e+00,9.727623462677001953e-01
-3.412756681442260742e+00,1.728174924850463867e+00
-1.096264243125915527e+00,3.770793437957763672e+00
-1.092080593109130859e+00,3.009118318557739258e+00
-3.812711477279663086e+00,-1.115709900856018066e+00
2.187721729278564453e+00,1.390737175941467285e+00
-2.259939908981323242e+00,1.619888305664062500e+00
-1.958357930183410645e+00,-3.326351165771484375e+00
-3.062906265258789062e+00,6.669863462448120117e-01
-1.805717706680297852e+00,1.805194139480590820e+00
-1.316929578781127930e+00,1.705982089042663574e+00
-3.745596885681152344e+00,3.506499290466308594e+00
-1.896807432174682617e+00,-8.648901581764221191e-01
-4.751287460327148438e+00,8.757143616676330566e-01
-7.363640069961547852e-01,-1.872332334518432617e+00
-3.353850364685058594e+00,2.856851220130920410e-01
-3.934182167053222656e+00,1.729479074478149414e+00
-3.518954753875732422e+00,2.804703474044799805e+00
-2.605534076690673828e+00,1.200397610664367676e+00
-1.749652862548828125e+00,-3.010319471359252930e+00
-1.316295981407165527e+00,-2.573941648006439209e-01
-3.727885723114013672e+00,8.557229042053222656e-01
1.651302337646484375e+00,2.155745983123779297e+00
-1.215512394905090332e+00,-3.660172462463378906e+00
-2.812421083450317383e+00,3.965575397014617920e-01
1.416929006576538086e+00,-1.008695244789123535e+00
-1.867878675460815430e+00,4.376701354980468750e+00
-3.895493745803833008e+00,3.698839187622070312e+00
-1.962108850479125977e+00,-3.029300212860107422e+00
-9.636253118515014648e-01,-2.134392738342285156e+00
-4.203635215759277344e+00,1.986152172088623047e+00
-1.119672417640686035e+00,-1.159118771553039551e+00
-4.115787029266357422e+00,-5.099102258682250977e-01
2.298587799072265625e+00,2.644583940505981445e+00
-3.303814411163330078e+00,-1.786000728607177734e+00
1.324283480644226074e+00,4.376398921012878418e-01
-7.968208789825439453e-01,2.550911426544189453e+00
-4.085556507110595703e+00,-6.774932146072387695e-01
1.031689643859863281e+00,1.631887197494506836e+00
-3.225066959857940674e-01,1.061357140541076660e+00
-2.756903648376464844e+00,2.140483379364013672e+00
-1.121091127395629883e+00,-1.464715838432312012e+00
-3.625253915786743164e+00,2.872367382049560547e+00
3.762724995613098145e-02,8.289644122123718262e-01
-1.189801216125488281e+00,-3.655413389205932617e+00
-1.933625936508178711e+00,1.988390445709228516e+00
-1.578361988067626953e-01,3.058347702026367188e+00
-3.854059696197509766e+00,1.469501137733459473e+00
1.578372716903686523e+00,4.206359386444091797e+00
-4.000237941741943359e+00,-1.636545658111572266e+00
-4.082269668579101562e+00,-1.541444420814514160e+00
-3.340351819992065430e+00,-1.382858633995056152e+00
-3.903438568115234375e+00,3.491802692413330078e+00
-2.532526969909667969e+00,2.570569753646850586e+00
-1.214502215385437012e+00,2.064047604799270630e-01
1.667988449335098267e-01,1.765937209129333496e+00
-4.623955249786376953e+00,2.253433316946029663e-01
2.664916038513183594e+00,2.675192058086395264e-01
2.653587341308593750e+00,2.768086671829223633e+00
-3.502503395080566406e+00,7.657057046890258789e-01
-3.518756151199340820e+00,2.662307739257812500e+00
-3.566232681274414062e+00,8.606992959976196289e-01
-2.452332496643066406e+00,-9.515548944473266602e-01
-1.858282923698425293e+00,-3.223173618316650391e+00
-1.705688834190368652e+00,-1.330628275871276855e+00
-3.603847503662109375e+00,-1.932054609060287476e-01
-3.714231252670288086e+00,1.348926663398742676e+00
-2.969161272048950195e+00,-1.797613739967346191e+00
-2.189729213714599609e+00,9.996430575847625732e-02
-9.647245407104492188e-01,3.912175416946411133e+00
1.893615603446960449e+00,4.273204803466796875e+00
5.000429749488830566e-01,3.035901784896850586e+00
-2.404871582984924316e-01,4.156870841979980469e-01
-3.004356622695922852e+00,-1.829527020454406738e+00
-8.065817356109619141e-01,2.348459243774414062e+00
-1.392096400260925293e+00,-2.355872392654418945e+00
-9.354368448257446289e-01,2.463602781295776367e+00
-8.054400682449340820e-01,-1.817434310913085938e+00
-2.466279268264770508e+00,2.166433095932006836e+00
3.294992744922637939e-01,3.779282793402671814e-02
2.683614194393157959e-01,4.404176712036132812e+00
1.969649910926818848e+00,1.040227174758911133e+00
-1.286718010902404785e+00,1.802071928977966309e+00
-4.853571951389312744e-02,2.197947025299072266e+00
-2.670615434646606445e+00,-3.376041650772094727e+00
-3.278193712234497070e+00,1.860892057418823242e+00
-2.022571325302124023e+00,3.168071210384368896e-01
-2.386785268783569336e+00,3.453989028930664062e+00
-3.564951121807098389e-01,2.251077890396118164e+00
-2.760552644729614258e+00,2.067095190286636353e-01
-2.022946357727050781e+00,2.349951744079589844e+00
-7.789361476898193359e-01,5.577977299690246582e-01
8.950279355049133301e-01,3.261923789978027344e+00
-3.829437494277954102e+00,8.728138804435729980e-01
-1.461000561714172363e+00,4.850104808807373047e+00
-2.666105270385742188e+00,3.335615158081054688e+00
2.934172868728637695e+00,2.969817399978637695e+00
1.710722684860229492e+00,3.036940813064575195e+00
6.095538139343261719e-01,2.282655239105224609e+00
-3.151223659515380859e+00,-1.809094309806823730e+00
-1.824160337448120117e+00,-3.122428417205810547e+00
2.780145645141601562e+00,2.569471359252929688e+00
-1.028526902198791504e+00,4.501825332641601562e+00
-4.060180187225341797e+00,2.499521017074584961e+00
1.696354150772094727e+00,3.021786510944366455e-01
-5.135295391082763672e+00,4.131471514701843262e-01
-1.335038185119628906e+00,1.801780164241790771e-01
-9.882635474205017090e-01,-1.134149551391601562e+00
-2.771096229553222656e+00,2.059969663619995117e+00
-4.355989933013916016e+00,-8.670814633369445801e-01
-2.175478219985961914e+00,-3.097608804702758789e+00
-4.219385623931884766e+00,2.588250637054443359e+00
1.283927202224731445e+00,3.616034984588623047e+00
-4.669959545135498047e+00,1.945914745330810547e+00
1.267708420753479004e+00,3.732934951782226562e+00
-3.293158531188964844e+00,-2.860307991504669189e-01
2.148764133453369141e+00,3.267277479171752930e+00
-6.455011367797851562e-01,3.818683624267578125e+00
-2.316624879837036133e+00,-1.160986199975013733e-01
-1.642443537712097168e+00,4.094090938568115234e+00
-2.062497377395629883e+00,-1.900826930999755859e+00
-5.121100544929504395e-01,1.042198777198791504e+00
-6.562883406877517700e-02,4.663380622863769531e+00
1.215387821197509766e+00,2.956417083740234375e+00
-3.572284579277038574e-01,3.091626465320587158e-01
-5.619342923164367676e-01,-9.966937899589538574e-01
1.049807548522949219e+00,-7.863081097602844238e-01
-2.972851276397705078e+00,2.402850389480590820e+00
9.629275798797607422e-01,4.406277656555175781e+00
1.635685205459594727e+00,-7.103002667427062988e-01
-4.209489822387695312e+00,-6.722681969404220581e-02
-1.300213813781738281e+00,1.808836221694946289e+00
6.118013262748718262e-01,4.945511817932128906e+00
-1.770624637603759766e+00,4.127975463867187500e+00
-3.915815353393554688e+00,-1.108287215232849121e+00
-2.451335191726684570e+00,9.814779758453369141e-01
-1.162724375724792480e+00,5.030968189239501953e+00
1.800783872604370117e+00,4.495353221893310547e+00
-2.938548326492309570e+00,-6.784239411354064941e-01
-2.575916290283203125e+00,1.567728668451309204e-01
-1.217334389686584473e+00,3.390713453292846680e+00
-1.442016243934631348e+00,3.909799098968505859e+00
7.502970099449157715e-01,1.447449207305908203e+00
-1.043091654777526855e+00,-6.059675216674804688e-01
-1.316678166389465332e+00,4.820382118225097656e+00
2.769825756549835205e-01,1.631378889083862305e+00
1.935007572174072266e+00,4.610259830951690674e-01
-1.581261277198791504e+00,1.767012715339660645e+00
-6.185457110404968262e-01,3.033995628356933594e+00
-4.939890205860137939e-01,-1.377400010824203491e-01
-5.136712789535522461e-01,4.797874450683593750e+00
-1.564531564712524414e+00,-3.745643496513366699e-01
-1.946069598197937012e+00,4.805448532104492188e+00
1.119740486145019531e+00,4.416494369506835938e+00
-3.860481977462768555e+00,2.782750129699707031e+00
-4.717390537261962891e+00,1.938485205173492432e-01
-4.410727024078369141e+00,1.533296108245849609e+00
-4.384991645812988281e+00,1.705489635467529297e+00
-1.195039033889770508e+00,3.451391458511352539e+00
-3.235803842544555664e+00,3.973956406116485596e-02
-1.207910180091857910e+00,3.174256086349487305e+00
-3.423640012741088867e+00,-4.680575728416442871e-01
-3.584967613220214844e+00,3.404908895492553711e+00
-3.766421079635620117e+00,3.570181131362915039e+00
-2.281576871871948242e+00,4.216285228729248047e+00
-3.945549964904785156e+00,5.255362987518310547e-01
-5.829257965087890625e-01,3.979662656784057617e+00
2.297910004854202271e-01,-3.276136219501495361e-01
2.770030021667480469e+00,1.848120093345642090e+00
-1.466866970062255859e+00,1.010822057723999023e+00
-6.637067794799804688e-01,-5.346780270338058472e-02
2.786730051040649414e+00,-7.180604338645935059e-02
-4.613299369812011719e+00,3.541030883789062500e-01
-3.950907588005065918e-01,1.560531020164489746e+00
-4.764097332954406738e-01,-1.229203119874000549e-02
1.073014855384826660e+00,1.519715189933776855e+00
2.291034936904907227e+00,1.014280319213867188e+00
-2.640939474105834961e+00,2.198170661926269531e+00
1.012228488922119141e+00,3.216973066329956055e+00
1.812928557395935059e+00,3.097481727600097656e+00
1.473788261413574219e+00,6.318937540054321289e-01
1.521813273429870605e+00,-7.087323069572448730e-01
-1.805996537208557129e+00,4.809679031372070312e+00
-5.568566918373107910e-01,-2.452452667057514191e-02
1.004601597785949707e+00,3.710277557373046875e+00
3.531647026538848877e-01,-1.477938175201416016e+00
-4.929692268371582031e+00,1.248474597930908203e+00
-1.550076127052307129e+00,8.555153012275695801e-01
-3.764994382858276367e+00,5.503383651375770569e-02
-2.724030971527099609e+00,1.997695863246917725e-02
-3.572661876678466797e+00,-4.508631229400634766e-01
-4.086839199066162109e+00,1.898355841636657715e+00
-3.678650617599487305e+00,2.892155170440673828e+00
9.423652291297912598e-01,3.733045578002929688e+00
-4.667315483093261719e+00,2.235167264938354492e+00
-2.314922809600830078e+00,6.883745193481445312e-01
-3.229729413986206055e+00,1.910558223724365234e+00
2.064275890588760376e-01,1.707911729812622070e+00
7.061721682548522949e-01,-1.332771182060241699e+00
6.630265712738037109e-02,1.435268018394708633e-02
9.423915147781372070e-01,2.684771776199340820e+00
-2.374598741531372070e+00,1.276068568229675293e+00
-4.308691024780273438e+00,2.401651382446289062e+00
-4.296039104461669922e+00,-1.222862243652343750e+00
-2.267689943313598633e+00,1.607751250267028809e+00
-5.259489059448242188e+00,1.831827461719512939e-01
6.193327307701110840e-01,4.776776313781738281e+00
1.579713463783264160e+00,4.518000483512878418e-01
2.496446371078491211e+00,7.227466907352209091e-03
-2.083471298217773438e+00,1.973858952522277832e+00
-2.741942167282104492e+00,-1.081055641174316406e+00
-3.132634639739990234e+00,-1.979754805564880371e+00
-1.654251813888549805e+00,3.983626604080200195e+00
-1.306628823280334473e+00,-3.068512976169586182e-01
8.843814134597778320e-01,-5.735979974269866943e-02
-1.697141289710998535e+00,8.220205456018447876e-02
-3.464421749114990234e+00,-1.644321680068969727e+00
2.800374269485473633e+00,2.576339960098266602e+00
-2.495830059051513672e+00,1.192468881607055664e+00
-9.164816737174987793e-01,4.262111783027648926e-01
2.056408971548080444e-01,4.907403945922851562e+00
-2.264286041259765625e+00,3.947502970695495605e-01
-1.363428235054016113e+00,2.496567726135253906e+00
1.861367702484130859e+00,3.465900659561157227e+00
-2.570947408676147461e+00,-3.120431661605834961e+00
1.129147768020629883e+00,-2.540229856967926025e-01
-3.130572080612182617e+00,-2.255182266235351562e+00
2.759995460510253906e+00,-9.291366338729858398e-01
-2.389762639999389648e+00,1.628709673881530762e+00
-4.098993778228759766e+00,-1.906686902046203613e+00
2.270214796066284180e+00,-1.127168297767639160e+00
-2.796575784683227539e+00,-2.413885295391082764e-01
-3.551150083541870117e+00,1.508442997932434082e+00
9.996794462203979492e-01,2.250570774078369141e+00
-3.029902219772338867e+00,-6.413241624832153320e-01
-1.605088829994201660e+00,1.752861499786376953e+00
2.486965179443359375e+00,6.598278880119323730e-02
1.713807582855224609e+00,2.406007766723632812e+00
-1.327672481536865234e+00,1.435767412185668945e+00
7.656998038291931152e-01,9.830793738365173340e-01
-3.004953622817993164e+00,1.088903546333312988e+00
-3.060617446899414062e+00,-6.165910959243774414e-01
-4.064046859741210938e+00,1.424201011657714844e+00
-3.408293485641479492e+00,-2.855804443359375000e+00
-3.956805229187011719e+00,1.522828698158264160e+00
2.461478710174560547e+00,1.702805399894714355e+00
-1.561831712722778320e+00,-1.306203246116638184e+00
1.862832665443420410e+00,1.641190648078918457e+00
-9.809682145714759827e-03,4.786153316497802734e+00
-4.342989444732666016e+00,-1.460520178079605103e-01
-3.410767316818237305e+00,1.913847088813781738e+00
-1.554998010396957397e-01,-6.654090285301208496e-01
-3.265698909759521484e+00,2.952263355255126953e+00
1.676870584487915039e+00,-4.013338983058929443e-01
-1.638635158538818359e+00,3.889904499053955078e+00
5.216666460037231445e-01,8.789509884081780910e-04
8.129921555519104004e-02,2.635702371597290039e+00
1.214408636093139648e+00,-5.971842631697654724e-02
-2.253869533538818359e+00,3.405380249023437500e-01
-2.586426258087158203e+00,-3.074674367904663086e+00
2.319847583770751953e+00,-1.143457889556884766e-01
-1.656850934028625488e+00,4.114249229431152344e+00
1.732123255729675293e+00,2.274668693542480469e+00
-4.077347278594970703e+00,1.097263574600219727e+00
1.329207658767700195e+00,3.199240207672119141e+00
-3.014647722244262695e+00,-8.661412000656127930e-01
-4.107086658477783203e+00,-7.687466144561767578e-01
-2.488150358200073242e+00,-1.621638417243957520e+00
-1.067729949951171875e+00,-7.143796086311340332e-01
2.951273679733276367e+00,2.948782444000244141e+00
-2.340415477752685547e+00,-1.164257898926734924e-01
-3.929145097732543945e+00,1.462464690208435059e+00
-3.564351558685302734e+00,-9.141827225685119629e-01
-1.692718267440795898e+00,3.966154098510742188e+00
-4.579054415225982666e-01,1.093715906143188477e+00
-4.000141143798828125e+00,-1.641368031501770020e+00
-3.242761373519897461e+00,1.874946475028991699e+00
-2.813791157677769661e-03,4.353826045989990234e+00
-1.396148920059204102e+00,2.289515018463134766e+00
1.483565568923950195e-02,3.758041381835937500e+00
-7.091712355613708496e-01,4.594221115112304688e+00
-1.505330443382263184e+00,3.933304548263549805e+00
4.806273877620697021e-01,1.269675254821777344e+00
8.142691254615783691e-01,-7.625955343246459961e-01
-3.313192605972290039e+00,3.180074930191040039e+00
-1.326618671417236328e+00,3.191824436187744141e+00
-1.651014089584350586e+00,-1.101178526878356934e+00
-2.591291904449462891e+00,-3.346560478210449219e+00
-9.697756171226501465e-01,4.797420501708984375e+00
1.842418193817138672e+00,1.051032066345214844e+00
8.404527902603149414e-01,1.342125654220581055e+00
-2.129262924194335938e+00,2.679826021194458008e+00
8.244730234146118164e-01,1.956064343452453613e+00
-7.391637563705444336e-01,2.512210369110107422e+00
-2.653422117233276367e+00,1.165166497230529785e+00
-3.222847700119018555e+00,4.813451170921325684e-01
2.192169427871704102e+00,3.317698717117309570e+00
5.038486719131469727e-01,3.263651847839355469e+00
-3.020888090133666992e+00,3.318194150924682617e+00
-1.564195394515991211e+00,1.377808332443237305e+00
-1.766717553138732910e+00,-3.335201144218444824e-01
7.456441521644592285e-01,1.941263556480407715e+00
-3.683487653732299805e+00,3.650336503982543945e+00
2.837516307830810547e+00,3.150343894958496094e+00
-9.744783639907836914e-01,2.898478269577026367e+00
-3.361850500106811523e+00,-1.673849105834960938e+00
1.782083034515380859e+00,5.332191586494445801e-01
-1.292386651039123535e+00,4.726387500762939453e+00
-2.177891492843627930e+00,-9.931129962205886841e-02
-1.204651951789855957e+00,3.006574392318725586e+00
2.843099832534790039e+00,3.098563909530639648e+00
1.373435139656066895e+00,1.456001877784729004e+00
1.351362824440002441e+00,3.201219797134399414e+00
1.946079969406127930e+00,3.019080162048339844e+00
1.145144104957580566e+00,3.231480121612548828e+00
-2.807049989700317383e+00,3.455424308776855469e+00
1.670174479484558105e+00,-3.192825019359588623e-01
-1.543971896171569824e+00,4.778192043304443359e+00
1.032041788101196289e+00,2.797305583953857422e+00
2.255995124578475952e-01,-6.736561655998229980e-01
-4.306312561035156250e+00,2.177994489669799805e+00
-1.673382997512817383e+00,1.779195070266723633e+00
-2.089287042617797852e+00,2.211244583129882812e+00
-3.855482101440429688e+00,1.781869411468505859e+00
-9.538872241973876953e-01,1.566678136587142944e-01
-2.114754021167755127e-01,2.896046400070190430e+00
-4.485311985015869141e+00,-4.602696895599365234e-01
3.101565539836883545e-01,1.778014302253723145e-01
2.620960235595703125e+00,-4.828215390443801880e-02
-4.380179882049560547e+00,1.235373616218566895e+00
-5.054945468902587891e+00,1.314621925354003906e+00
-2.042906045913696289e+00,-1.903847575187683105e+00
-4.322866439819335938e+00,1.857661843299865723e+00
-1.067016839981079102e+00,4.017731666564941406e+00
-2.674226999282836914e+00,2.901515483856201172e+00
3.068713843822479248e-01,4.839058876037597656e+00
3.918574377894401550e-02,2.657876729965209961e+00
-1.010064721107482910e+00,-2.284385919570922852e+00
-1.133605599403381348e+00,3.146809101104736328e+00
-2.625145673751831055e+00,-3.321330308914184570e+00
5.712481588125228882e-02,4.464923858642578125e+00
-6.986620426177978516e-01,2.627712965011596680e+00
-1.299344301223754883e+00,2.388967990875244141e+00
-2.270440101623535156e+00,3.570670783519744873e-01
1.999062061309814453e+00,1.130924582481384277e+00
-1.349590539932250977e+00,4.855315208435058594e+00
-1.631700277328491211e+00,-1.353387683629989624e-01
-1.179033637046813965e+00,2.301313400268554688e+00
-9.218988418579101562e-01,1.310132265090942383e+00
-7.550838589668273926e-01,1.788902282714843750e-01
-1.990127205848693848e+00,1.652125358581542969e+00
-1.329559832811355591e-01,1.786347627639770508e+00
-3.237433433532714844e+00,2.044011592864990234e+00
-2.202475786209106445e+00,2.842069149017333984e+00
1.314100384712219238e+00,3.940814018249511719e+00
-2.776695966720581055e+00,2.550948560237884521e-01
-1.749655246734619141e+00,-1.316330432891845703e+00
-6.072855368256568909e-02,1.132403135299682617e+00
8.080016374588012695e-01,2.479344010353088379e-01
1.032480001449584961e+00,1.532289505004882812e+00
3.657450675964355469e-01,3.125969409942626953e+00
-1.589971065521240234e+00,-5.147097110748291016e-01
7.576484680175781250e-01,-1.489542841911315918e+00
-4.613922119140625000e+00,-4.092231690883636475e-01
-1.446970701217651367e+00,4.917989730834960938e+00
6.066498756408691406e-01,1.573125123977661133e+00
8.180443644523620605e-01,2.553978681564331055e+00
7.956981062889099121e-01,-7.549215555191040039e-01
-4.283998966217041016e+00,9.969274997711181641e-01
1.021234869956970215e+00,2.323224306106567383e+00
-3.384620904922485352e+00,-1.521467089653015137e+00
-5.187709629535675049e-02,3.830102205276489258e+00
-2.107949495315551758e+00,7.737029790878295898e-01
3.359118103981018066e-01,1.932920336723327637e+00
1.924767136573791504e+00,3.299945354461669922e+00
-1.526512861251831055e+00,1.615339398384094238e+00
1.655633568763732910e+00,9.411502480506896973e-01
-1.283133506774902344e+00,-1.225895285606384277e+00
5.496991276741027832e-01,1.977975487709045410e+00
-1.271119236946105957e+00,1.404363751411437988e+00
-1.244353175163269043e+00,5.255681276321411133e-01
-4.809382438659667969e+00,1.309257466346025467e-02
-2.476316213607788086e+00,6.281773447990417480e-01
6.845088005065917969e-01,1.585536122322082520e+00
-3.085159540176391602e+00,3.488156557083129883e+00
1.530434846878051758e+00,9.428415298461914062e-01
3.047127246856689453e+00,-5.502992272377014160e-01
-3.262812614440917969e+00,-8.429778814315795898e-01
-8.840681314468383789e-01,2.760475158691406250e+00
1.662091970443725586e+00,3.514266252517700195e+00
1.427959799766540527e+00,4.288851261138916016e+00
-3.540923833847045898e+00,-2.077967882156372070e+00
-4.444497108459472656e+00,-7.682042717933654785e-01
1.985602855682373047e+00,1.540490031242370605e+00
2.966329157352447510e-01,2.212014675140380859e+00
2.549960613250732422e+00,2.697471715509891510e-02
-4.018385410308837891e+00,2.059004545211791992e+00
-8.143125176429748535e-01,2.437278509140014648e+00
-1.721079587936401367e+00,-1.260191202163696289e+00
3.126449584960937500e-01,2.031712770462036133e+00
1.141708016395568848e+00,-7.328357100486755371e-01
1.536467820405960083e-01,2.281907796859741211e+00
-3.190013647079467773e+00,1.891761124134063721e-01
-8.827413320541381836e-01,4.717141628265380859e+00
-3.020493268966674805e+00,8.004589080810546875e-01
8.600761294364929199e-01,2.535830497741699219e+00
-3.066083192825317383e+00,3.043179512023925781e+00
1.281286120414733887e+00,3.207815170288085938e+00
-1.670559763908386230e+00,-1.729735016822814941e+00
-2.598689317703247070e+00,9.587804079055786133e-01
-2.354736328125000000e+00,6.541832089424133301e-01
-2.274141088128089905e-02,-2.904613733291625977e+00
-1.087390899658203125e+00,-1.012517333030700684e+00
-4.119999408721923828e+00,1.992574453353881836e+00
1.089224219322204590e+00,1.278963446617126465e+00
-9.295009374618530273e-01,-2.115320444107055664e+00
2.182665109634399414e+00,3.528236150741577148e-01
-3.596629142761230469e+00,3.682538986206054688e+00
-4.777442455291748047e+00,1.979005217552185059e+00
1.520864605903625488e+00,1.150751590728759766e+00
7.996003627777099609e-01,1.460342645645141602e+00
-2.704968452453613281e+00,-3.383903741836547852e+00
2.312113344669342041e-01,2.733008623123168945e+00
-3.589410781860351562e+00,2.398213863372802734e+00
-4.757693767547607422e+00,4.679242670536041260e-01
1.886674165725708008e-01,8.378576040267944336e-01
1.539709329605102539e+00,8.558685183525085449e-01
-2.092466592788696289e+00,1.965492963790893555e+00
-1.980838894844055176e+00,-2.750127315521240234e-01
-2.554497003555297852e+00,2.923801898956298828e+00
-3.345286369323730469e+00,2.604004621505737305e+00
-5.005012512207031250e+00,4.153090417385101318e-01
-3.440388441085815430e+00,-2.226023197174072266e+00
-2.680389404296875000e+00,-3.406521320343017578e+00
-1.096016883850097656e+00,3.724570751190185547e+00
8.384376764297485352e-01,2.830314159393310547e+00
8.280870318412780762e-01,-5.846225023269653320e-01
-2.080798625946044922e+00,6.605165004730224609e-01
7.191884517669677734e-02,3.760190010070800781e+00
1.427438139915466309e+00,9.667596220970153809e-02
1.628238320350646973e+00,4.658490717411041260e-01
6.928685307502746582e-01,4.643947124481201172e+00
-3.513179540634155273e+00,-2.860027551651000977e+00
-9.735292792320251465e-01,-2.197216033935546875e+00
2.338782846927642822e-01,-8.855687454342842102e-03
6.267299503087997437e-02,4.598400592803955078e+00
-3.098046302795410156e+00,1.512353897094726562e+00
-1.680429875850677490e-01,3.829081535339355469e+00
-1.470885992050170898e+00,2.610542297363281250e+00
-2.951949119567871094e+00,-4.898594319820404053e-01
-1.721882462501525879e+00,-1.321939110755920410e+00
-7.223529815673828125e-01,3.496961593627929688e+00
-1.999388575553894043e+00,1.332625031471252441e+00
-1.953499913215637207e+00,4.043063163757324219e+00
-5.881760716438293457e-01,2.438557147979736328e+00
-1.312909245491027832e+00,2.336391448974609375e+00
-6.730691343545913696e-02,2.604417324066162109e+00
2.948606729507446289e+00,2.291176095604896545e-02
-1.123498529195785522e-01,3.148509562015533447e-01
2.313010692596435547e+00,8.835056424140930176e-01
-5.122981071472167969e+00,1.081412911415100098e+00
-3.519742727279663086e+00,2.546205759048461914e+00
-7.577033042907714844e-01,-1.974435687065124512e+00
1.803972721099853516e+00,3.469893932342529297e+00
4.007166922092437744e-01,4.894628047943115234e+00
-6.227575540542602539e-01,1.371893167495727539e+00
-2.210384130477905273e+00,1.699623763561248779e-01
-1.532674908638000488e+00,3.070903062820434570e+00
-3.287361934781074524e-02,1.356901764869689941e+00
5.882778763771057129e-01,1.244409084320068359e+00
-3.087558746337890625e+00,7.711171507835388184e-01
-1.041169047355651855e+00,3.548789978027343750e+00
5.245590806007385254e-01,1.791107296943664551e+00
1.483514428138732910e+00,4.574491977691650391e-01
1.338529109954833984e+00,4.444548130035400391e+00
-1.316511929035186768e-01,-1.274482846260070801e+00
-1.931001067161560059e+00,2.204480409622192383e+00
-2.652516663074493408e-01,3.611966848373413086e+00
-3.694706261157989502e-01,-2.819432020187377930e-01
-1.204059481620788574e+00,4.888553619384765625e+00
-3.068110942840576172e-01,3.038791894912719727e+00
-1.714817643165588379e+00,4.344668865203857422e+00
1.749166488647460938e+00,4.256141483783721924e-01
-3.814816474914550781e+00,-1.292742848396301270e+00
3.998327553272247314e-01,4.085367202758789062e+00
-9.047351479530334473e-01,4.100067615509033203e+00
-3.995313167572021484e+00,-2.003667593002319336e+00
-2.347764492034912109e+00,1.187636137008666992e+00
-4.514305293560028076e-01,-6.386063992977142334e-02
2.576311349868774414e+00,1.948095798492431641e+00
-2.811629772186279297e+00,-1.757558465003967285e+00
-4.725377082824707031e+00,2.505633831024169922e+00
-3.549497127532958984e+00,6.020263433456420898e-01
9.199196100234985352e-01,6.073654294013977051e-01
1.724115967750549316e+00,3.239820480346679688e+00
-6.862489581108093262e-01,3.302204608917236328e+00
2.858707904815673828e-01,2.333376169204711914e+00
1.519933342933654785e-01,4.955218791961669922e+00
1.789474487304687500e+00,2.621495485305786133e+00
3.055362224578857422e+00,4.576729834079742432e-01
-2.074682950973510742e+00,-3.081666469573974609e+00
-3.468225717544555664e+00,8.150829076766967773e-01
-2.422734498977661133e+00,3.455036401748657227e+00
2.166965961456298828e+00,-1.177175998687744141e+00
-4.694781780242919922e+00,4.156830310821533203e-01
-2.124116420745849609e+00,-3.160918712615966797e+00
1.913879036903381348e+00,6.901009678840637207e-01
-3.677799463272094727e+00,2.511414527893066406e+00
2.139606475830078125e-01,7.700234055519104004e-01
9.532269239425659180e-01,-1.808776736259460449e+00
-1.173399329185485840e+00,4.774266719818115234e+00
-9.576442837715148926e-01,1.275692224502563477e+00
-1.225003480911254883e+00,-2.162407159805297852e+00
-1.781836628913879395e+00,-1.351696729660034180e+00
-2.315312147140502930e+00,4.125895500183105469e+00
8.526060730218887329e-02,1.500054478645324707e+00
1.708506345748901367e+00,2.756644248962402344e+00
-3.488097667694091797e+00,2.240047156810760498e-01
9.524721503257751465e-01,2.968997716903686523e+00
-3.075326681137084961e+00,3.143198728561401367e+00
1.020061016082763672e+00,-4.132816568017005920e-02
2.015433311462402344e+00,2.240553855895996094e+00
-3.859659194946289062e+00,2.060376644134521484e+00
-1.839683413505554199e+00,4.055607020854949951e-01
2.819977521896362305e+00,2.015682220458984375e+00
1.537723064422607422e+00,-3.662910163402557373e-01
2.557649850845336914e+00,1.776380181312561035e+00
1.670289278030395508e+00,4.489399433135986328e+00
-6.596634984016418457e-01,3.610449075698852539e+00
1.736275553703308105e+00,2.867653071880340576e-01
-2.190680027008056641e+00,-8.086135983467102051e-01
4.231655597686767578e-01,6.553208231925964355e-01
-5.469768047332763672e-01,1.063502192497253418e+00
1.005831956863403320e+00,3.149156093597412109e+00
-1.225066065788269043e+00,2.837141156196594238e-01
-2.638724088668823242e+00,-3.254079580307006836e+00
-9.029761552810668945e-01,2.772826671600341797e+00
-2.274531364440917969e+00,1.495657682418823242e+00
-3.095401763916015625e+00,-5.841286778450012207e-01
6.167172640562057495e-02,4.355984210968017578e+00
-2.612007856369018555e+00,-5.760363340377807617e-01
1.109350919723510742e+00,-8.594848513603210449e-01
2.756161056458950043e-02,2.144191980361938477e+00
-6.403703242540359497e-02,3.989430189132690430e+00
9.518766999244689941e-01,3.898742914199829102e+00
-3.050875902175903320e+00,-7.184554338455200195e-01
-8.495627045631408691e-01,3.004762172698974609e+00
-4.544397354125976562e+00,4.385918080806732178e-01
-3.518010854721069336e+00,6.336114406585693359e-01
-6.803013086318969727e-01,3.191035747528076172e+00
1.214404106140136719e+00,1.122004747390747070e+00
1.673864960670471191e+00,2.651469945907592773e+00
6.069453358650207520e-01,3.222529649734497070e+00
-9.211710691452026367e-01,1.499340057373046875e+00
2.955744981765747070e+00,1.009182095527648926e+00
-1.945532560348510742e+00,4.761618614196777344e+00
2.278485521674156189e-02,2.163263797760009766e+00
1.223867058753967285e+00,1.426694750785827637e+00
-3.799986839294433594e+00,1.841888308525085449e+00
-8.980840444564819336e-01,3.464906215667724609e+00
-1.868477106094360352e+00,2.956126213073730469e+00
-2.439620941877365112e-01,-7.096086740493774414e-01
-4.724836826324462891e+00,1.690688133239746094e-01
-1.567680478096008301e+00,-1.363496303558349609e+00
-1.592967867851257324e+00,2.512161016464233398e+00
-3.841883420944213867e+00,3.477908134460449219e+00
-2.608931064605712891e+00,2.097248554229736328e+00
-3.138613700866699219e+00,-7.485721707344055176e-01
1.344402074813842773e+00,-1.567947983741760254e+00
-4.803376197814941406e+00,2.490539550781250000e+00
-1.277795314788818359e+00,6.581893563270568848e-01
-3.422418355941772461e+00,-3.244232833385467529e-01
-1.950091868638992310e-01,1.844954609870910645e+00
8.607899546623229980e-01,-2.729116566479206085e-02
-4.091124534606933594e+00,-4.162825644016265869e-01
-1.853215694427490234e+00,-4.072193801403045654e-01
-3.363326072692871094e+00,1.344770431518554688e+00
3.475751578807830811e-01,1.520897269248962402e+00
-4.757012128829956055e-01,6.328235864639282227e-01
-2.055704832077026367e+00,-1.275595128536224365e-01
-1.591479659080505371e+00,4.046088218688964844e+00
-1.995559930801391602e+00,1.195727109909057617e+00
-2.316698312759399414e+00,6.104873418807983398e-01
2.043960332870483398e+00,2.252804994583129883e+00
-1.210470438003540039e+00,3.624872207641601562e+00
-1.286527812480926514e-01,-2.933405399322509766e+00
7.681046128273010254e-01,2.797477543354034424e-01
4.786818921566009521e-01,4.858854770660400391e+00
1.212804794311523438e+00,-2.054799795150756836e-01
4.090118706226348877e-01,3.820817470550537109e+00
-1.570960521697998047e+00,4.011793613433837891e+00
-3.560230255126953125e+00,1.979418039321899414e+00
1.845809221267700195e-01,3.856255531311035156e+00
-1.758779048919677734e+00,5.894530415534973145e-01
-1.442102640867233276e-01,-9.147129058837890625e-01
-2.423480749130249023e+00,3.407683849334716797e+00
1.828786373138427734e+00,6.498749256134033203e-01
1.085868105292320251e-01,2.221604585647583008e+00
-2.176390409469604492e+00,4.365587711334228516e+00
-2.426919937133789062e+00,-3.555057287216186523e+00
-2.784883975982666016e+00,-2.208307027816772461e+00
-2.688585281372070312e+00,-3.479287385940551758e+00
2.417003631591796875e+00,3.169856786727905273e+00
1.217013001441955566e+00,1.671093583106994629e+00
-2.479536056518554688e+00,3.518048286437988281e+00
1.594168424606323242e+00,-6.702518463134765625e-01
-2.011961698532104492e+00,3.942087888717651367e+00
-1.829491376876831055e+00,1.170003294944763184e+00
-4.371214509010314941e-01,-1.174662858247756958e-01
2.017067909240722656e+00,5.370901823043823242e-01
1.413218379020690918e+00,4.716268181800842285e-01
3.124404668807983398e+00,2.582601904869079590e-01
2.429618358612060547e+00,2.708820343017578125e+00
-1.081242799758911133e+00,4.666842937469482422e+00
1.758421778678894043e+00,1.875890731811523438e+00
3.416990041732788086e-01,2.539228200912475586e-01
9.563142061233520508e-01,3.210768699645996094e+00
-2.642612218856811523e+00,-1.372556805610656738e+00
-2.508580446243286133e+00,2.588343322277069092e-01
-2.765395641326904297e+00,-2.657082974910736084e-01
-3.211662769317626953e+00,2.481915235519409180e+00
-2.671756029129028320e+00,1.468596234917640686e-02
1.275445580482482910e+00,1.547072231769561768e-01
-1.770492792129516602e+00,-4.236869886517524719e-02
-5.198274135589599609e+00,4.950866401195526123e-01
-4.510799407958984375e+00,2.157411098480224609e+00
1.635275632143020630e-01,4.224772453308105469e-01
1.701954007148742676e+00,3.593334913253784180e+00
1.668845891952514648e+00,3.115069270133972168e-01
2.582690715789794922e+00,1.905425190925598145e+00
-4.357652187347412109e+00,-7.370344996452331543e-01
-2.229452729225158691e-01,1.193101286888122559e+00
-4.083101272583007812e+00,1.944301128387451172e+00
-3.308458089828491211e+00,2.068203687667846680e+00
-1.856641173362731934e-01,-2.288619041442871094e+00
-1.920137405395507812e-01,-4.831387698650360107e-01
-3.694816350936889648e+00,-2.755997896194458008e+00
-3.266459226608276367e+00,2.247505784034729004e-01
-2.414978504180908203e+00,-1.037404775619506836e+00
-2.666199684143066406e+00,-2.115350484848022461e+00
-1.114555120468139648e+00,4.583420276641845703e+00
5.931618809700012207e-01,3.885014772415161133e+00
-1.504612207412719727e+00,3.376819133758544922e+00
-2.727158308029174805e+00,9.644169807434082031e-01
-3.268631219863891602e+00,6.237938404083251953e-01
-5.143915176391601562e+00,1.541402459144592285e+00
1.183527588844299316e+00,1.581202745437622070e+00
-3.686836481094360352e+00,2.462857484817504883e+00
1.503832221031188965e+00,3.736736059188842773e+00
-1.140693545341491699e+00,1.018561497330665588e-01
2.269983291625976562e+00,7.827475666999816895e-01
-2.205156564712524414e+00,4.006543159484863281e+00
1.024878382682800293e+00,3.143142700195312500e+00
-4.499267101287841797e+00,1.427717804908752441e+00
9.845113158226013184e-01,-1.849668025970458984e+00
-8.376784324645996094e-01,5.846307277679443359e-01
-1.849522709846496582e+00,4.440073966979980469e+00
-3.233815670013427734e+00,2.993506491184234619e-01
-4.848811924457550049e-01,4.641068458557128906e+00
-1.291097164154052734e+00,1.703785300254821777e+00
-2.688914537429809570e+00,2.718573331832885742e+00
-2.064955949783325195e+00,-2.995850563049316406e+00
1.041102051734924316e+00,1.714623332023620605e+00
-1.069546580314636230e+00,4.848179340362548828e+00
-5.942810177803039551e-01,1.047023653984069824e+00
-4.626747608184814453e+00,2.493745565414428711e+00
-8.490925431251525879e-01,3.163638591766357422e+00
1.950907588005065918e+00,3.692486286163330078e+00
1.450740933418273926e+00,2.089510202407836914e+00
5.785735249519348145e-01,9.153394699096679688e-01
2.318356633186340332e-01,4.978936672210693359e+00
-1.951391816139221191e+00,3.988475322723388672e+00
-2.614728927612304688e+00,-1.185314893722534180e+00
-2.250147342681884766e+00,-1.753329873085021973e+00
-1.436297655105590820e+00,3.299094438552856445e+00
-3.892905473709106445e+00,-1.180548548698425293e+00
-2.538135766983032227e+00,-3.288778364658355713e-01
-2.761651754379272461e+00,2.628609538078308105e-01
-9.036365896463394165e-02,2.958679914474487305e+00
2.596855878829956055e+00,2.875320911407470703e+00
1.817703694105148315e-01,3.219392776489257812e+00
-1.878288626670837402e+00,-3.295804500579833984e+00
-1.211571931838989258e+00,-1.047414302825927734e+00
-2.750499248504638672e+00,1.988203376531600952e-01
-3.991618871688842773e+00,2.763567686080932617e+00
-2.611163377761840820e+00,2.394334316253662109e+00
1.744663238525390625e+00,-5.316402316093444824e-01
-1.007897853851318359e+00,2.249219894409179688e+00
3.996024131774902344e-01,-1.592451035976409912e-01
-1.747866123914718628e-01,1.977017998695373535e+00
-1.409621119499206543e+00,-9.643577933311462402e-01
-3.926363229751586914e+00,5.703441500663757324e-01
-1.248612403869628906e+00,1.514189004898071289e+00
-6.659750938415527344e-01,9.800177812576293945e-01
-2.294504880905151367e+00,1.900287628173828125e+00
1.339161038398742676e+00,2.389578104019165039e+00
1.705285191535949707e+00,1.978133082389831543e+00
2.593280188739299774e-02,-1.871416330337524414e+00
-3.765908241271972656e+00,-2.695281744003295898e+00
-1.840174198150634766e+00,-3.153718471527099609e+00
-1.163179129362106323e-01,9.630672633647918701e-02
-4.357611179351806641e+00,-1.080374047160148621e-01
2.210376262664794922e+00,-9.525004625320434570e-01
-2.708980798721313477e+00,3.395886182785034180e+00
1.199524760246276855e+00,3.637721538543701172e+00
-3.559321165084838867e+00,-1.933903932571411133e+00
1.394915580749511719e+00,3.797695636749267578e+00
-1.540997028350830078e+00,2.563196659088134766e+00
-4.211890697479248047e+00,1.982068538665771484e+00
-2.860690355300903320e+00,-3.877269625663757324e-01
-3.261813640594482422e+00,2.064228057861328125e+00
8.525888323783874512e-01,3.142887830734252930e+00
2.321442127227783203e+00,-1.151228308677673340e+00
-2.523151397705078125e+00,3.390967369079589844e+00
-2.788164854049682617e+00,7.204588651657104492e-01
-1.161144450306892395e-01,1.043878316879272461e+00
-4.979376494884490967e-01,1.978442788124084473e+00
-2.713072538375854492e+00,-3.375641345977783203e+00
1.372901201248168945e+00,3.429226636886596680e+00
2.671033859252929688e+00,-1.941631287336349487e-01
-1.767785787582397461e+00,8.727953433990478516e-01
-3.986619472503662109e+00,1.590521574020385742e+00
7.979299426078796387e-01,2.922055006027221680e+00
1.305345416069030762e+00,4.364243507385253906e+00
2.093765497207641602e+00,1.320273756980895996e+00
-3.999569416046142578e+00,-1.667295455932617188e+00
2.010478228330612183e-01,2.311570405960083008e+00
1.169304847717285156e+00,2.801826000213623047e+00
8.751301765441894531e-01,9.197307378053665161e-02
-2.945935487747192383e+00,-2.222971200942993164e+00
2.207922220230102539e+00,2.905635118484497070e+00
-4.531188488006591797e+00,4.908913373947143555e-01
-2.174637317657470703e+00,-2.933689594268798828e+00
4.181919097900390625e-01,3.112331628799438477e-01
-1.015514135360717773e+00,3.225137710571289062e+00
-6.448246240615844727e-01,4.172464370727539062e+00
1.395148038864135742e+00,1.212317720055580139e-01
-1.854199171066284180e+00,-3.150537490844726562e+00
-3.477804660797119141e+00,-2.242515087127685547e+00
-2.297706454992294312e-01,2.248308181762695312e+00
-2.558264136314392090e-01,1.157159328460693359e+00
-2.090244531631469727e+00,4.594662666320800781e+00
-3.017025470733642578e+00,7.309513688087463379e-01
-1.782304883003234863e+00,4.771294116973876953e+00
-9.948998689651489258e-01,-5.540964007377624512e-01
-4.068363666534423828e+00,-2.013208866119384766e+00
-4.209011077880859375e+00,9.196315407752990723e-01
1.261492371559143066e-01,3.742020368576049805e+00
-8.054583072662353516e-01,3.932705879211425781e+00
-4.411172389984130859e+00,-7.439678311347961426e-01
-3.897004365921020508e+00,-2.024936228990554810e-01
-3.364327907562255859e+00,1.732788443565368652e+00
1.093205451965332031e+00,4.632599353790283203e+00
-3.451377630233764648e+00,1.951339244842529297e+00
-2.599534034729003906e+00,2.540358304977416992e+00
-3.867213010787963867e+00,3.706610202789306641e+00
-1.256963372230529785e+00,-2.147687911987304688e+00
-1.936290860176086426e+00,1.120313763618469238e+00
1.635107874870300293e+00,1.994547128677368164e+00
-4.685551643371582031e+00,1.237824186682701111e-01
-2.711509704589843750e+00,-3.091896772384643555e-01
5.153529644012451172e-01,2.813529014587402344e+00
-3.779531478881835938e+00,7.876902818679809570e-01
-3.630752801895141602e+00,8.211831450462341309e-01
-3.413906097412109375e+00,-1.539680004119873047e+00
-3.392765522003173828e+00,3.288012981414794922e+00
2.462635278701782227e+00,1.380458831787109375e+00
-4.327552795410156250e+00,1.543098807334899902e+00
-3.296050429344177246e-01,4.670365333557128906e+00
-1.197455763816833496e+00,-1.090585291385650635e-01
3.947370052337646484e-01,1.661663413047790527e+00
9.988816380500793457e-01,1.675698161125183105e-01
1.758669137954711914e+00,1.371440172195434570e+00
1.067696332931518555e+00,2.036545038223266602e+00
-1.389735817909240723e+00,1.170298382639884949e-01
1.391246795654296875e+00,2.211921215057373047e+00
-4.109913825988769531e+00,-1.921242713928222656e+00
-1.977502226829528809e+00,-3.425230503082275391e+00
1.674006700515747070e+00,2.588806867599487305e+00
1.199599981307983398e+00,1.288728564977645874e-01
9.911914467811584473e-01,3.295598030090332031e+00
-4.976247310638427734e+00,5.059853792190551758e-01
-4.294385612010955811e-01,-2.545902431011199951e-01
-3.204572200775146484e-01,-3.853057026863098145e-01
9.197742342948913574e-01,3.079555988311767578e+00
-1.882251501083374023e+00,4.211741447448730469e+00
-1.668595910072326660e+00,7.709408998489379883e-01
-3.139844655990600586e+00,2.067752838134765625e+00
2.340835183858871460e-01,-6.468966603279113770e-01
-9.129618853330612183e-02,4.393630504608154297e+00
-3.033280134201049805e+00,1.252985239028930664e+00
2.087315082550048828e+00,3.299754619598388672e+00
-1.287720561027526855e+00,-3.653904438018798828e+00
9.784082770347595215e-01,4.410299777984619141e+00
-8.482455611228942871e-01,2.999590635299682617e+00
-3.412939786911010742e+00,-2.797133684158325195e+00
3.043210208415985107e-01,-2.614744186401367188e+00
5.634536743164062500e-01,2.866499900817871094e+00
-3.028736591339111328e+00,1.416792273521423340e+00
4.158544540405273438e-01,2.739196777343750000e+00
-2.724323034286499023e+00,-3.381938457489013672e+00
-7.444704771041870117e-01,2.214645862579345703e+00
-2.139652013778686523e+00,-3.059289693832397461e+00
-4.350504875183105469e+00,-2.185130119323730469e+00
9.549083709716796875e-01,1.196198821067810059e+00
1.652291893959045410e+00,4.852741360664367676e-01
-2.627243041992187500e+00,-1.071329951286315918e+00
1.862930953502655029e-01,2.560280323028564453e+00
-2.811671018600463867e+00,-1.710288226604461670e-01
-1.456408858299255371e+00,-1.283226311206817627e-01
-2.910439252853393555e+00,3.347225427627563477e+00
1.200801968574523926e+00,4.001723527908325195e-01
1.335960984230041504e+00,1.585654139518737793e+00
-7.920956015586853027e-01,2.932766914367675781e+00
-1.829300045967102051e+00,-3.197568416595458984e+00
2.663421332836151123e-01,9.339646697044372559e-01
9.386985898017883301e-01,1.152694821357727051e+00
1.048078298568725586e+00,4.347190380096435547e+00
3.265143930912017822e-01,2.196436405181884766e+00
-8.695428371429443359e-01,3.019643068313598633e+00
-3.858810663223266602e+00,3.624057054519653320e+00
-1.408915281295776367e+00,-3.919393122196197510e-01
1.421512246131896973e+00,2.889064699411392212e-02
-1.990913867950439453e+00,4.113409042358398438e+00
-4.200935363769531250e+00,1.013941526412963867e+00
-2.479023694992065430e+00,2.237434148788452148e+00
1.585143923759460449e+00,4.360213279724121094e-01
4.502098858356475830e-01,1.686771392822265625e+00
2.666075706481933594e+00,2.056332379579544067e-01
-3.884670019149780273e+00,8.885965347290039062e-01
-2.120201110839843750e+00,7.111461758613586426e-01
1.103799700736999512e+00,1.429226160049438477e+00
-2.940932273864746094e+00,9.467180967330932617e-01
-2.134025812149047852e+00,4.223761558532714844e+00
-3.288239717483520508e+00,1.666337132453918457e+00
-7.495919466018676758e-01,-2.279792428016662598e-01
-3.184056758880615234e+00,-1.224578738212585449e+00
-1.838772654533386230e+00,4.891140460968017578e+00
1.154614090919494629e+00,-1.573763370513916016e+00
-2.792340993881225586e+00,1.560692429542541504e+00
-2.786575078964233398e+00,1.111673831939697266e+00
1.077079415321350098e+00,2.659335851669311523e+00
-4.312530994415283203e+00,-2.241489171981811523e+00
-2.247995615005493164e+00,4.422563076019287109e+00
-2.017396450042724609e+00,-3.352274417877197266e+00
7.971413135528564453e-01,4.451625823974609375e+00
-2.101672887802124023e+00,-3.169350624084472656e+00
-1.801025390625000000e+00,-3.555398702621459961e+00
9.394981265068054199e-01,4.740259647369384766e+00
-3.337013006210327148e+00,2.486197233200073242e+00
-1.187650442123413086e+00,3.497665643692016602e+00
-5.265441894531250000e+00,1.562186181545257568e-01
-2.306383609771728516e+00,2.581700801849365234e+00
1.506673932075500488e+00,1.682373046875000000e+00
-3.907042503356933594e+00,-1.147280097007751465e+00
-2.620897889137268066e-01,4.755391597747802734e+00
-2.563768863677978516e+00,2.309013128280639648e+00
7.277253270149230957e-01,3.332864046096801758e+00
8.707554936408996582e-01,2.838690280914306641e+00
1.510644793510437012e+00,2.365167856216430664e+00
-3.402888059616088867e+00,-1.697072625160217285e+00
-1.806568980216979980e+00,7.208818197250366211e-01
3.631598055362701416e-01,3.647403240203857422e+00
-1.715995788574218750e+00,4.035138189792633057e-01
7.059581875801086426e-01,3.964058637619018555e+00
-4.421654224395751953e+00,2.637474298477172852e+00
-1.593741774559020996e-01,2.052682638168334961e+00
1.968813180923461914e+00,1.268986225128173828e+00
-3.768110990524291992e+00,3.564078807830810547e+00
4.228958189487457275e-01,1.679135322570800781e+00
-2.339507341384887695e+00,-2.635388970375061035e-01
-5.011859536170959473e-01,-2.784783840179443359e-01
-1.405185818672180176e+00,8.129789680242538452e-02
-3.150021076202392578e+00,4.874791204929351807e-01
5.961620211601257324e-01,9.790135025978088379e-01
-2.763513565063476562e+00,-2.248516559600830078e+00
-2.823407888412475586e+00,1.191568255424499512e+00
-6.231380626559257507e-02,-2.883878946304321289e+00
-5.813289284706115723e-01,-2.825629115104675293e-01
-2.045258998870849609e+00,1.190816402435302734e+00
-1.503670811653137207e+00,2.461542367935180664e+00
-3.943900346755981445e+00,-2.079483032226562500e+00
1.808076858520507812e+00,1.155712008476257324e+00
-5.111518383026123047e+00,3.562899529933929443e-01
-3.851520776748657227e+00,6.192625164985656738e-01
-1.943005919456481934e+00,-1.051069498062133789e+00
5.444937348365783691e-01,-1.669703841209411621e+00
-8.362620472908020020e-01,1.700368404388427734e+00
7.534544467926025391e-01,3.110505342483520508e+00
-1.897294878959655762e+00,-1.084247708320617676e+00
-3.103646337985992432e-01,-5.641450285911560059e-01
-4.285937786102294922e+00,-3.460614681243896484e-01
-2.193626761436462402e-01,3.095115423202514648e+00
-2.944904327392578125e+00,8.148736357688903809e-01
2.570101499557495117e+00,-6.953629851341247559e-02
-2.579873800277709961e+00,1.091390728950500488e+00
2.242864131927490234e+00,3.724205970764160156e+00
-3.815124750137329102e+00,2.720181941986083984e+00
-3.237684488296508789e+00,-2.532004356384277344e+00
-3.157950401306152344e+00,-1.768178343772888184e+00
-3.005785942077636719e+00,9.037871360778808594e-01
-3.615474462509155273e+00,-1.971126198768615723e+00
-7.769113183021545410e-01,3.534812450408935547e+00
1.151979207992553711e+00,4.368110895156860352e-01
-4.023889064788818359e+00,-2.483918368816375732e-01
-3.798058748245239258e+00,3.448157548904418945e+00
-2.116513252258300781e+00,9.562197327613830566e-01
-1.473646759986877441e+00,1.865403175354003906e+00
6.979606747627258301e-01,4.815261840820312500e+00
-2.891784191131591797e+00,-4.838178455829620361e-01
-3.180269479751586914e+00,1.522199869155883789e+00
-3.972735881805419922e+00,-1.933429002761840820e+00
1.933950930833816528e-01,1.272418498992919922e+00
1.120601534843444824e+00,3.240856885910034180e+00
-4.201865673065185547e+00,3.944570720195770264e-01
1.794691205024719238e+00,4.456094741821289062e+00
1.280940175056457520e+00,-4.454758465290069580e-01
-7.109578847885131836e-01,4.320250988006591797e+00
-5.195332169532775879e-01,-2.397533893585205078e+00
-2.165389955043792725e-01,3.942968845367431641e+00
1.270621895790100098e+00,-1.490677148103713989e-01
-6.420026421546936035e-01,3.068022012710571289e+00
-4.388934612274169922e+00,2.052301168441772461e+00
-3.740602254867553711e+00,2.445604085922241211e+00
-3.077274084091186523e+00,1.425678014755249023e+00
-6.635466217994689941e-01,2.012892723083496094e+00
-4.119012355804443359e+00,2.623954534530639648e+00
-1.616816997528076172e+00,4.782161235809326172e+00
-3.125786066055297852e+00,3.067262843251228333e-02
3.135080814361572266e+00,-3.674583137035369873e-01
1.407144784927368164e+00,3.854965925216674805e+00
-1.325202703475952148e+00,4.216473698616027832e-01
-4.197387695312500000e-01,1.381993293762207031e+00
5.166551470756530762e-01,2.673890352249145508e+00
-9.194293618202209473e-01,2.277529954910278320e+00
-4.698664188385009766e+00,-2.160274051129817963e-02
1.694949626922607422e+00,6.890431046485900879e-01
-2.400345951318740845e-01,3.004869699478149414e+00
-5.284305810928344727e-01,1.815817475318908691e+00
-1.322669982910156250e+00,-2.035440683364868164e+00
-3.766102313995361328e+00,3.424483299255371094e+00
-3.661647081375122070e+00,1.644837021827697754e+00
-3.327781438827514648e+00,1.856162428855895996e+00
-4.697291254997253418e-01,2.605781078338623047e+00
9.781597256660461426e-01,-1.321848392486572266e+00
-5.276035070419311523e-01,2.543312311172485352e+00
-2.728398561477661133e+00,-2.195446729660034180e+00
-3.999833106994628906e+00,1.488323807716369629e+00
-1.469874382019042969e+00,2.530767440795898438e+00
-3.917971849441528320e+00,3.554094552993774414e+00
1.930650711059570312e+00,1.778202176094055176e+00
3.562642335891723633e-01,3.743870735168457031e+00
7.811496853828430176e-01,4.322746276855468750e+00
1.640295982360839844e+00,-4.679476618766784668e-01
1.541464805603027344e+00,2.218322277069091797e+00
-3.020527362823486328e+00,-1.824254512786865234e+00
-2.362542152404785156e+00,-1.893336027860641479e-01
-4.439326226711273193e-01,-2.003975629806518555e+00
-9.804043918848037720e-02,-3.013220548629760742e+00
-3.943682670593261719e+00,-2.219922989606857300e-01
-2.323573827743530273e+00,2.535423040390014648e+00
-2.073237419128417969e+00,4.849116802215576172e+00
5.711360573768615723e-01,2.930249214172363281e+00
-2.556956529617309570e+00,-2.379460185766220093e-01
-3.921326160430908203e+00,-8.083707839250564575e-02
-4.198312282562255859e+00,1.083509087562561035e+00
-2.474461317062377930e+00,3.481880426406860352e-01
7.395891547203063965e-01,-1.456416487693786621e+00
-2.966720342636108398e+00,1.517093777656555176e+00
1.026139140129089355e+00,1.681377768516540527e+00
-2.768572978675365448e-02,3.692099809646606445e+00
-1.289519071578979492e+00,5.517598986625671387e-02
2.849773645401000977e+00,2.647292852401733398e+00
-1.274379253387451172e+00,2.991931438446044922e+00
9.821346402168273926e-01,1.613076567649841309e+00
1.126155138015747070e+00,3.140802383422851562e+00
2.571419954299926758e+00,1.716231107711791992e+00
-6.980825662612915039e-01,2.498452425003051758e+00
-3.845417976379394531e+00,-3.448785245418548584e-01
-3.010663986206054688e+00,2.498701572418212891e+00
-3.282700061798095703e+00,-9.384030699729919434e-01
-2.178821325302124023e+00,1.519501447677612305e+00
-2.454010725021362305e+00,2.936712026596069336e+00
-8.445194959640502930e-01,-1.959350347518920898e+00
-1.808522582054138184e+00,1.064084649085998535e+00
4.304594695568084717e-01,2.769075870513916016e+00
2.641320943832397461e+00,1.839551329612731934e-01
-2.878646135330200195e+00,2.074671387672424316e-01
2.202337265014648438e+00,-1.089997291564941406e+00
2.219584137201309204e-01,3.569245576858520508e+00
1.521417975425720215e+00,4.116869449615478516e+00
-4.877938270568847656e+00,-1.074231743812561035e+00
2.157686233520507812e+00,2.690857887268066406e+00
1.064488887786865234e+00,2.496409416198730469e+00
-5.192959308624267578e-01,3.262663125991821289e+00
-9.578075408935546875e-01,-1.883699744939804077e-01
-9.620608687400817871e-01,2.058103799819946289e+00
3.376754820346832275e-01,4.921521186828613281e+00
9.484059810638427734e-01,2.677821159362792969e+00
1.380700111389160156e+00,-1.548043787479400635e-01
-3.246890544891357422e+00,-1.736856102943420410e+00
-4.951961994171142578e+00,5.326152443885803223e-01
1.874343276023864746e+00,7.394752502441406250e-01
-3.217965602874755859e+00,8.514372110366821289e-01
-2.144301652908325195e+00,-3.269853591918945312e-01
1.174247860908508301e+00,1.098811149597167969e+00
-3.547451019287109375e+00,3.635725498199462891e+00
1.635228157043457031e+00,3.316331386566162109e+00
-1.275279998779296875e+00,2.507153511047363281e+00
2.539366960525512695e+00,-6.522211432456970215e-01
2.423379659652709961e+00,1.477575153112411499e-01
-3.865532636642456055e+00,1.838791966438293457e+00
-3.331238031387329102e-01,2.694532632827758789e+00
-2.059808492660522461e+00,2.134395360946655273e+00
-3.215400695800781250e+00,3.966817259788513184e-01
-2.040610790252685547e+00,2.158950090408325195e+00
3.760643303394317627e-01,3.071124315261840820e+00
-1.965225696563720703e+00,2.554009437561035156e+00
-2.839361667633056641e+00,3.496226549148559570e+00
-1.034586787223815918e+00,-6.007319092750549316e-01
1.581691861152648926e+00,3.157476663589477539e+00
-8.008882403373718262e-01,2.220258474349975586e+00
-6.962097436189651489e-02,-2.903665781021118164e+00
-4.106698930263519287e-01,-2.529338896274566650e-01
2.747071385383605957e-01,3.103163719177246094e+00
2.722460985183715820e+00,1.184471130371093750e+00
3.446846455335617065e-02,4.758414268493652344e+00
-3.254873514175415039e+00,-3.624200820922851562e-01
-1.254767179489135742e+00,8.233805745840072632e-02
-1.167794823646545410e+00,3.866879463195800781e+00
-5.180119276046752930e-01,4.132643222808837891e+00
-3.398620128631591797e+00,-2.200880765914916992e+00
-2.827561140060424805e+00,2.548321962356567383e+00
-3.219874858856201172e+00,-1.660364866256713867e+00
-1.769198656082153320e+00,-1.236970543861389160e+00
-2.864469289779663086e+00,1.571155548095703125e+00
2.274940721690654755e-02,4.085102081298828125e-01
-1.271278738975524902e+00,-2.558581829071044922e-01
8.731205463409423828e-01,-6.848217844963073730e-01
-6.399201601743698120e-02,3.747123777866363525e-01
3.295080959796905518e-01,2.798857212066650391e+00
-4.315630435943603516e+00,2.552607297897338867e+00
1.675186276435852051e+00,1.655711293220520020e+00
-4.896797657012939453e+00,1.950694322586059570e+00
-1.040654301643371582e+00,-5.389505624771118164e-01
-2.999635934829711914e+00,2.254286289215087891e+00
1.254005670547485352e+00,3.550084114074707031e+00
-1.035773277282714844e+00,7.840793728828430176e-01
1.037071585655212402e+00,1.668144702911376953e+00
-2.978461503982543945e+00,1.217267394065856934e+00
8.757424354553222656e-01,3.181500911712646484e+00
-1.484552741050720215e+00,-3.433216512203216553e-01
-2.932733535766601562e+00,-5.084017515182495117e-01
-1.528574347496032715e+00,1.826985359191894531e+00
-1.293837308883666992e+00,3.148241043090820312e+00
-8.755673170089721680e-01,3.589617967605590820e+00
3.820660710334777832e-01,2.891105413436889648e+00
1.379711985588073730e+00,1.490656733512878418e+00
-7.251477837562561035e-01,6.806221604347229004e-01
-1.669911742210388184e+00,5.649597644805908203e-01
-1.230169609189033508e-01,2.943993806838989258e+00
-4.687555313110351562e+00,5.349785685539245605e-01
2.306512594223022461e+00,1.485957503318786621e+00
-1.992897748947143555e+00,1.474623084068298340e+00
-4.516921639442443848e-01,1.022969245910644531e+00
-3.875362873077392578e+00,3.404997825622558594e+00
-2.846087932586669922e+00,-2.420748233795166016e+00
-9.725033640861511230e-01,3.854676246643066406e+00
-1.257165312767028809e+00,3.819203853607177734e+00
9.516721367835998535e-01,6.180044412612915039e-01
1.599339485168457031e+00,2.117586612701416016e+00
-9.482203423976898193e-02,1.616106510162353516e+00
-4.237442970275878906e+00,-2.200304508209228516e+00
-4.406622350215911865e-01,1.136435151100158691e+00
-2.897645235061645508e+00,3.178609371185302734e+00
9.109665751457214355e-01,3.566458702087402344e+00
-3.954171180725097656e+00,-5.014703869819641113e-01
-4.364444315433502197e-01,1.051779985427856445e+00
-3.879729270935058594e+00,-1.186701059341430664e+00
-8.746168017387390137e-01,4.025578975677490234e+00
-2.460170269012451172e+00,-3.561593055725097656e+00
1.074883937835693359e+00,3.636390686035156250e+00
-1.328161954879760742e+00,2.140858888626098633e+00
-2.767562150955200195e+00,-2.251074075698852539e+00
-1.060036301612854004e+00,2.959344625473022461e+00
-4.043702602386474609e+00,1.045231699943542480e+00
-3.314725160598754883e+00,-9.541565775871276855e-01
-3.114339828491210938e+00,-2.386606216430664062e+00
-7.518212795257568359e-01,2.838187217712402344e+00
-2.223384857177734375e+00,4.092225551605224609e+00
-7.748723626136779785e-01,2.833586692810058594e+00
-4.431471824645996094e+00,2.676146268844604492e+00
-2.401074171066284180e+00,3.646908760070800781e+00
8.438233733177185059e-01,4.563186764717102051e-01
-4.212450027465820312e+00,1.067675828933715820e+00
-1.472129225730895996e+00,1.306755900382995605e+00
-3.458419561386108398e+00,9.341083765029907227e-01
-3.653646707534790039e+00,-8.480987548828125000e-01
-4.372001588344573975e-01,-2.506713151931762695e+00
-3.121964454650878906e+00,2.628627777099609375e+00
-3.918738126754760742e+00,-1.633853912353515625e+00
1.087227821350097656e+00,2.986306905746459961e+00
-2.996211051940917969e+00,1.572408437728881836e+00
1.262608766555786133e+00,1.420743227005004883e+00
-2.988952875137329102e+00,-5.142918825149536133e-01
1.005084514617919922e+00,4.969456791877746582e-01
-3.319460868835449219e+00,-2.316715717315673828e+00
7.597419619560241699e-01,-9.465176463127136230e-01
1.479352474212646484e+00,-3.532175421714782715e-01
-3.575969696044921875e+00,-3.712064921855926514e-01
-1.255393147468566895e+00,-5.773824825882911682e-02
-1.114741683006286621e+00,2.054661989212036133e+00
-2.928374290466308594e+00,2.807136774063110352e+00
-1.171122670173645020e+00,-1.522654771804809570e+00
-3.539561748504638672e+00,3.545261144638061523e+00
1.261592030525207520e+00,4.234134778380393982e-02
-4.951622486114501953e+00,4.632447659969329834e-01
1.915728151798248291e-01,5.197616219520568848e-01
-3.897479772567749023e-01,1.103127360343933105e+00
-3.997737646102905273e+00,8.888400793075561523e-01
-9.088114500045776367e-01,2.740916252136230469e+00
-1.156262040138244629e+00,-3.650617361068725586e+00
-6.424291729927062988e-01,1.964985251426696777e+00
-2.967151880264282227e+00,1.338141560554504395e+00
-1.328624963760375977e+00,1.506619334220886230e+00
8.020976781845092773e-01,1.105015397071838379e+00
-1.326436281204223633e+00,-2.094448089599609375e+00
-5.651509165763854980e-01,4.580114364624023438e+00
2.842132806777954102e+00,1.854380607604980469e+00
-4.173992633819580078e+00,1.330422043800354004e+00
1.004130959510803223e+00,3.322061538696289062e+00
1.927233815193176270e+00,1.738031506538391113e+00
-7.771402001380920410e-01,4.779224395751953125e+00
7.770589590072631836e-01,3.460337638854980469e+00
-1.520912289619445801e+00,4.029605090618133545e-01
-4.427615642547607422e+00,2.326139450073242188e+00
-1.183072209358215332e+00,4.789540767669677734e+00
-5.219153404235839844e+00,5.966165065765380859e-01
-1.332576632499694824e+00,3.888179779052734375e+00
7.360140085220336914e-01,1.612988471984863281e+00
-3.578070402145385742e+00,6.635649204254150391e-01
-7.352309823036193848e-01,1.151616930961608887e+00
-4.421012401580810547e+00,1.667287945747375488e+00
-3.959173202514648438e+00,2.593464374542236328e+00
2.185742378234863281e+00,2.137590885162353516e+00
-2.616096496582031250e+00,-6.978457570075988770e-01
2.318357229232788086e+00,2.964854717254638672e+00
-2.184969902038574219e+00,4.504927158355712891e+00
1.046514034271240234e+00,1.003298282623291016e+00
-1.167324900627136230e+00,4.931329727172851562e+00
8.028032630681991577e-02,1.784295439720153809e+00
6.124811172485351562e-01,2.908369302749633789e+00
3.859031200408935547e-01,2.225980013608932495e-01
2.657981634140014648e+00,1.978290438652038574e+00
-2.663896679878234863e-01,1.168853878974914551e+00
-4.892464160919189453e+00,1.661341637372970581e-01
-3.125967502593994141e+00,-1.497400403022766113e+00
-4.859821319580078125e+00,1.905193209648132324e+00
1.433341801166534424e-01,7.338900566101074219e-01
-2.711363792419433594e+00,1.638481914997100830e-01
-6.401503086090087891e-01,3.138409614562988281e+00
-1.732332944869995117e+00,4.412451744079589844e+00
1.562303066253662109e+00,2.257749080657958984e+00
1.496988534927368164e+00,4.375833511352539062e+00
-5.956729650497436523e-01,1.684319376945495605e+00
9.835597872734069824e-01,1.732873916625976562e+00
-7.663346529006958008e-01,-2.730163335800170898e-01
-5.530878901481628418e-01,1.042617678642272949e+00
-4.312193393707275391e+00,1.571129083633422852e+00
7.127469182014465332e-01,-1.980093419551849365e-01
-4.156033515930175781e+00,-1.857422113418579102e+00
-1.584936976432800293e+00,1.379702806472778320e+00
-5.103013992309570312e+00,4.010306298732757568e-01
7.185859680175781250e-01,3.599308729171752930e+00
1.825748443603515625e+00,1.718643188476562500e+00
1.615071177482604980e+00,1.271489620208740234e+00
1.774084866046905518e-01,2.521399497985839844e+00
1.695244550704956055e+00,3.096199989318847656e+00
-3.404596090316772461e+00,1.833293914794921875e+00
-1.683884263038635254e+00,1.708950161933898926e+00
-4.135569572448730469e+00,1.855162858963012695e+00
-1.635504245758056641e+00,4.937468528747558594e+00
-1.215641975402832031e+00,4.951541900634765625e+00
1.065975069999694824e+00,4.829025268554687500e+00
-3.383254051208496094e+00,2.606240212917327881e-01
1.011806368827819824e+00,1.331594109535217285e+00
6.995674967765808105e-01,-1.457385897636413574e+00
-2.160095214843750000e+00,3.262094259262084961e+00
8.926231861114501953e-01,-8.341194987297058105e-01
-3.233032464981079102e+00,1.884682923555374146e-01
-7.872189283370971680e-01,4.555805206298828125e+00
-2.642545700073242188e+00,2.559013843536376953e+00
1.814715623855590820e+00,3.254853487014770508e+00
-1.765949845314025879e+00,1.793097019195556641e+00
-1.764437794685363770e+00,4.681433677673339844e+00
-8.940354585647583008e-01,4.839066028594970703e+00
7.792257070541381836e-01,2.072958469390869141e+00
-7.686360478401184082e-01,-2.315193414688110352e+00
-1.129952549934387207e+00,4.741436004638671875e+00
-1.062543153762817383e+00,2.474420785903930664e+00
1.214379906654357910e+00,8.019308447837829590e-01
1.715438008308410645e+00,1.337848305702209473e+00
-3.596731424331665039e+00,2.616378545761108398e+00
-2.890165567398071289e+00,2.247397422790527344e+00
-2.771557569503784180e+00,4.445263147354125977e-01
-2.108853816986083984e+00,4.177282810211181641e+00
-2.600968122482299805e+00,7.471130043268203735e-02
-3.321903705596923828e+00,1.958128958940505981e-01
-3.757292747497558594e+00,-6.088013648986816406e-01
1.408184766769409180e+00,1.573078751564025879e+00
-2.855212688446044922e+00,-2.109960556030273438e+00
2.879443168640136719e+00,2.612914562225341797e+00
2.383848905563354492e+00,-2.349775731563568115e-01
-2.155867099761962891e+00,3.116587162017822266e+00
-3.187735080718994141e+00,1.518306255340576172e+00
-2.403238058090209961e+00,2.433471679687500000e+00
2.449513196945190430e+00,2.628782749176025391e+00
-3.570232868194580078e+00,6.835052967071533203e-01
-1.562309384346008301e+00,4.165113925933837891e+00
1.804453253746032715e+00,1.588274359703063965e+00
-6.963942646980285645e-01,3.297125577926635742e+00
-2.079694986343383789e+00,4.441189289093017578e+00
-2.159574031829833984e+00,2.444622278213500977e+00
-2.288739204406738281e+00,2.980154752731323242e+00
-1.829534769058227539e+00,1.170200943946838379e+00
3.026896238327026367e+00,3.156405687332153320e-01
-2.335977077484130859e+00,1.933323860168457031e+00
1.646469116210937500e+00,1.388697147369384766e+00
1.691120147705078125e+00,4.412643909454345703e+00
-3.462221145629882812e+00,3.299255609512329102e+00
2.476933240890502930e+00,1.416871905326843262e+00
7.678928971290588379e-01,2.608091831207275391e+00
-8.524191379547119141e-01,7.443248629570007324e-01
-1.008914947509765625e+00,1.744071841239929199e+00
1.149830579757690430e+00,1.560475826263427734e+00
-2.578619003295898438e+00,4.691223427653312683e-02
9.874617457389831543e-01,4.385514736175537109e+00
-3.441953659057617188e+00,-2.826718091964721680e+00
2.678771257400512695e+00,1.180443525314331055e+00
-3.369729757308959961e+00,2.432610273361206055e+00
-2.548728227615356445e+00,3.466733455657958984e+00
2.121906995773315430e+00,2.532009363174438477e+00
-1.946762204170227051e+00,-9.608167409896850586e-01
-3.831729888916015625e+00,1.662413477897644043e+00
-3.686610937118530273e+00,3.436834335327148438e+00
-2.862339973449707031e+00,3.512633085250854492e+00
-3.752319216728210449e-01,-2.499953359365463257e-01
-4.949983060359954834e-01,3.179789781570434570e+00
-4.484256267547607422e+00,-8.646360039710998535e-01
8.897635936737060547e-01,3.150730133056640625e+00
1.894279837608337402e+00,3.737550735473632812e+00
-3.663494110107421875e+00,2.770796537399291992e+00
-3.407074451446533203e+00,3.589197397232055664e+00
-1.080067157745361328e+00,4.924802780151367188e+00
-2.277325630187988281e+00,1.934507369995117188e+00
-2.725479900836944580e-01,9.846563339233398438e-01
-1.956170678138732910e+00,-3.113387346267700195e+00
1.576074481010437012e+00,9.566425085067749023e-01
-1.419478535652160645e+00,1.135765433311462402e+00
-3.750117778778076172e+00,2.022471666336059570e+00
9.604774117469787598e-01,4.889477729797363281e+00
-3.452328443527221680e+00,-2.213326454162597656e+00
-3.038918256759643555e+00,-1.757798790931701660e-01
-2.106535196304321289e+00,2.839599132537841797e+00
-3.392908275127410889e-01,1.123698115348815918e+00
-2.814089357852935791e-01,1.971114754676818848e+00
2.649219274520874023e+00,2.629123687744140625e+00
-6.532373428344726562e-01,2.900895118713378906e+00
-2.707764863967895508e+00,-1.091413021087646484e+00
3.661562204360961914e-01,2.768278360366821289e+00
-3.657165050506591797e+00,9.530465602874755859e-01
-2.050169229507446289e+00,-3.025642156600952148e+00
-1.984151959419250488e+00,-3.462741374969482422e+00
-3.719691753387451172e+00,1.813932657241821289e+00
2.975490331649780273e+00,2.131649255752563477e+00
-3.087550878524780273e+00,5.362368822097778320e-01
-1.213775277137756348e+00,7.639638781547546387e-01
-1.828565001487731934e+00,-1.082598328590393066e+00
-3.447402119636535645e-01,4.786832809448242188e+00
-3.431978940963745117e+00,2.636088132858276367e-01
1.318483352661132812e+00,5.712825059890747070e-01
6.459422111511230469e-01,2.408758103847503662e-01
-2.019188404083251953e+00,2.831458091735839844e+00
5.120677351951599121e-01,2.813507080078125000e+00
2.261451244354248047e+00,2.987121343612670898e+00
-4.960884094238281250e+00,1.288459062576293945e+00
-1.317386269569396973e+00,8.799252510070800781e-01
-2.663442373275756836e+00,3.158421993255615234e+00
-5.268759727478027344e-01,1.977479815483093262e+00
-2.942017078399658203e+00,9.070143699645996094e-01
1.743626236915588379e+00,-2.702874541282653809e-01
1.646553754806518555e+00,2.377610921859741211e+00
2.242670655250549316e-01,1.377682447433471680e+00
-4.439446628093719482e-01,2.740877628326416016e+00
1.184295177459716797e+00,7.819547504186630249e-02
8.009493350982666016e-01,3.174674749374389648e+00
2.285018920898437500e+00,7.828703522682189941e-01
2.525600671768188477e+00,2.292704582214355469e+00
-1.261932373046875000e+00,3.089240312576293945e+00
-1.221209838986396790e-01,4.609482288360595703e+00
-3.910224676132202148e+00,7.501467466354370117e-01
-1.353868961334228516e+00,5.822951197624206543e-01
1.040842533111572266e+00,3.272605657577514648e+00
-1.064381718635559082e+00,4.604208469390869141e+00
-3.073101997375488281e+00,2.552279472351074219e+00
-3.979640722274780273e+00,-1.555802952498197556e-02
-3.923082113265991211e+00,-1.599313318729400635e-01
-7.566433548927307129e-01,5.424900650978088379e-01
-3.682126045227050781e+00,-1.036606550216674805e+00
2.456444263458251953e+00,-3.015816770493984222e-02
-2.713455200195312500e+00,-2.195999383926391602e+00
-3.990886211395263672e+00,2.646512746810913086e+00
-2.281172275543212891e+00,6.157823204994201660e-01
-2.607839822769165039e+00,6.706938147544860840e-01
-2.027108669281005859e+00,-1.187172606587409973e-01
-1.959615111351013184e+00,-7.328686714172363281e-01
2.001642286777496338e-01,1.373700141906738281e+00
1.031400918960571289e+00,2.341081857681274414e+00
-8.434102535247802734e-01,5.605760812759399414e-01
-1.569160580635070801e+00,5.512543916702270508e-01
5.739526748657226562e-01,1.464139223098754883e+00
-1.008897185325622559e+00,-2.439636945724487305e+00
2.787608623504638672e+00,1.959136009216308594e+00
-2.356680631637573242e+00,1.909115552902221680e+00
1.045877218246459961e+00,2.703840494155883789e+00
5.367025732994079590e-01,1.971892595291137695e+00
2.024092674255371094e+00,1.745712041854858398e+00
-3.885434865951538086e+00,-1.199779868125915527e+00
6.511393785476684570e-01,2.858220577239990234e+00
5.002283453941345215e-01,3.071086645126342773e+00
-3.711930513381958008e+00,1.284248948097229004e+00
7.877334356307983398e-01,4.328201770782470703e+00
1.822771668434143066e+00,2.485537528991699219e+00
-3.694242238998413086e-01,2.921625614166259766e+00
-7.895767092704772949e-01,-1.715562701225280762e+00
1.468288451433181763e-01,4.748760223388671875e+00
-2.909634351730346680e+00,-1.417172789573669434e+00
-3.091150045394897461e+00,2.180807590484619141e+00
-1.712224602699279785e+00,1.782508730888366699e+00
-5.135546684265136719e+00,1.215086579322814941e+00
-9.004613161087036133e-01,1.379324078559875488e+00
-3.748394966125488281e+00,2.002514302730560303e-01
9.788210988044738770e-01,3.175486803054809570e+00
1.507608175277709961e+00,2.100028991699218750e+00
-1.304810881614685059e+00,2.330913782119750977e+00
-8.899790644645690918e-01,1.376288890838623047e+00
-3.499580144882202148e+00,1.843867301940917969e+00
-1.988709092140197754e+00,2.636385440826416016e+00
-7.576880455017089844e-01,3.857435703277587891e+00
-1.437100410461425781e+00,1.307558417320251465e+00
-2.569035053253173828e+00,-1.223019599914550781e+00
-2.100942611694335938e+00,3.801277279853820801e-01
-2.701827049255371094e+00,1.347391366958618164e+00
-3.205061197280883789e+00,9.934669137001037598e-01
3.256472647190093994e-01,3.813417673110961914e+00
-2.341781139373779297e+00,-2.445753067731857300e-01
2.284454584121704102e+00,2.754934549331665039e+00
-2.137235164642333984e+00,8.553491234779357910e-01
-1.460272073745727539e+00,9.278596043586730957e-01
-2.794051885604858398e+00,-1.413678288459777832e+00
2.568371057510375977e+00,2.588789939880371094e+00
-6.173990368843078613e-01,2.540576219558715820e+00
-4.276764392852783203e+00,3.653619438409805298e-02
1.758912086486816406e+00,4.386625766754150391e+00
-4.871632099151611328e+00,2.051149845123291016e+00
-7.498090863227844238e-01,4.740869998931884766e+00
-2.238427877426147461e+00,-3.213638305664062500e+00
1.973598003387451172e+00,9.525374770164489746e-01
-2.791699171066284180e-01,-2.227420568466186523e+00
-5.420008897781372070e-01,4.143681049346923828e+00
8.992573618888854980e-01,-5.825997591018676758e-01
2.188084363937377930e+00,3.533262729644775391e+00
2.570428848266601562e+00,1.037529587745666504e+00
-3.517762899398803711e+00,-2.515237331390380859e-01
9.908899664878845215e-01,-1.785827398300170898e+00
-1.733828306198120117e+00,1.871379971504211426e+00
9.697915613651275635e-02,4.081639766693115234e+00
8.236842751502990723e-01,3.647691488265991211e+00
-1.067971348762512207e+00,-1.863379120826721191e+00
-3.000963449478149414e+00,3.336607217788696289e+00
-8.578103780746459961e-01,4.556719303131103516e+00
-3.182322263717651367e+00,1.769277095794677734e+00
-3.496913909912109375e+00,-2.070479393005371094e+00
-2.014380931854248047e+00,2.580880641937255859e+00
-4.109393060207366943e-01,1.906342029571533203e+00
-2.387202501296997070e+00,1.500477313995361328e+00
2.214156866073608398e+00,-7.579190284013748169e-02
9.526457190513610840e-01,-1.827653169631958008e+00
-4.156801223754882812e+00,5.478621125221252441e-01
-1.159717798233032227e+00,3.363681793212890625e+00
-2.029758453369140625e+00,1.493655085563659668e+00
-3.345681428909301758e+00,1.921831727027893066e+00
-1.569331288337707520e+00,-1.381640553474426270e+00
3.361781239509582520e-01,1.717568278312683105e+00
-2.222651988267898560e-01,-2.333347558975219727e+00
-1.234677672386169434e+00,4.304749488830566406e+00
-9.182663261890411377e-02,2.791489601135253906e+00
-4.555478096008300781e-01,2.959122419357299805e+00
3.812958896160125732e-01,2.160332441329956055e+00
-3.447501182556152344e+00,2.487850904464721680e+00
3.104882955551147461e+00,2.756367027759552002e-01
-3.661936521530151367e+00,2.494355916976928711e+00
1.167941927909851074e+00,1.597602367401123047e+00
7.379470467567443848e-01,2.265404224395751953e+00
-6.170403957366943359e-01,4.483818531036376953e+00
2.136504888534545898e+00,2.068744897842407227e+00
-9.614071846008300781e-01,4.723209381103515625e+00
-7.386127710342407227e-01,-2.390145957469940186e-01
-7.999424934387207031e-01,1.780279874801635742e+00
2.392107963562011719e+00,3.027961015701293945e+00
-4.686517417430877686e-01,3.903946161270141602e+00
-2.490340948104858398e+00,3.580729722976684570e+00
1.210070252418518066e+00,1.790604233741760254e+00
3.315397500991821289e-01,-4.821235314011573792e-03
-3.516142129898071289e+00,3.553847312927246094e+00
-3.473611593246459961e+00,-5.066620111465454102e-01
-2.289223670959472656e+00,4.102075695991516113e-01
-3.704128265380859375e+00,7.339121699333190918e-01
4.695348739624023438e-01,3.793361663818359375e+00
-3.673693418502807617e+00,1.192484378814697266e+00
-2.855854749679565430e+00,1.826463937759399414e-01
-2.766554355621337891e-01,3.622282743453979492e+00
-2.113337993621826172e+00,3.091315031051635742e+00
-2.086172819137573242e+00,-3.347816467285156250e+00
1.647375226020812988e+00,2.970166206359863281e-01
8.280782699584960938e-01,1.819662928581237793e+00
-3.513484001159667969e+00,4.500015079975128174e-01
3.198185563087463379e-01,2.780488252639770508e+00
4.434848129749298096e-01,5.002779483795166016e+00
-2.007607221603393555e+00,3.438929557800292969e+00
-1.114269256591796875e+00,3.663647174835205078e+00
-1.871430635452270508e+00,-8.575600981712341309e-01
1.480796456336975098e+00,1.638715267181396484e+00
-1.491656303405761719e+00,-2.749630212783813477e-01
-2.464454889297485352e+00,-3.566318988800048828e+00
2.776233255863189697e-01,5.084367752075195312e+00
-2.163117647171020508e+00,2.132766485214233398e+00
-9.427827596664428711e-01,-2.078457117080688477e+00
1.027142643928527832e+00,1.079009413719177246e+00
-1.282548606395721436e-01,3.703997135162353516e+00
-1.240954279899597168e+00,1.681027889251708984e+00
-2.363420486450195312e+00,9.053034186363220215e-01
-2.461127996444702148e+00,-3.322789907455444336e+00
-4.385110378265380859e+00,2.683506727218627930e+00
-3.353409767150878906e+00,-1.767375349998474121e+00
-4.112430572509765625e+00,-7.025089263916015625e-01
-3.501395225524902344e+00,1.363111138343811035e+00
-1.557774901390075684e+00,-5.117211341857910156e-01
1.718393087387084961e+00,1.239309310913085938e+00
-3.032453536987304688e+00,-1.893290042877197266e+00
4.806625843048095703e-01,2.375717461109161377e-01
-4.053090572357177734e+00,-7.197476625442504883e-01
6.243623495101928711e-01,2.351060867309570312e+00
-4.313628673553466797e+00,2.231606721878051758e+00
-1.270656585693359375e+00,8.587538599967956543e-01
-1.118875861167907715e+00,-4.592696428298950195e-01
-2.087594032287597656e+00,-1.097139358520507812e+00
-3.989946842193603516e+00,1.631625771522521973e+00
-4.490550756454467773e-01,4.042961597442626953e+00
-1.028956890106201172e+00,-2.144181728363037109e+00
-5.326242446899414062e-01,4.036500453948974609e+00
-3.829913139343261719e+00,-1.162859320640563965e+00
2.865889549255371094e+00,2.040556907653808594e+00
-2.455824851989746094e+00,1.928350448608398438e+00
1.727036952972412109e+00,3.442912817001342773e+00
-6.379147171974182129e-01,9.694753885269165039e-01
-8.128938078880310059e-01,-3.215152025222778320e-01
3.414047360420227051e-01,1.852521598339080811e-01
-1.029252767562866211e+00,2.676446139812469482e-01
-8.847236633300781250e-02,2.187703847885131836e+00
-2.163226842880249023e+00,3.059895038604736328e+00
-2.457856893539428711e+00,1.088695526123046875e+00
-4.832197666168212891e+00,-2.879742532968521118e-02
-1.500755190849304199e+00,-3.411684632301330566e-01
2.645658493041992188e+00,1.520580410957336426e+00
-1.155178666114807129e+00,3.214566230773925781e+00
-3.189249038696289062e+00,-2.552857398986816406e+00
-2.140712976455688477e+00,7.728856205940246582e-01
-8.092034459114074707e-01,3.029775857925415039e+00
-3.686142921447753906e+00,-2.518728256225585938e+00
-1.276770710945129395e+00,3.208994865417480469e+00
1.366039156913757324e+00,2.125862836837768555e-01
-7.587432116270065308e-02,-6.459805965423583984e-01
-3.678667545318603516e+00,6.910257339477539062e-01
-3.739593982696533203e+00,-4.632761776447296143e-01
1.836816191673278809e+00,3.583259820938110352e+00
-2.270520210266113281e+00,-5.504615306854248047e-01
-1.761297941207885742e+00,9.566465616226196289e-01
-4.501421451568603516e+00,2.140383481979370117e+00
1.602358818054199219e+00,3.774801731109619141e+00
-3.392361164093017578e+00,1.246194720268249512e+00
-1.589962244033813477e+00,9.521907567977905273e-01
-4.413028717041015625e+00,2.006211280822753906e+00
1.139531657099723816e-01,3.571580171585083008e+00
2.063533544540405273e+00,3.241945981979370117e+00
-5.045517921447753906e+00,1.282595753669738770e+00
-1.620729446411132812e+00,-7.131718993186950684e-01
3.887166380882263184e-01,1.859361290931701660e+00
1.288816571235656738e+00,2.883892357349395752e-01
-3.562892675399780273e+00,9.340874552726745605e-01
-3.196640253067016602e+00,3.413239717483520508e-01
2.187270820140838623e-01,3.390978574752807617e+00
-1.569266766309738159e-01,3.816812992095947266e+00
-2.759939908981323242e+00,-3.121947526931762695e+00
-3.438912868499755859e+00,-4.022931754589080811e-01
-1.971089005470275879e+00,-1.269625425338745117e+00
-7.227920293807983398e-01,-1.110078573226928711e+00
-1.980168968439102173e-01,4.263980686664581299e-01
-1.995238900184631348e+00,1.918708920478820801e+00
-2.723692893981933594e+00,1.768036365509033203e+00
-1.948809146881103516e+00,1.094694375991821289e+00
-1.263750314712524414e+00,-1.240132570266723633e+00
-3.421261310577392578e+00,2.091908454895019531e+00
1.886389970779418945e+00,5.423867702484130859e-01
-2.427350997924804688e+00,-3.567949295043945312e+00
-2.312857151031494141e+00,1.675543189048767090e-01
-1.143823862075805664e+00,-3.629285573959350586e+00
-3.793427467346191406e+00,5.873213410377502441e-01
-8.538061976432800293e-01,3.687654972076416016e+00
-3.947844266891479492e+00,-4.421391785144805908e-01
-2.216234207153320312e+00,1.631843805313110352e+00
-1.308708548545837402e+00,7.214373350143432617e-01
-2.551754236221313477e+00,3.459013700485229492e+00
1.643859982490539551e+00,2.130334377288818359e+00
-2.673800706863403320e+00,2.470059156417846680e+00
8.017700314521789551e-01,-2.177326381206512451e-02
-1.349570512771606445e+00,1.815103054046630859e+00
-3.219307184219360352e+00,3.510362863540649414e+00
-3.431191146373748779e-01,4.407788276672363281e+00
-1.090250492095947266e+00,1.502967923879623413e-01
-2.879104852676391602e+00,1.607542514801025391e+00
6.596959382295608521e-02,2.789682865142822266e+00
1.038760304450988770e+00,9.924195408821105957e-01
-2.003432512283325195e+00,4.129415512084960938e+00
-3.049139976501464844e+00,2.679039955139160156e+00
-5.042726993560791016e-01,-2.646462321281433105e-01
1.549543023109436035e+00,3.758978128433227539e+00
8.667144179344177246e-01,3.017215251922607422e+00
-5.008450984954833984e+00,5.378063321113586426e-01
7.053519487380981445e-01,3.901398181915283203e+00
-4.160417556762695312e+00,2.816976308822631836e+00
2.581115484237670898e+00,4.158691465854644775e-01
-3.007435560226440430e+00,-6.053711175918579102e-01
-1.865178346633911133e+00,-3.173293590545654297e+00
-4.827392995357513428e-01,1.118031978607177734e+00
-2.889907598495483398e+00,1.300812482833862305e+00
-1.234239578247070312e+00,8.121399283409118652e-01
-7.852646708488464355e-01,4.060450553894042969e+00
2.227468341588973999e-01,8.621191382408142090e-01
-2.949162483215332031e+00,-6.289546489715576172e-01
1.585377454757690430e+00,2.768135547637939453e+00
6.966958045959472656e-01,1.591980576515197754e+00
-1.946390748023986816e+00,4.759601354598999023e-01
-1.438879489898681641e+00,4.556972980499267578e+00
1.564797520637512207e+00,1.908664107322692871e+00
-3.820062160491943359e+00,3.574109077453613281e+00
-7.452768087387084961e-02,1.405898213386535645e+00
-2.290445327758789062e+00,6.621046066284179688e-01
-1.294410347938537598e+00,-1.422328710556030273e+00
-2.773496866226196289e+00,-3.286727190017700195e+00
1.024748563766479492e+00,2.944982051849365234e+00
2.720197439193725586e-01,-1.820480585098266602e+00
-1.900751352310180664e+00,4.246715307235717773e-01
1.231869161128997803e-01,1.620643377304077148e+00
1.578320622444152832e+00,1.164619922637939453e+00
2.253651618957519531e+00,-1.956848427653312683e-02
1.979324733838438988e-03,1.276272773742675781e+00
-3.002654790878295898e+00,3.117207288742065430e+00
-3.461742401123046875e-01,3.965049743652343750e+00
-3.229708194732666016e+00,-2.416410446166992188e+00
2.275945425033569336e+00,2.372656822204589844e+00
-1.395732402801513672e+00,1.307932257652282715e+00
-9.167290925979614258e-01,2.546596229076385498e-01
-2.948517322540283203e+00,1.664937496185302734e+00
1.581227898597717285e+00,3.281898260116577148e+00
-5.286293983459472656e+00,7.523952983319759369e-03
-2.961732149124145508e+00,2.202604293823242188e+00
1.480729937553405762e+00,1.425112724304199219e+00
-3.850005865097045898e+00,2.671998262405395508e+00
-4.295804977416992188e+00,2.116746187210083008e+00
2.234503030776977539e+00,2.053619861602783203e+00
-5.271229147911071777e-01,-4.621513485908508301e-01
5.050585865974426270e-01,1.735728740692138672e+00
-3.856398761272430420e-01,1.362416267395019531e+00
-4.675434112548828125e+00,4.118137657642364502e-01
-5.519441366195678711e-01,2.482193708419799805e+00
-1.807594418525695801e+00,-2.365032732486724854e-01
1.560002684593200684e+00,1.939334869384765625e+00
-4.109175205230712891e+00,-1.243628859519958496e+00
-4.599543094635009766e+00,1.224389672279357910e+00
1.013246178627014160e+00,-1.382352352142333984e+00
-1.885545969009399414e+00,1.155151486396789551e+00
1.076487660408020020e+00,3.125316381454467773e+00
-3.306890487670898438e+00,1.058847188949584961e+00
3.354227915406227112e-02,3.157191038131713867e+00
-1.396190047264099121e+00,1.106250286102294922e-01
1.197938084602355957e+00,3.058417081832885742e+00
-1.444598555564880371e+00,3.901324033737182617e+00
-1.137064099311828613e+00,3.077146768569946289e+00
-4.471460878849029541e-01,2.814716339111328125e+00
-1.889599919319152832e+00,2.770153999328613281e+00
-3.667643785476684570e+00,1.294183969497680664e+00
-2.876519918441772461e+00,2.647268295288085938e+00
-8.722145855426788330e-02,-2.299509286880493164e+00
-5.505569279193878174e-02,-2.952087163925170898e+00
-1.795207858085632324e+00,8.377720713615417480e-01
2.454649925231933594e+00,-2.094073444604873657e-01
-1.261107802391052246e+00,7.304967641830444336e-01
-6.164125204086303711e-01,1.063691854476928711e+00
1.102569580078125000e+00,2.826093435287475586e+00
1.099792644381523132e-01,-8.116195797920227051e-01
-1.449900150299072266e+00,6.867390871047973633e-01
2.299818992614746094e+00,1.338786244392395020e+00
-3.585468530654907227e+00,2.944497108459472656e+00
2.771576881408691406e+00,2.449250936508178711e+00
-1.566057085990905762e+00,1.908099293708801270e+00
-2.869771242141723633e+00,6.186353564262390137e-01
-2.157288074493408203e+00,4.403083324432373047e+00
-4.043311595916748047e+00,3.419405698776245117e+00
2.881051301956176758e+00,1.357624530792236328e+00
-2.748164415359497070e+00,-1.052614808082580566e+00
-5.290762901306152344e+00,-7.389613986015319824e-02
-9.161322116851806641e-01,2.189847707748413086e+00
-1.404584884643554688e+00,-7.727099657058715820e-01
-3.655897140502929688e+00,2.901715040206909180e+00
-1.929881691932678223e+00,4.296218395233154297e+00
-3.352985143661499023e+00,1.091128706932067871e+00
-2.028736352920532227e+00,-1.967152953147888184e+00
8.330528736114501953e-01,1.411088943481445312e+00
-2.083004862070083618e-01,4.409909725189208984e+00
-2.989724159240722656e+00,7.347939014434814453e-01
-2.761821746826171875e+00,2.922229766845703125e+00
9.625312685966491699e-01,-8.747402429580688477e-01
1.840050101280212402e+00,3.802399396896362305e+00
-5.301343202590942383e-01,3.447774410247802734e+00
-1.526446104049682617e+00,2.553301095962524414e+00
-2.144541501998901367e+00,2.403788119554519653e-01
2.641930103302001953e+00,1.477425813674926758e+00
1.111645102500915527e-01,1.615996718406677246e+00
-1.078807234764099121e+00,3.172373294830322266e+00
-1.073362588882446289e+00,-2.034220218658447266e+00
2.002578735351562500e+00,8.913737535476684570e-01
1.874638438224792480e+00,1.441234350204467773e+00
-1.120770215988159180e+00,3.568120956420898438e+00
-1.254967570304870605e+00,-7.292905449867248535e-01
-4.181382179260253906e+00,2.558577537536621094e+00
2.288037300109863281e+00,-1.099839687347412109e+00
-1.620347857475280762e+00,-6.167623400688171387e-01
-3.813094377517700195e+00,2.730760097503662109e+00
-1.320148110389709473e+00,1.531721353530883789e+00
-1.551302075386047363e+00,2.036898851394653320e+00
-4.838857173919677734e+00,2.349480867385864258e+00
-2.058984279632568359e+00,1.387506127357482910e+00
-3.119289159774780273e+00,1.425377368927001953e+00
-3.895334720611572266e+00,1.669338583946228027e+00
-5.386322736740112305e-01,1.874185919761657715e+00
-4.658905029296875000e+00,2.489937067031860352e+00
-3.411216974258422852e+00,2.027141809463500977e+00
1.871694326400756836e+00,1.101814746856689453e+00
-1.766412258148193359e+00,2.283371925354003906e+00
-2.771710157394409180e+00,2.377558469772338867e+00
-1.204464912414550781e+00,-2.105579137802124023e+00
1.531130671501159668e+00,2.323511123657226562e+00
3.010226964950561523e+00,1.817409634590148926e+00
1.833959579467773438e+00,5.431339144706726074e-01
9.090569615364074707e-01,7.830637693405151367e-01
-1.010228037834167480e+00,3.740699529647827148e+00
-1.398195266723632812e+00,1.366599082946777344e+00
-8.713079094886779785e-01,-1.990389943122863770e+00
-2.839157581329345703e+00,2.853308439254760742e+00
-1.558228969573974609e+00,2.157579183578491211e+00
-2.012157678604125977e+00,-3.193114995956420898e-01
-1.270077824592590332e-01,-2.974031209945678711e+00
-3.969903707504272461e+00,-2.027960568666458130e-01
-3.663362860679626465e-01,-2.764793932437896729e-01
-1.260829925537109375e+00,1.496794342994689941e+00
-2.366550445556640625e+00,2.016005665063858032e-01
-1.836748242378234863e+00,1.259153723716735840e+00
1.160870194435119629e+00,-2.818409502506256104e-01
1.557423114776611328e+00,4.127953052520751953e+00
-1.967904210090637207e+00,1.390440702438354492e+00
6.889677643775939941e-01,5.047420501708984375e+00
-2.050046682357788086e+00,-6.576557159423828125e-01
1.290219128131866455e-01,3.162313938140869141e+00
-2.709387063980102539e+00,-2.210928440093994141e+00
-3.865567684173583984e+00,3.640187978744506836e+00
-9.512611627578735352e-01,-2.202355861663818359e+00
-2.007121741771697998e-01,3.158557116985321045e-01
-8.437066674232482910e-01,2.496122360229492188e+00
1.606866240501403809e+00,2.227083206176757812e+00
6.185646653175354004e-01,3.582774639129638672e+00
1.546676516532897949e+00,3.621368885040283203e+00
-1.258991718292236328e+00,7.807383686304092407e-02
2.068115949630737305e+00,3.312550783157348633e+00
-1.782820701599121094e+00,1.582321047782897949e+00
-4.294363975524902344e+00,1.784460186958312988e+00
-4.709201812744140625e+00,8.026073873043060303e-02
-1.871070981025695801e+00,2.415732383728027344e+00
-4.503859519958496094e+00,-1.065039277076721191e+00
-2.902316093444824219e+00,1.440783619880676270e+00
-1.582907557487487793e+00,3.430526494979858398e+00
1.714176535606384277e+00,-6.032315492630004883e-01
-8.248066306114196777e-01,4.015071868896484375e+00
1.995598226785659790e-01,-2.784899950027465820e+00
2.365873575210571289e+00,2.991052150726318359e+00
-2.843981742858886719e+00,2.228921890258789062e+00
-3.722105324268341064e-01,-4.564873874187469482e-01
-2.089112520217895508e+00,1.554378867149353027e+00
2.097094535827636719e+00,1.586403489112854004e+00
-1.271187067031860352e+00,1.417147397994995117e+00
-1.025440335273742676e+00,2.877022266387939453e+00
1.872490406036376953e+00,2.146249532699584961e+00
-1.053473114967346191e+00,-5.215428471565246582e-01
2.555428028106689453e+00,6.322805304080247879e-03
-3.486801683902740479e-01,3.276157379150390625e+00
-1.621600389480590820e+00,-6.437590122222900391e-01
-1.359948635101318359e+00,5.548712611198425293e-01
-1.901044249534606934e+00,2.748715579509735107e-01
-2.271263837814331055e+00,1.359552621841430664e+00
-7.504274845123291016e-01,3.417960882186889648e+00
-5.568689703941345215e-01,2.305841922760009766e+00
4.223746359348297119e-01,2.607449531555175781e+00
2.080079078674316406e+00,1.508575797080993652e+00
-4.517592906951904297e+00,-4.832775592803955078e-01
-9.547627568244934082e-01,3.933935403823852539e+00
1.581415414810180664e+00,2.164849996566772461e+00
2.492076873779296875e+00,1.853091828525066376e-02
-3.681831359863281250e+00,1.362752795219421387e+00
-1.199206590652465820e+00,-2.287978887557983398e+00
-9.363554716110229492e-01,2.622173726558685303e-01
-1.185801267623901367e+00,4.661682128906250000e+00
-3.325287580490112305e+00,1.917673230171203613e+00
-3.562617778778076172e+00,1.284961342811584473e+00
3.372289836406707764e-01,3.254627227783203125e+00
-2.576908826828002930e+00,3.260953426361083984e+00
-4.794594764709472656e+00,1.147592067718505859e-01
-1.391596078872680664e+00,4.567003250122070312e+00
1.073380351066589355e+00,3.156085729598999023e+00
1.005347967147827148e+00,1.448725938796997070e+00
-1.318481206893920898e+00,-2.624001540243625641e-02
-2.030744075775146484e+00,3.875706195831298828e+00
1.506599426269531250e+00,3.068948745727539062e+00
3.813000917434692383e-01,4.151125431060791016e+00
-8.505107760429382324e-01,2.349014043807983398e+00
-1.313822031021118164e+00,3.329132080078125000e+00
-5.535616874694824219e-01,2.821550130844116211e+00
-2.811909914016723633e+00,1.777224302291870117e+00
-4.408868312835693359e+00,1.680867195129394531e+00
-8.184869289398193359e-01,-1.873084187507629395e+00
-4.502497673034667969e+00,1.258796691894531250e+00
-3.038090705871582031e+00,3.225053310394287109e+00
2.494234442710876465e-01,2.969073295593261719e+00
1.538198709487915039e+00,5.313843488693237305e-01
-1.026020646095275879e+00,2.489592552185058594e+00
5.463074445724487305e-01,1.767869591712951660e+00
-1.099636912345886230e+00,4.776023387908935547e+00
-2.862547397613525391e+00,2.840883493423461914e+00
-1.705439925193786621e+00,2.837389230728149414e+00
-1.653909981250762939e-01,3.219955682754516602e+00
1.069356918334960938e+00,1.049819827079772949e+00
-2.125871658325195312e+00,2.949040889739990234e+00
-1.168350100517272949e+00,2.796628773212432861e-01
7.791264653205871582e-01,-1.542467325925827026e-01
-1.023923158645629883e+00,2.399770915508270264e-01
1.802643388509750366e-01,2.690176248550415039e+00
9.477090239524841309e-01,7.698883414268493652e-01
-2.329504489898681641e+00,3.676504611968994141e+00
-2.067529439926147461e+00,-3.433268785476684570e+00
-3.258716106414794922e+00,-1.798099160194396973e+00
-1.994364261627197266e+00,-3.431512355804443359e+00
-9.858632683753967285e-01,4.939544200897216797e+00
-2.630868434906005859e+00,-2.048282861709594727e+00
1.657518386840820312e+00,1.743989348411560059e+00
1.978112220764160156e+00,3.194109916687011719e+00
-1.352625131607055664e+00,4.797075748443603516e+00
-1.897997856140136719e+00,4.520833015441894531e+00
-2.754037857055664062e+00,1.561248660087585449e+00
-1.220193505287170410e+00,3.261474609375000000e+00
1.061129093170166016e+00,3.635390996932983398e+00
5.331884622573852539e-01,4.512911319732666016e+00
4.050363004207611084e-01,-1.536663532257080078e+00
4.004084169864654541e-01,3.464078903198242188e+00
4.070282876491546631e-01,1.384708523750305176e+00
-4.024341106414794922e+00,-1.825678229331970215e+00
-3.451486349105834961e+00,-1.517888665199279785e+00
2.020702600479125977e+00,1.144709825515747070e+00
-4.053398132324218750e+00,1.430433392524719238e+00
-2.143104791641235352e+00,4.176527023315429688e+00
-7.052145004272460938e-01,1.729735136032104492e+00
-2.900753259658813477e+00,2.775423049926757812e+00
-9.864936470985412598e-01,2.920572042465209961e+00
3.635530173778533936e-01,2.926156282424926758e+00
-2.636427640914916992e+00,-3.367695569992065430e+00
-1.839081287384033203e+00,-3.021222054958343506e-01
1.618105769157409668e+00,-4.970951676368713379e-01
1.518362760543823242e+00,-2.352979779243469238e-02
-3.993821144104003906e+00,-2.360265469178557396e-03
-2.079623460769653320e+00,3.073318302631378174e-01
-4.109395503997802734e+00,1.811228394508361816e+00
2.130678176879882812e+00,1.857572197914123535e+00
1.466331243515014648e+00,3.469263553619384766e+00
6.422842293977737427e-02,2.585421800613403320e+00
-2.272427558898925781e+00,-1.081358075141906738e+00
-2.021308422088623047e+00,4.261169910430908203e+00
-1.907117724418640137e+00,1.291362047195434570e-01
-1.867277145385742188e+00,2.382667303085327148e+00
-2.162300109863281250e+00,3.714199066162109375e+00
9.702801108360290527e-01,2.840877771377563477e+00
-1.378364801406860352e+00,3.661931276321411133e+00
6.623187661170959473e-01,8.793685585260391235e-02
1.977466791868209839e-01,2.992695331573486328e+00
-3.300642967224121094e+00,2.934293508529663086e+00
4.275409579277038574e-01,3.094925403594970703e+00
-9.167899489402770996e-01,3.781741857528686523e+00
-1.187864303588867188e+00,4.741885185241699219e+00
-4.153269231319427490e-01,1.063436716794967651e-01
3.090725421905517578e+00,2.095562815666198730e-01
4.391108155250549316e-01,4.982416152954101562e+00
-6.126922369003295898e-01,3.783575057983398438e+00
-4.461378097534179688e+00,-7.067256569862365723e-01
-4.358561336994171143e-02,2.833489894866943359e+00
1.652866244316101074e+00,4.151022911071777344e+00
-2.945377826690673828e+00,7.495394945144653320e-01
1.720951646566390991e-01,2.034828424453735352e+00
-1.653908610343933105e+00,-1.052655339241027832e+00
-2.953772544860839844e+00,6.493959426879882812e-01
1.844910830259323120e-01,3.741639137268066406e+00
-2.011930793523788452e-01,1.549447894096374512e+00
-3.284699916839599609e+00,-1.511330604553222656e+00
-1.227866649627685547e+00,-2.463349342346191406e+00
7.063388824462890625e-02,-2.876044988632202148e+00
2.774785041809082031e+00,2.674080610275268555e+00
-2.612640857696533203e+00,1.331432223320007324e+00
2.305083990097045898e+00,3.225557804107666016e+00
2.403569459915161133e+00,1.713163614273071289e+00
-2.172948837280273438e+00,4.161024093627929688e+00
-1.654176592826843262e+00,2.483206748962402344e+00
3.084495067596435547e-01,-1.537515163421630859e+00
-4.155014514923095703e+00,-1.403548002243041992e+00
-2.234513282775878906e+00,1.379813432693481445e+00
-1.458754420280456543e+00,4.812152862548828125e+00
-1.457768678665161133e+00,2.156588077545166016e+00
-1.284495115280151367e+00,7.714372277259826660e-01
-8.870943635702133179e-02,3.018278598785400391e+00
-3.381809949874877930e+00,-2.306738138198852539e+00
-4.477966785430908203e+00,1.003838896751403809e+00
-1.415796041488647461e+00,5.407097339630126953e-01
-2.899086713790893555e+00,-1.393018603324890137e+00
-6.903358697891235352e-01,4.083815574645996094e+00
-2.268889665603637695e+00,4.320581912994384766e+00
-5.051201343536376953e+00,5.487884283065795898e-01
-1.015586853027343750e+00,-6.652389168739318848e-01
1.565221883356571198e-02,4.486586570739746094e+00
-4.788080215454101562e+00,2.228116244077682495e-01
-1.520491600036621094e+00,-4.055621102452278137e-03
-2.835176229476928711e+00,5.367352366447448730e-01
9.778970479965209961e-01,6.565418839454650879e-01
-4.403715133666992188e+00,5.816398933529853821e-02
-1.097098827362060547e+00,4.667221069335937500e+00
3.168260157108306885e-01,2.174775004386901855e-01
-1.733233928680419922e+00,4.220883369445800781e+00
2.045252799987792969e+00,1.435791492462158203e+00
1.241635680198669434e+00,1.439944386482238770e+00
1.956787347793579102e+00,2.983881473541259766e+00
-8.699348568916320801e-01,4.050577163696289062e+00
-4.258035659790039062e+00,8.001337051391601562e-01
2.230480432510375977e+00,2.065978050231933594e+00
2.836734294891357422e+00,2.668596744537353516e+00
-4.380584239959716797e+00,-8.844596147537231445e-01
-5.084594488143920898e-01,9.980356693267822266e-01
2.022826910018920898e+00,1.585051298141479492e+00
-1.292250633239746094e+00,3.113585233688354492e+00
7.785236239433288574e-01,4.199876785278320312e+00
2.460497468709945679e-01,3.012113571166992188e+00
1.325330138206481934e+00,2.498003244400024414e-01
4.953600466251373291e-01,1.979635238647460938e+00
1.623512387275695801e+00,-4.490703344345092773e-01
-3.759591579437255859e+00,3.639896869659423828e+00
-3.232228517532348633e+00,-2.441153287887573242e+00
2.347799777984619141e+00,-1.172553181648254395e+00
-2.948449850082397461e+00,-5.049166679382324219e-01
-2.784456610679626465e-01,3.902081251144409180e+00
2.341146469116210938e+00,1.875565171241760254e+00
-4.735638141632080078e+00,-1.134429931640625000e+00
-6.515128016471862793e-01,2.403514385223388672e+00
-1.700996994972229004e+00,6.769924163818359375e-01
-1.099868774414062500e+00,-1.490333437919616699e+00
-4.206342697143554688e+00,3.507404327392578125e-01
-3.784985542297363281e+00,3.598149776458740234e+00
4.558109045028686523e-01,7.406072616577148438e-01
-1.448522567749023438e+00,8.618759512901306152e-01
-1.410186290740966797e+00,5.063707351684570312e+00
-4.401745796203613281e+00,2.147808551788330078e+00
2.681665658950805664e+00,-8.362211287021636963e-02
-8.680434823036193848e-01,3.976413965225219727e+00
-4.317677497863769531e+00,-6.881740093231201172e-01
-8.061541616916656494e-02,1.152545571327209473e+00
-1.085106968879699707e+00,2.839715242385864258e+00
-3.550609111785888672e+00,-2.862984418869018555e+00
4.409744441509246826e-01,6.210138797760009766e-01
-4.303939819335937500e+00,3.468673825263977051e-01
-5.137718677520751953e+00,1.227859377861022949e+00
3.052157163619995117e+00,2.482037693262100220e-01
-2.680701494216918945e+00,-3.895952701568603516e-01
-2.123523950576782227e+00,-7.730270624160766602e-01
-1.104957103729248047e+00,-7.332923412322998047e-01
8.007828593254089355e-01,2.791149377822875977e+00
-1.236245512962341309e+00,4.892636775970458984e+00
-3.989048242568969727e+00,-2.157083451747894287e-01
-8.843970894813537598e-01,1.262338995933532715e+00
-3.761548519134521484e+00,5.913821458816528320e-01
2.115835189819335938e+00,1.500827550888061523e+00
-2.090060859918594360e-01,1.916688203811645508e+00
-1.728112697601318359e+00,4.339475631713867188e+00
-3.216000080108642578e+00,1.358689785003662109e+00
1.600777626037597656e+00,3.786480426788330078e+00
6.356509327888488770e-01,8.174211382865905762e-01
-1.763954013586044312e-01,2.820646286010742188e+00
-1.934682846069335938e+00,2.948138415813446045e-01
-1.473329663276672363e+00,5.036475658416748047e+00
1.639535307884216309e+00,2.226093530654907227e+00
-3.621139049530029297e+00,3.344710350036621094e+00
-4.453750610351562500e+00,1.427482366561889648e+00
-1.329305410385131836e+00,2.214023351669311523e+00
1.615139961242675781e+00,-7.400747537612915039e-01
-3.697307825088500977e+00,3.495436429977416992e+00
1.913763999938964844e+00,4.058592021465301514e-01
2.629433393478393555e+00,1.147013425827026367e+00
-7.180089354515075684e-01,-1.381790786981582642e-01
-2.868890285491943359e+00,2.273197889328002930e+00
-8.961567282676696777e-01,4.018534183502197266e+00
-5.600905418395996094e-01,3.808613300323486328e+00
1.428731530904769897e-01,2.116505622863769531e+00
3.634712100028991699e-01,1.564778208732604980e+00
-4.042881965637207031e+00,-9.919854998588562012e-02
-4.044746875762939453e+00,-1.714749574661254883e+00
-2.297502756118774414e+00,-3.612803220748901367e+00
-1.657488942146301270e+00,2.357711791992187500e+00
-1.428342819213867188e+00,3.461672782897949219e+00
-2.171809196472167969e+00,2.735247135162353516e+00
-1.036324381828308105e+00,2.084157705307006836e+00
-4.525130271911621094e+00,1.272979855537414551e+00
-1.882581591606140137e+00,-7.734562754631042480e-01
2.713976383209228516e+00,3.827316761016845703e-01
-3.273258209228515625e+00,3.248166739940643311e-01
-1.954454541206359863e+00,1.289065957069396973e+00
3.483058214187622070e-01,-4.503273963928222656e-01
2.698680162429809570e+00,2.725381612777709961e+00
-6.480228900909423828e-01,4.156019687652587891e+00
1.103516936302185059e+00,2.505181074142456055e+00
-7.231248617172241211e-01,3.670794010162353516e+00
-1.951847910881042480e+00,2.454628467559814453e+00
1.968219637870788574e+00,-1.189827203750610352e+00
-7.819733023643493652e-01,-4.992994293570518494e-02
-3.113673448562622070e+00,1.617349147796630859e+00
-4.235179424285888672e+00,6.543800830841064453e-01
-6.114599704742431641e-01,1.642799377441406250e+00
-3.025263071060180664e+00,-1.567191600799560547e+00
-7.160961031913757324e-01,3.827502012252807617e+00
-1.217666983604431152e+00,8.769834041595458984e-01
2.633889675140380859e+00,-1.081396579742431641e+00
-2.909243822097778320e+00,-1.403160452842712402e+00
-2.008549213409423828e+00,2.463514566421508789e+00
1.893198847770690918e+00,2.932871103286743164e+00
1.091559410095214844e+00,4.449237346649169922e+00
-3.471693038940429688e+00,1.088416576385498047e+00
-2.190985202789306641e+00,2.837780952453613281e+00
-3.598379492759704590e-01,1.781061768531799316e+00
1.734045863151550293e+00,2.878640174865722656e+00
-2.334202527999877930e+00,1.480994701385498047e+00
-5.213803052902221680e-01,-1.453679352998733521e-01
1.086284399032592773e+00,4.322669506072998047e+00
1.129597783088684082e+00,1.095969788730144501e-02
8.889730572700500488e-01,3.272488832473754883e+00
2.598071098327636719e+00,1.062808394432067871e+00
-4.599895954132080078e+00,2.922530174255371094e-01
-3.358749389648437500e+00,3.087427377700805664e+00
2.492983341217041016e+00,1.953683733940124512e+00
1.541857838630676270e+00,4.628539562225341797e+00
-3.448824167251586914e+00,-2.264374971389770508e+00
-3.285265445709228516e+00,2.346737146377563477e+00
2.278957605361938477e+00,1.524851918220520020e+00
-2.164406299591064453e+00,3.076139688491821289e+00
-3.219090461730957031e+00,1.948205083608627319e-01
2.986011266708374023e+00,2.967348575592041016e+00
-2.659665107727050781e+00,1.539669990539550781e+00
1.498603940010070801e+00,2.218223333358764648e+00
-2.250546663999557495e-01,2.484319448471069336e+00
-4.894174098968505859e+00,-1.066583633422851562e+00
1.750663995742797852e+00,-1.791277676820755005e-01
-2.121114253997802734e+00,-3.374146521091461182e-01
-8.276056498289108276e-02,2.305246829986572266e+00
-8.930872678756713867e-01,4.841807186603546143e-01
-1.443242907524108887e+00,2.274787425994873047e+00
-3.982016801834106445e+00,3.381141901016235352e+00
-3.974515914916992188e+00,2.699869155883789062e+00
-1.700259447097778320e+00,2.759639024734497070e-01
-2.539925873279571533e-01,-4.254682734608650208e-02
-8.481956124305725098e-01,1.103895187377929688e+00
1.293364167213439941e+00,7.380389571189880371e-01
-2.081288099288940430e+00,7.388392090797424316e-01
-3.041814088821411133e+00,1.473396897315979004e+00
-1.929688811302185059e+00,1.377530813217163086e+00
-1.776156574487686157e-01,2.037279605865478516e+00
1.493121504783630371e+00,-3.475510701537132263e-02
-3.801741600036621094e+00,-2.465995788574218750e+00
-2.914321422576904297e+00,-1.469025909900665283e-01
9.432650804519653320e-01,4.445458889007568359e+00
-3.612187385559082031e+00,2.845796823501586914e+00
-3.721287727355957031e+00,-2.724052906036376953e+00
4.644658267498016357e-01,4.162711143493652344e+00
2.137387514114379883e+00,-9.272915124893188477e-01
-3.970202684402465820e+00,-1.925563335418701172e+00
1.600790143013000488e+00,-7.431142926216125488e-01
2.118872880935668945e+00,2.657471179962158203e+00
2.855612277984619141e+00,1.914318919181823730e+00
5.027154684066772461e-01,2.645825862884521484e+00
-3.426876068115234375e+00,1.029337525367736816e+00
2.365634441375732422e+00,6.534421443939208984e-02
-4.427224159240722656e+00,2.057094812393188477e+00
7.664374709129333496e-01,3.689793586730957031e+00
2.484332323074340820e-01,2.783711433410644531e+00
-1.160089850425720215e+00,3.588224411010742188e+00
-1.325246214866638184e+00,-1.350214600563049316e+00
-5.083878040313720703e+00,1.563726544380187988e+00
-4.104451656341552734e+00,-1.698543876409530640e-01
-2.727104187011718750e+00,-2.210265159606933594e+00
1.528999328613281250e+00,-7.983896732330322266e-01
6.223402619361877441e-01,2.921110868453979492e+00
-2.632496356964111328e-01,3.835753917694091797e+00
-3.979731559753417969e+00,-1.685328245162963867e+00
-2.403592348098754883e+00,1.914703845977783203e+00
-6.666341423988342285e-01,4.023021221160888672e+00
-4.394960880279541016e+00,-3.090948052704334259e-02
-3.992796182632446289e+00,-1.666346073150634766e+00
-3.744935750961303711e+00,5.117443203926086426e-02
-2.027229785919189453e+00,4.409772872924804688e+00
-1.159076571464538574e+00,1.653747707605361938e-01
1.966591238975524902e+00,-4.311725795269012451e-01
-4.594902992248535156e+00,-3.548510074615478516e-01
-2.672326087951660156e+00,2.643664836883544922e+00
2.458203077316284180e+00,2.221561193466186523e+00
-1.254528164863586426e+00,1.618860244750976562e+00
-3.143614292144775391e+00,1.611712694168090820e+00
-3.652153730392456055e+00,-1.053075194358825684e+00
-1.326468944549560547e+00,4.020356655120849609e+00
-2.476123869419097900e-01,2.655006170272827148e+00
1.298448443412780762e+00,6.050052642822265625e-01
-3.615752935409545898e+00,1.451200544834136963e-01
5.799707174301147461e-01,1.131843805313110352e+00
-5.744647607207298279e-02,2.826633214950561523e+00
-1.152225852012634277e+00,4.033723354339599609e+00
-3.201952219009399414e+00,1.794654369354248047e+00
-2.723615169525146484e+00,2.643532276153564453e+00
-1.780036836862564087e-02,-2.922487020492553711e+00
-6.581205129623413086e-02,8.467253446578979492e-01
2.599546194076538086e+00,3.236605972051620483e-02
-4.156089782714843750e+00,-6.154793500900268555e-01
9.493452310562133789e-01,2.177379608154296875e+00
-2.325094699859619141e+00,7.032131552696228027e-01
-2.729988813400268555e+00,-1.052756309509277344e+00
-3.656636476516723633e-01,4.383321285247802734e+00
-7.236711382865905762e-01,1.489517211914062500e+00
-2.273856401443481445e+00,2.981743812561035156e+00
4.032422900199890137e-01,2.148643970489501953e+00
-3.047268390655517578e+00,-1.216933727264404297e+00
1.730563342571258545e-01,4.694696426391601562e+00
7.020257711410522461e-01,7.848811149597167969e-01
-5.252800464630126953e+00,2.451665550470352173e-01
-3.953109264373779297e+00,6.377327442169189453e-01
1.289738774299621582e+00,3.868537664413452148e+00
2.126638889312744141e+00,2.962430238723754883e+00
-2.726874947547912598e-01,2.423021554946899414e+00
-1.722706675529479980e+00,5.578402876853942871e-01
-2.148984909057617188e+00,2.944904804229736328e+00
-1.863752603530883789e-01,4.418562412261962891e+00
-1.734547495841979980e+00,-5.308214426040649414e-01
-2.661945581436157227e+00,3.177245557308197021e-01
-8.584213852882385254e-01,3.070503234863281250e+00
-2.165785551071166992e+00,4.353126287460327148e-01
-3.692197561264038086e+00,2.808683633804321289e+00
-3.678788661956787109e+00,2.903979063034057617e+00
-9.138380289077758789e-01,4.901865482330322266e+00
-4.569227218627929688e+00,1.710635185241699219e+00
-3.636628866195678711e+00,9.908249378204345703e-01
-1.908740043640136719e+00,2.205758810043334961e+00
-1.425838589668273926e+00,3.627270221710205078e+00
5.330019593238830566e-01,4.914618015289306641e+00
-5.205281257629394531e+00,6.591219902038574219e-01
-1.198256850242614746e+00,-6.013695001602172852e-01
-3.282927751541137695e+00,-1.059286952018737793e+00
9.402043819427490234e-01,4.313499927520751953e+00
-1.167340874671936035e+00,2.444828033447265625e+00
-1.542311429977416992e+00,5.665780901908874512e-01
-2.587005138397216797e+00,5.951503291726112366e-03
-1.554723858833312988e+00,8.251294493675231934e-01
-4.668764114379882812e+00,-3.380488753318786621e-01
3.649675548076629639e-01,2.204118013381958008e+00
-3.310543060302734375e+00,3.676090955734252930e+00
-3.361639261245727539e+00,-2.354832887649536133e+00
2.216584444046020508e+00,3.141045331954956055e+00
-5.634585022926330566e-01,4.366951465606689453e+00
-1.508620023727416992e+00,4.631970524787902832e-01
1.133543252944946289e+00,1.128788590431213379e+00
-2.590679645538330078e+00,1.848471403121948242e+00
-2.564997434616088867e+00,1.536345601081848145e+00
-1.571453928947448730e+00,4.988457858562469482e-01
1.484939694404602051e+00,-5.572706460952758789e-01
-2.795825898647308350e-01,2.685380697250366211e+00
6.656079292297363281e-01,2.956592559814453125e+00
-6.329067945480346680e-01,4.802888870239257812e+00
-2.263002157211303711e+00,1.557939946651458740e-01
3.034650325775146484e+00,1.999201536178588867e+00
-3.333757400512695312e+00,-2.201291799545288086e+00
6.597676873207092285e-01,-1.407525420188903809e+00
-8.107672929763793945e-01,-1.076271057128906250e+00
-1.166254758834838867e+00,3.019269227981567383e+00
-4.210074424743652344e+00,-4.709366858005523682e-01
-4.355997085571289062e+00,2.278787851333618164e+00
-3.433849811553955078e+00,-1.716705322265625000e+00
-1.459223866462707520e+00,-3.731153011322021484e-01
-1.193714380264282227e+00,5.064967632293701172e+00
1.745836377143859863e+00,1.390772104263305664e+00
-3.243357419967651367e+00,9.752082824707031250e-01
3.393777012825012207e-01,1.250959157943725586e+00
-3.456183195114135742e+00,1.199342489242553711e+00
-2.510652065277099609e+00,-1.195986509323120117e+00
2.221032083034515381e-01,-5.862051844596862793e-01
-3.450596630573272705e-01,2.853374481201171875e+00
2.626606225967407227e-01,-1.868316411972045898e+00
-1.746177554130554199e+00,6.853095293045043945e-01
8.959944248199462891e-01,3.255500316619873047e+00
-5.972745418548583984e-01,4.131608009338378906e+00
1.479539394378662109e+00,4.316398143768310547e+00
-2.137818098068237305e+00,4.525791168212890625e+00
-5.238958597183227539e-01,1.045267939567565918e+00
-4.664807796478271484e+00,3.434846699237823486e-01
1.421164870262145996e+00,6.641235351562500000e-01
9.287076592445373535e-01,3.240197420120239258e+00
-4.724753379821777344e+00,2.408269643783569336e+00
-9.125781059265136719e-01,1.601370692253112793e+00
-4.383980274200439453e+00,-6.899935603141784668e-01
-1.232011914253234863e+00,4.848695278167724609e+00
-1.213809013366699219e+00,3.338504552841186523e+00
-2.379415988922119141e+00,7.003995776176452637e-01
-2.745122194290161133e+00,-1.121245622634887695e+00
2.996046304702758789e+00,2.089974403381347656e+00
-9.439010024070739746e-01,2.127835750579833984e+00
1.326541543006896973e+00,2.037715435028076172e+00
-1.767814755439758301e+00,8.169432282447814941e-01
-6.155191063880920410e-01,3.168570518493652344e+00
4.510806798934936523e-01,-3.943665027618408203e-01
-1.666060328483581543e+00,1.629423141479492188e+00
-8.963375091552734375e-01,-6.754432320594787598e-01
-2.987323999404907227e+00,-1.643647998571395874e-01
2.793849229812622070e+00,2.877536296844482422e+00
-3.278149604797363281e+00,1.966585278511047363e+00
-1.459687471389770508e+00,1.601564049720764160e+00
-3.113725423812866211e+00,-1.013536676764488220e-01
-2.725046396255493164e+00,-1.284749507904052734e+00
-7.321286201477050781e-02,4.706482410430908203e+00
1.655526638031005859e+00,4.228277206420898438e+00
3.215219020843505859e+00,4.902597069740295410e-01
-6.318737864494323730e-01,1.664058208465576172e+00
-1.999045163393020630e-01,1.987281441688537598e+00
2.643812179565429688e+00,-3.231540918350219727e-01
-4.724218368530273438e+00,2.438147068023681641e+00
-2.310798466205596924e-01,2.563046216964721680e+00
7.289784550666809082e-01,4.711510658264160156e+00
1.575644969940185547e+00,3.652043342590332031e+00
-2.095659494400024414e+00,-1.955245733261108398e+00
-2.381539821624755859e+00,1.133950710296630859e+00
8.695841431617736816e-01,-7.400700449943542480e-01
3.052907228469848633e+00,1.129825711250305176e+00
-4.399063110351562500e+00,-1.158226251602172852e+00
1.983808636665344238e+00,5.967866778373718262e-01
5.616744756698608398e-01,4.144322872161865234e-02
-4.188689708709716797e+00,-8.932242393493652344e-01
1.798754036426544189e-01,1.755451798439025879e+00
-6.249413490295410156e-01,-1.862957835197448730e+00
-4.615006923675537109e+00,3.649510443210601807e-01
-2.869638204574584961e+00,2.832352399826049805e+00
1.579731106758117676e+00,1.778692603111267090e+00
1.689291477203369141e+00,1.877242684364318848e+00
-1.901008963584899902e+00,2.531128406524658203e+00
-2.001937627792358398e+00,1.441017866134643555e+00
1.144855618476867676e-01,3.175150156021118164e+00
-2.657968521118164062e+00,3.722410798072814941e-01
-1.631803154945373535e+00,-1.111641526222229004e+00
-6.654677987098693848e-01,2.463326692581176758e+00
-2.661328554153442383e+00,1.219516754150390625e+00
9.476795792579650879e-01,-8.197771012783050537e-02
-3.330953359603881836e+00,-2.344731330871582031e+00
1.715859770774841309e+00,3.304919481277465820e+00
-1.177464962005615234e+00,-3.630429983139038086e+00
9.729262590408325195e-01,-1.818704605102539062e+00
-4.177354872226715088e-01,3.485604524612426758e+00
-6.086241006851196289e-01,4.359947681427001953e+00
-3.490617752075195312e+00,1.720876574516296387e+00
2.070497274398803711e+00,-9.195501804351806641e-01
-2.966275671496987343e-03,2.578923463821411133e+00
-3.913980007171630859e+00,1.182966113090515137e+00
1.951223254203796387e+00,1.353529334068298340e+00
-3.119343519210815430e+00,2.616460800170898438e+00
4.256025552749633789e-01,3.047231912612915039e+00
-3.046268224716186523e+00,2.795180976390838623e-01
6.910914182662963867e-01,1.163062691688537598e+00
-4.722333908081054688e+00,1.722751110792160034e-01
1.436381459236145020e+00,-2.156868875026702881e-01
1.314887046813964844e+00,6.795222163200378418e-01
4.657363891601562500e-01,4.976366519927978516e+00
-2.191080331802368164e+00,2.699560880661010742e+00
1.047101497650146484e+00,2.576059818267822266e+00
-9.579314589500427246e-01,2.990180969238281250e+00
-1.779730916023254395e+00,-9.478392601013183594e-01
5.383427143096923828e-01,3.325041234493255615e-01
-2.200348615646362305e+00,1.675432443618774414e+00
4.193975925445556641e-01,3.544177412986755371e-01
-4.442764282226562500e+00,-1.108997106552124023e+00
-9.343568086624145508e-01,1.497335672378540039e+00
5.498840808868408203e-01,2.626197814941406250e+00
-4.190650582313537598e-01,-2.626397609710693359e-01
-4.929178953170776367e-01,3.816643238067626953e+00
-3.589683532714843750e+00,3.512802600860595703e+00
4.033532738685607910e-01,3.732881546020507812e+00
1.783511400222778320e+00,4.112958431243896484e+00
1.194203853607177734e+00,3.053151845932006836e+00
-2.663955211639404297e+00,2.819459438323974609e+00
-4.119029521942138672e+00,2.056901529431343079e-02
-1.970066905021667480e+00,-6.409901380538940430e-01
-2.302765369415283203e+00,3.852657079696655273e-01
-1.919809460639953613e+00,4.882831096649169922e+00
-1.428420990705490112e-01,4.250232219696044922e+00
-9.520214200019836426e-01,5.041285157203674316e-01
-8.079164624214172363e-01,3.871831297874450684e-01
4.214110374450683594e-01,2.541735649108886719e+00
-6.243798732757568359e-01,4.058221340179443359e+00
-4.269389629364013672e+00,1.777362465858459473e+00
-1.613177537918090820e+00,-1.032438039779663086e+00
1.596749782562255859e+00,-5.342116355895996094e-01
3.828635215759277344e-01,4.773920476436614990e-01
-1.607145309448242188e+00,4.851434707641601562e+00
1.794783949851989746e+00,-3.258950114250183105e-01
1.573688268661499023e+00,3.641054630279541016e+00
-1.107996463775634766e+00,-8.419681787490844727e-01
2.638857603073120117e+00,1.287060856819152832e+00
-3.222064495086669922e+00,2.030012130737304688e+00
-2.624418020248413086e+00,-3.084732532501220703e+00
-1.522830367088317871e+00,-1.392302393913269043e+00
-7.009285688400268555e-01,9.879478812217712402e-01
-1.986917257308959961e+00,2.179452657699584961e+00
3.289979994297027588e-01,4.172843456268310547e+00
6.731833219528198242e-01,1.941951870918273926e+00
2.484923124313354492e+00,5.545171499252319336e-01
-1.872158646583557129e-01,-8.572757840156555176e-01
-2.234631538391113281e+00,3.079719066619873047e+00
-2.355650424957275391e+00,2.042426347732543945e+00
1.513386368751525879e+00,2.657779693603515625e+00
-4.779402256011962891e+00,-1.016685485839843750e+00
-3.202558040618896484e+00,-1.094020605087280273e+00
-1.532315611839294434e+00,-7.459428310394287109e-01
-2.009802579879760742e+00,3.904709100723266602e+00
-2.769008874893188477e+00,1.618283152580261230e+00
1.380611062049865723e-01,1.356575012207031250e+00
-4.615588113665580750e-02,3.718188047409057617e+00
2.166566252708435059e-01,2.313615381717681885e-01
-3.725644350051879883e+00,2.488077402114868164e+00
-8.671509623527526855e-01,2.483512401580810547e+00
-4.364188671112060547e+00,1.422485351562500000e+00
-2.213699817657470703e+00,7.707867026329040527e-01
-2.677130460739135742e+00,2.812272310256958008e+00
4.147732555866241455e-01,1.442185282707214355e+00
-3.701633453369140625e+00,8.545988798141479492e-01
8.684372901916503906e-01,1.163172602653503418e+00
-3.547321557998657227e+00,5.818181633949279785e-01
2.067520141601562500e+00,2.824495315551757812e+00
-2.210207462310791016e+00,3.682485222816467285e-01
-4.398907184600830078e+00,1.815466642379760742e+00
-3.639777421951293945e+00,6.440550088882446289e-01
8.525433540344238281e-01,7.817152142524719238e-01
-5.228052139282226562e+00,9.437402486801147461e-01
-4.562000274658203125e+00,2.393899917602539062e+00
-3.642459809780120850e-01,3.560982704162597656e+00
1.614625811576843262e+00,2.329046010971069336e+00
6.195520758628845215e-01,2.923806667327880859e+00
-3.443984389305114746e-01,-2.727213501930236816e-01
9.277234077453613281e-01,2.313121318817138672e+00
-3.419754028320312500e+00,-2.850883483886718750e+00
-3.778075456619262695e+00,8.713217377662658691e-01
-5.022895812988281250e+00,5.125159025192260742e-01
-1.126462221145629883e+00,-5.973012447357177734e-01
-3.454935073852539062e+00,2.986890316009521484e+00
-2.818055868148803711e+00,3.577524423599243164e+00
-3.487206220626831055e+00,4.128970801830291748e-01
-1.141061782836914062e+00,3.442190647125244141e+00
2.235035181045532227e+00,-1.001480460166931152e+00
-7.423760294914245605e-01,4.260818481445312500e+00
8.401690721511840820e-01,2.857061862945556641e+00
1.335179448127746582e+00,4.195055484771728516e+00
-6.708272099494934082e-01,-1.989894628524780273e+00
-1.685109376907348633e+00,1.068293452262878418e+00
2.534163951873779297e+00,4.865300282835960388e-02
-3.129317045211791992e+00,-3.385532796382904053e-01
1.813947558403015137e+00,8.863675594329833984e-01
-3.969079732894897461e+00,1.139182209968566895e+00
2.079622983932495117e+00,2.204489469528198242e+00
-1.536062598228454590e+00,7.001842260360717773e-01
-1.698183298110961914e+00,-1.169347882270812988e+00
-3.369446754455566406e+00,1.155796527862548828e+00
-9.277240633964538574e-01,-3.428895175457000732e-01
1.305485486984252930e+00,3.437385082244873047e+00
-1.495662927627563477e+00,4.278684616088867188e+00
-2.631271362304687500e+00,-2.223718643188476562e+00
-3.722532749176025391e+00,3.498143911361694336e+00
-2.354585409164428711e+00,3.367324590682983398e+00
1.435882329940795898e+00,3.451327800750732422e+00
1.630717158317565918e+00,3.302181959152221680e+00
-2.144745588302612305e+00,3.376073241233825684e-01
-3.100635528564453125e+00,1.641022920608520508e+00
-3.809878587722778320e+00,8.651407063007354736e-02
3.371340036392211914e-01,3.760044097900390625e+00
1.390160083770751953e+00,2.176792860031127930e+00
9.832961559295654297e-01,3.332788467407226562e+00
1.007401704788208008e+00,4.352616786956787109e+00
2.989364624023437500e+00,1.091231480240821838e-01
-2.204503059387207031e+00,2.960075378417968750e+00
-1.803938269615173340e+00,4.105111122131347656e+00
-2.734236240386962891e+00,2.793175458908081055e+00
-3.589349031448364258e+00,2.606186628341674805e+00
2.963940620422363281e+00,1.998487591743469238e+00
-9.591208100318908691e-01,4.978459358215332031e+00
-2.557001352310180664e+00,3.443772792816162109e+00
-3.243429899215698242e+00,1.217781424522399902e+00
-2.607236385345458984e+00,-2.250985383987426758e+00
7.427619099617004395e-01,4.114882469177246094e+00
7.013638019561767578e-01,9.600364565849304199e-01
3.002061843872070312e+00,2.175704836845397949e-01
2.703879117965698242e+00,1.090409047901630402e-02
-4.488116264343261719e+00,1.356921434402465820e+00
-1.153722763061523438e+00,2.886585474014282227e+00
-2.398223638534545898e+00,6.750929355621337891e-01
3.846964836120605469e-01,1.958739757537841797e-01
-3.458486795425415039e+00,-2.169682979583740234e+00
1.862695574760437012e+00,2.670322418212890625e+00
-4.913568019866943359e+00,-1.002921104431152344e+00
-6.467102169990539551e-01,4.134689807891845703e+00
-3.982950448989868164e+00,2.198531627655029297e+00
-4.451990604400634766e+00,2.061539173126220703e+00
-1.893098473548889160e+00,4.154317080974578857e-01
-2.225336074829101562e+00,4.481695175170898438e+00
-2.580368995666503906e+00,-1.027275443077087402e+00
-3.222946882247924805e+00,2.103873729705810547e+00
-3.980644702911376953e+00,3.458677291870117188e+00
-2.704555034637451172e+00,2.267616510391235352e+00
-2.806126832962036133e+00,2.951364219188690186e-01
-1.253345251083374023e+00,4.020731925964355469e+00
-1.038599610328674316e+00,2.934687852859497070e+00
-3.696125268936157227e+00,-8.315538763999938965e-01
-2.240120887756347656e+00,-3.600636005401611328e+00
-1.282066941261291504e+00,7.922501564025878906e-01
2.667374372482299805e+00,1.900596499443054199e+00
-2.295104265213012695e+00,2.801369428634643555e+00
-3.923439025878906250e+00,-1.679709315299987793e+00
1.675712108612060547e+00,3.553345918655395508e+00
3.038847208023071289e+00,1.012221276760101318e-01
-2.477063179016113281e+00,-3.635096311569213867e+00
3.080261945724487305e-01,3.018732547760009766e+00
1.831080436706542969e+00,1.787472248077392578e+00
-8.495227098464965820e-01,-2.682480812072753906e-01
-4.200335502624511719e+00,-5.714499354362487793e-01
-3.413371801376342773e+00,1.800940752029418945e+00
-2.091309070587158203e+00,2.234976291656494141e+00
2.415018826723098755e-01,1.814585685729980469e+00
2.346746444702148438e+00,2.382325410842895508e+00
-4.002137184143066406e-01,3.062668323516845703e+00
2.826205730438232422e+00,1.285536408424377441e+00
-3.959406614303588867e+00,-2.918672561645507812e-02
-4.218563079833984375e+00,3.933313190937042236e-01
-2.651653528213500977e+00,-3.285722574219107628e-03
-4.984355270862579346e-01,3.080723047256469727e+00
-3.246885776519775391e+00,2.549705028533935547e+00
-1.600969314575195312e+00,8.785355836153030396e-02
-3.753712654113769531e+00,1.478608399629592896e-01
-1.924732208251953125e+00,-2.908349275588989258e+00
-1.380945324897766113e+00,3.428588390350341797e+00
-1.906219720840454102e+00,4.739796638488769531e+00
-1.511205285787582397e-01,3.736593008041381836e+00
-4.618357658386230469e+00,1.238100528717041016e+00
1.433871686458587646e-01,-2.814665079116821289e+00
-1.030304208397865295e-01,1.767452120780944824e+00
-1.853604614734649658e-02,4.671656608581542969e+00
-2.224158287048339844e+00,2.080050945281982422e+00
2.367220401763916016e+00,8.483684062957763672e-01
-2.218940734863281250e+00,8.330136537551879883e-01
-1.513986706733703613e+00,2.128833770751953125e+00
1.100978732109069824e+00,1.179069638252258301e+00
-4.902767181396484375e+00,5.331997871398925781e-01
-4.724224090576171875e+00,2.464615821838378906e+00
8.256413042545318604e-02,-4.672216624021530151e-02
-4.747906327247619629e-01,-3.795571029186248779e-01
1.061933636665344238e+00,3.230798244476318359e+00
2.234305858612060547e+00,3.391977071762084961e+00
-3.722915410995483398e+00,3.587117910385131836e+00
-6.776496022939682007e-02,4.166098117828369141e+00
-5.955195426940917969e-02,3.765860319137573242e+00
-3.225403308868408203e+00,-8.400869369506835938e-01
3.002907514572143555e+00,2.123144149780273438e+00
3.474308550357818604e-01,2.573301792144775391e+00
1.727671027183532715e+00,-4.391439855098724365e-01
-3.576666116714477539e-01,3.745385408401489258e+00
-1.284468173980712891e+00,-1.424538612365722656e+00
-4.175421714782714844e+00,9.528586864471435547e-01
7.634786963462829590e-01,1.913034558296203613e+00
-7.622247189283370972e-02,-2.983982086181640625e+00
4.675849378108978271e-01,3.844555139541625977e+00
-1.731529355049133301e+00,-1.073575973510742188e+00
-3.559082746505737305e+00,-1.179600581526756287e-01
2.552462100982666016e+00,-3.608081489801406860e-02
1.367590427398681641e+00,-1.584615826606750488e+00
1.579394340515136719e+00,3.043080270290374756e-01
-7.403021454811096191e-01,4.249801635742187500e+00
-2.687491416931152344e+00,-3.370834112167358398e+00
-1.077885627746582031e-01,1.042542934417724609e+00
-2.725243806838989258e+00,1.560671687126159668e+00
2.379707574844360352e+00,8.168452382087707520e-01
-2.788346767425537109e+00,2.755790472030639648e+00
8.599534034729003906e-01,2.636553049087524414e+00
-7.192391753196716309e-01,4.884495258331298828e+00
-3.748548269271850586e+00,-9.647709727287292480e-01
-3.259437084197998047e+00,2.241454124450683594e-01
-2.794941186904907227e+00,1.211544752120971680e+00
9.602963924407958984e-01,-1.757392168045043945e+00
8.285530209541320801e-01,2.517728090286254883e+00
-5.345335006713867188e+00,8.208760619163513184e-01
2.399868726730346680e+00,9.083669781684875488e-01
-3.891500473022460938e+00,2.321909666061401367e+00
-2.369502067565917969e+00,2.015537500381469727e+00
2.696846485137939453e+00,1.179853916168212891e+00
4.759733006358146667e-02,9.493854641914367676e-01
-1.566262602806091309e+00,3.944060564041137695e+00
9.711216688156127930e-01,-6.337163448333740234e-01
-3.959476947784423828e+00,2.704634428024291992e+00
1.590501427650451660e+00,4.614375233650207520e-01
7.307271957397460938e-01,6.804447770118713379e-01
1.420974254608154297e+00,1.151716828346252441e+00
1.013169646263122559e+00,3.134557008743286133e+00
-4.039877891540527344e+00,-1.635659337043762207e+00
-1.453643739223480225e-01,4.611101627349853516e+00
-3.832956790924072266e+00,2.633955717086791992e+00
-3.000830650329589844e+00,1.342504739761352539e+00
5.052493810653686523e-01,3.325941324234008789e+00
-2.011550188064575195e+00,-3.377159595489501953e+00
9.472752213478088379e-01,-5.890896320343017578e-01
-2.192688465118408203e+00,4.468736052513122559e-01
1.669472098350524902e+00,3.214287519454956055e+00
-2.676744461059570312e+00,-2.168136984109878540e-01
-8.937989473342895508e-01,4.128624439239501953e+00
-1.881316184997558594e+00,1.391571879386901855e+00
-2.897041320800781250e+00,3.352142333984375000e+00
-4.345800876617431641e+00,-6.864382028579711914e-01
6.567209959030151367e-01,2.681910514831542969e+00
-2.546208143234252930e+00,2.894857645034790039e+00
-1.692165374755859375e+00,-7.134187817573547363e-01
1.443846106529235840e+00,4.326857089996337891e+00
-3.287679672241210938e+00,-6.112783551216125488e-01
1.836549639701843262e+00,4.420841217041015625e+00
-1.726354241371154785e+00,-1.089725613594055176e+00
-2.018261671066284180e+00,-3.353443384170532227e+00
-5.707153677940368652e-01,4.940039515495300293e-01
-4.590808391571044922e+00,9.904188513755798340e-01
-2.481982231140136719e+00,3.412067294120788574e-01
1.672401428222656250e+00,1.772777199745178223e+00
2.750652074813842773e+00,-1.518254727125167847e-01
1.422573208808898926e+00,2.845360279083251953e+00
-3.955799818038940430e+00,2.535704612731933594e+00
-3.057975172996520996e-01,3.746028617024421692e-02
-1.032230854034423828e+00,2.650857925415039062e+00
-2.601420402526855469e+00,2.013918399810791016e+00
-1.784875988960266113e+00,2.662411451339721680e+00
-9.439359307289123535e-01,2.213409185409545898e+00
-2.032603025436401367e+00,2.094627380371093750e+00
6.433584094047546387e-01,2.673279643058776855e-01
-2.518557548522949219e+00,3.375852823257446289e+00
-3.323469161987304688e+00,-4.498993158340454102e-01
-5.317547321319580078e-01,7.529238462448120117e-01
-8.727985620498657227e-01,2.816286563873291016e+00
-7.249145507812500000e-01,1.396546006202697754e+00
-1.039963960647583008e+00,-2.344934701919555664e+00
-4.550868034362792969e+00,1.689345121383666992e+00
1.751384973526000977e+00,2.021141290664672852e+00
-1.043292045593261719e+00,2.632382869720458984e+00
-1.936083078384399414e+00,1.583123564720153809e+00
-3.361577510833740234e+00,3.245134115219116211e+00
-5.124363422393798828e+00,4.218486249446868896e-01
-3.544321537017822266e+00,-2.216123342514038086e+00
-3.385951757431030273e+00,1.315093994140625000e+00
-2.046784639358520508e+00,2.487409591674804688e+00
-2.347018718719482422e+00,-8.818618208169937134e-02
-3.628636002540588379e-01,9.653831124305725098e-01
-3.880935668945312500e+00,-1.237515687942504883e+00
-2.889447689056396484e+00,-4.426991045475006104e-01
3.704062998294830322e-01,3.182670116424560547e+00
-2.895290613174438477e+00,-6.346639394760131836e-01
1.541553020477294922e+00,1.030419707298278809e+00
2.067494153976440430e+00,3.345665216445922852e+00
-3.455910384654998779e-01,1.111055374145507812e+00
-2.809324741363525391e+00,-1.969997137784957886e-01
1.728547573089599609e+00,2.156908035278320312e+00
2.100452482700347900e-01,-1.657493233680725098e+00
-1.977934360504150391e+00,-1.869289994239807129e+00
-1.861091136932373047e+00,4.401193141937255859e+00
-4.568616867065429688e+00,2.120851516723632812e+00
-3.661015748977661133e+00,3.431709051132202148e+00
-2.786822080612182617e+00,2.219865560531616211e+00
-3.276804208755493164e+00,7.384782433509826660e-01
-4.425349235534667969e+00,1.887555480003356934e+00
-2.807233333587646484e+00,2.705645084381103516e+00
3.105749130249023438e+00,2.045526504516601562e-01
-1.369789242744445801e+00,1.040221571922302246e+00
-3.887305021286010742e+00,-4.953500330448150635e-01
-1.156778693199157715e+00,3.974726200103759766e+00
-2.185824632644653320e+00,6.498784422874450684e-01
-2.449148893356323242e+00,1.107489585876464844e+00
-3.326057195663452148e+00,9.061535000801086426e-01
-2.000262975692749023e+00,4.846190929412841797e+00
-1.669647336006164551e+00,2.904343128204345703e+00
-1.369132399559020996e+00,1.547016024589538574e+00
4.424458742141723633e-01,1.976823449134826660e+00
-7.604225277900695801e-01,4.221112251281738281e+00
-5.284649729728698730e-01,2.317173480987548828e-01
-1.882224798202514648e+00,4.806206703186035156e+00
-7.744759321212768555e-01,4.055748462677001953e+00
-2.967311859130859375e+00,2.567829132080078125e+00
2.149185091257095337e-01,1.732783436775207520e+00
5.194037556648254395e-01,7.714497447013854980e-01
-3.145935833454132080e-01,3.848307847976684570e+00
2.392443418502807617e+00,-2.147358506917953491e-01
-3.514658689498901367e+00,2.319004684686660767e-01
-4.316565513610839844e+00,-1.310456693172454834e-01
-6.231887340545654297e-01,-9.400427341461181641e-01
-1.188394069671630859e+00,2.146958827972412109e+00
-9.974346756935119629e-01,3.797222137451171875e+00
3.077659904956817627e-01,4.998341560363769531e+00
-1.080848217010498047e+00,3.166663646697998047e+00
1.804177403450012207e+00,2.789704561233520508e+00
-3.990784168243408203e+00,-2.384543716907501221e-01
-1.523369550704956055e+00,3.130410015583038330e-01
-3.897470474243164062e+00,-2.514294087886810303e-01
-1.133475184440612793e+00,-1.402322292327880859e+00
2.371321678161621094e+00,-2.435197830200195312e-01
-2.482722997665405273e+00,3.485024690628051758e+00
4.752714633941650391e-01,1.447372555732727051e+00
-2.890440464019775391e+00,1.069796830415725708e-01
-3.526360988616943359e+00,-2.143407344818115234e+00
-8.704129457473754883e-01,3.132007122039794922e+00
1.650921702384948730e+00,3.528046369552612305e+00
-1.828974008560180664e+00,8.998392522335052490e-02
2.190949201583862305e+00,-1.081801295280456543e+00
-1.034453988075256348e+00,3.730175018310546875e+00
-1.948457598686218262e+00,1.721255183219909668e+00
-6.093971133232116699e-01,4.214987754821777344e+00
-3.137392282485961914e+00,-6.091768741607666016e-01
-1.001306056976318359e+00,2.930800914764404297e+00
1.074752092361450195e+00,3.799879074096679688e+00
-2.978726863861083984e+00,-6.192725896835327148e-01
2.283424615859985352e+00,1.582536220550537109e+00
1.049851059913635254e+00,-1.416618585586547852e+00
2.081038802862167358e-02,7.528927326202392578e-01
-3.088630139827728271e-01,-2.029590755701065063e-01
-2.678763568401336670e-01,2.544049263000488281e+00
-3.967031240463256836e+00,-2.857186198234558105e-01
2.230638980865478516e+00,-9.615033268928527832e-01
-3.156296014785766602e-01,4.646152019500732422e+00
-1.299837470054626465e+00,2.518021345138549805e+00
-1.527388691902160645e+00,3.068511724472045898e+00
-4.129399955272674561e-01,2.539120197296142578e+00
-4.892303943634033203e+00,-1.053908348083496094e+00
-2.069000244140625000e+00,1.323607206344604492e+00
1.209438800811767578e+00,9.493329524993896484e-01
-2.065926551818847656e+00,-7.478142380714416504e-01
2.985407829284667969e+00,9.668106436729431152e-01
-3.491566896438598633e+00,-2.216485738754272461e+00
-2.951517581939697266e+00,-1.899825572967529297e+00
-3.455262660980224609e+00,-2.169784605503082275e-01
-4.575572311878204346e-01,3.872951745986938477e+00
1.088137030601501465e+00,2.857491493225097656e+00
1.296544820070266724e-01,2.930694580078125000e+00
1.623137950897216797e+00,4.189573764801025391e+00
-3.662801742553710938e+00,3.451832771301269531e+00
8.640109747648239136e-02,2.594306468963623047e+00
8.726925253868103027e-01,4.701852798461914062e+00
5.735840201377868652e-01,1.696535229682922363e+00
-2.700497388839721680e+00,-3.408601999282836914e+00
1.951455473899841309e+00,6.492447257041931152e-01
-4.446404933929443359e+00,4.370654225349426270e-01
7.914658188819885254e-01,-1.026443764567375183e-01
3.388762176036834717e-01,4.312125205993652344e+00
1.034296870231628418e+00,3.341534137725830078e+00
-2.345963478088378906e+00,1.855986952781677246e+00
-4.198987483978271484e+00,7.609267830848693848e-01
-4.634914398193359375e-01,9.971472620964050293e-01
-5.332261562347412109e+00,3.635947778820991516e-02
-1.202590465545654297e+00,-1.048834443092346191e+00
-9.721434712409973145e-01,-3.581271648406982422e+00
2.119905710220336914e+00,2.778851509094238281e+00
7.045976519584655762e-01,2.140502929687500000e+00
-4.327207088470458984e+00,3.679675161838531494e-01
-9.814713001251220703e-01,-2.150623321533203125e+00
-9.972201585769653320e-01,2.328417539596557617e+00
1.626295089721679688e+00,4.523877143859863281e+00
-3.193749666213989258e+00,-4.821570813655853271e-01
-4.868838310241699219e+00,-9.067381620407104492e-01
-2.046213388442993164e+00,4.407341003417968750e+00
-1.725733637809753418e+00,1.060303211212158203e+00
-4.479991436004638672e+00,1.801546692848205566e+00
-3.255905389785766602e+00,-2.303105831146240234e+00
-9.352539181709289551e-01,2.295187115669250488e-01
3.464534878730773926e-01,2.284227371215820312e+00
-3.718718528747558594e+00,2.274759054183959961e+00
2.679237127304077148e+00,1.104411125183105469e+00
-2.657042264938354492e+00,-2.086867690086364746e-01
-4.569860935211181641e+00,8.406987190246582031e-01
3.563534021377563477e-01,2.163439750671386719e+00
1.337898373603820801e+00,-1.148537844419479370e-01
-1.827540993690490723e+00,1.472997665405273438e+00
-1.049047708511352539e-01,3.662109136581420898e+00
-1.541390657424926758e+00,-1.439296960830688477e+00
-6.119970083236694336e-01,9.914203882217407227e-01
-3.313156604766845703e+00,1.969610929489135742e+00
-3.238729238510131836e+00,-1.150714755058288574e+00
-4.795959949493408203e+00,-1.103825688362121582e+00
2.473751544952392578e+00,2.568469762802124023e+00
7.671188116073608398e-01,3.294520139694213867e+00
9.730483293533325195e-01,2.594904184341430664e+00
-6.328952908515930176e-01,-3.137485980987548828e-01
-2.967557907104492188e+00,5.399278402328491211e-01
-2.007254838943481445e+00,1.882977962493896484e+00
1.446525692939758301e+00,3.644434213638305664e+00
3.084831953048706055e+00,-4.135020375251770020e-01
-4.606363296508789062e+00,2.406200468540191650e-01
-4.671833992004394531e+00,-4.421447813510894775e-01
-1.930450916290283203e+00,2.053857088088989258e+00
6.622903048992156982e-02,2.511254072189331055e+00
-6.368548870086669922e-01,1.978846549987792969e+00
4.682833328843116760e-03,3.212959766387939453e+00
-1.963061571121215820e+00,2.195154905319213867e+00
-1.102087974548339844e+00,-1.109720945358276367e+00
-2.251198530197143555e+00,1.793726086616516113e+00
2.537796974182128906e+00,4.274127632379531860e-02
-6.076993942260742188e-01,4.839970588684082031e+00
2.704451382160186768e-01,-1.814343690872192383e+00
1.916837334632873535e+00,3.298833608627319336e+00
-1.316936612129211426e+00,-2.211116075515747070e+00
-2.148756265640258789e+00,1.455690622329711914e+00
-4.245949745178222656e+00,3.549060821533203125e-01
-3.233809709548950195e+00,-9.132421612739562988e-01
-5.073871612548828125e+00,6.413975358009338379e-01
5.798446536064147949e-01,3.673487305641174316e-01
-2.192671537399291992e+00,-3.826638460159301758e-01
7.835789918899536133e-01,2.826930999755859375e+00
1.743073225021362305e+00,1.728458166122436523e+00
1.132395505905151367e+00,1.448116302490234375e+00
4.557445943355560303e-01,2.796689033508300781e+00
1.076673150062561035e+00,-8.980836868286132812e-01
-2.203467845916748047e+00,9.208459854125976562e-01
-4.080046176910400391e+00,-6.469325721263885498e-02
-1.245885610580444336e+00,4.873652935028076172e+00
-1.963659524917602539e+00,8.113448023796081543e-01
-6.166602969169616699e-01,1.052629113197326660e+00
-1.826284885406494141e+00,1.273888468742370605e+00
2.296290159225463867e+00,3.587343931198120117e+00
-1.486339330673217773e+00,1.310579180717468262e+00
-1.849007010459899902e+00,-4.097399115562438965e-01
-1.028849840164184570e+00,3.397434949874877930e+00
-2.583738863468170166e-01,3.209038257598876953e+00
-3.947606086730957031e+00,-2.058999300003051758e+00
-5.511699914932250977e-01,-1.021297216415405273e+00
-1.890292286872863770e+00,-1.831890791654586792e-01
-2.206149339675903320e+00,-3.672306299209594727e+00
2.631444215774536133e+00,-1.043004989624023438e+00
-8.458787798881530762e-01,-2.803305089473724365e-01
-1.858936071395874023e+00,4.634077548980712891e+00
-4.168785095214843750e+00,-4.091078639030456543e-01
2.877824008464813232e-01,7.934457063674926758e-01
-8.745855093002319336e-01,3.316186189651489258e+00
1.089700460433959961e+00,1.179090976715087891e+00
2.052433729171752930e+00,2.212131500244140625e+00
-4.204339504241943359e+00,2.668034791946411133e+00
-4.567410945892333984e-01,-9.982842206954956055e-01
-1.505972743034362793e+00,2.353604793548583984e+00
-1.800243496894836426e+00,3.891471624374389648e+00
1.427858829498291016e+00,3.731188535690307617e+00
-3.396948337554931641e+00,2.068812608718872070e+00
6.156008839607238770e-01,3.763487815856933594e+00
-6.085492968559265137e-01,5.796195864677429199e-01
-5.191677093505859375e+00,-1.274126321077346802e-01
8.237870931625366211e-01,3.248585224151611328e+00
-2.445305109024047852e+00,-3.216197788715362549e-01
2.558358669281005859e+00,-1.488705873489379883e-01
1.325461745262145996e+00,2.980108022689819336e+00
-1.035292744636535645e-01,-8.019406795501708984e-01
-2.402210950851440430e+00,5.695052146911621094e-01
-1.817313909530639648e+00,3.135011911392211914e+00
8.756555318832397461e-01,3.042689085006713867e+00
-3.890977382659912109e+00,1.710966944694519043e+00
-3.336435556411743164e+00,1.880479454994201660e+00
-1.993471860885620117e+00,2.212891340255737305e+00
1.737199187278747559e+00,2.356494903564453125e+00
2.518112182617187500e+00,-1.165434956550598145e+00
1.304943799972534180e+00,2.851034641265869141e+00
-1.305637598037719727e+00,3.475699901580810547e+00
-2.080393552780151367e+00,2.097557306289672852e+00
-2.753816127777099609e+00,8.557715415954589844e-01
-9.974805116653442383e-01,3.744277715682983398e+00
1.859981179237365723e+00,1.257401227951049805e+00
1.648461818695068359e+00,-3.862001597881317139e-01
-4.236878395080566406e+00,-8.242025226354598999e-02
6.261961460113525391e-01,2.753789901733398438e+00
-2.699891328811645508e+00,-3.350598335266113281e+00
1.913347601890563965e+00,7.233896255493164062e-01
-4.399116516113281250e+00,2.085858583450317383e+00
9.467816948890686035e-01,-5.408164858818054199e-01
-2.596739053726196289e+00,1.289415001869201660e+00
-4.715524673461914062e+00,-3.498113155364990234e-01
-1.777628540992736816e+00,3.690043687820434570e+00
-2.887823820114135742e+00,3.605010986328125000e+00
-1.384334325790405273e+00,-6.067759394645690918e-01
-1.554753780364990234e+00,3.136520862579345703e+00
-9.735513925552368164e-01,2.334497869014739990e-01
-2.888306677341461182e-01,4.169372558593750000e+00
-7.289783954620361328e-01,2.856972932815551758e+00
-4.612091064453125000e+00,9.999583363533020020e-01
-1.613504767417907715e+00,4.646994113922119141e+00
-1.870289325714111328e+00,-1.140646576881408691e+00
-2.261355817317962646e-01,2.405615091323852539e+00
-4.383314132690429688e+00,-1.662903279066085815e-02
-2.877713680267333984e+00,2.475631713867187500e+00
-1.184503883123397827e-01,1.845908403396606445e+00
-4.094902515411376953e+00,-1.733936429023742676e+00
1.969842463731765747e-01,1.064627170562744141e+00
-3.219154119491577148e+00,-2.315834999084472656e+00
-1.692491292953491211e+00,1.249817609786987305e+00
2.971339941024780273e+00,1.116247892379760742e+00
-8.186875581741333008e-01,-2.093256078660488129e-02
1.428502678871154785e+00,1.146532297134399414e+00
2.773221015930175781e+00,-1.694772094488143921e-01
-7.033689618110656738e-01,3.797508001327514648e+00
-5.016060829162597656e+00,7.685260176658630371e-01
-3.495764732360839844e+00,1.388577938079833984e+00
-3.852813005447387695e+00,-1.927077621221542358e-01
2.122495889663696289e+00,1.001969933509826660e+00
5.881783962249755859e-01,1.174267530441284180e+00
4.092514514923095703e-01,3.008356690406799316e-01
-1.014328598976135254e+00,3.537604808807373047e+00
-1.965097904205322266e+00,3.957319021224975586e+00
-1.257905483245849609e+00,3.344877719879150391e+00
-6.208428740501403809e-01,1.354327440261840820e+00
-1.763947844505310059e+00,3.891046047210693359e+00
-1.786540031433105469e+00,4.655601978302001953e+00
1.145005106925964355e+00,3.678198337554931641e+00
-3.371579170227050781e+00,-1.742186546325683594e+00
2.615425109863281250e+00,2.062941312789916992e+00
-1.864357233047485352e+00,4.514570236206054688e+00
5.735232830047607422e-01,4.803310394287109375e+00
-2.414013862609863281e+00,1.121927797794342041e-01
-4.567657709121704102e-01,1.914936423301696777e+00
-4.298716545104980469e+00,-2.172481775283813477e+00
-4.369120121002197266e+00,-7.764083147048950195e-01
1.696297168731689453e+00,3.184021234512329102e+00
-2.200427532196044922e+00,-3.119170427322387695e+00
-4.852716326713562012e-01,2.004189729690551758e+00
-1.855367660522460938e+00,4.702898502349853516e+00
-9.616564512252807617e-01,3.156621456146240234e+00
9.684641361236572266e-01,1.008019447326660156e+00
8.499092459678649902e-01,1.140961408615112305e+00
-7.447575926780700684e-01,1.925094604492187500e+00
-1.993459582328796387e+00,4.650452136993408203e+00
-2.656324625015258789e+00,-3.391180753707885742e+00
-3.733783245086669922e+00,6.787036061286926270e-01
-1.958301544189453125e+00,8.561950922012329102e-01
6.847453117370605469e-01,3.155351638793945312e+00
-1.545339822769165039e+00,-9.501063823699951172e-02
-1.155510783195495605e+00,3.070049762725830078e+00
1.257302999496459961e+00,1.517197966575622559e+00
-4.787491798400878906e+00,2.021262496709823608e-01
1.845286369323730469e+00,1.926144719123840332e+00
2.706640958786010742e+00,1.998673915863037109e+00
-4.067917764186859131e-01,4.344498634338378906e+00
-4.550861358642578125e+00,1.565764069557189941e+00
8.438668847084045410e-01,4.205199718475341797e+00
-2.744044780731201172e+00,-1.184610962867736816e+00
-5.121194124221801758e-01,-2.427425468340516090e-03
3.006132543087005615e-01,4.558269977569580078e+00
-2.282954216003417969e+00,3.700644075870513916e-01
-3.709034919738769531e+00,7.223832607269287109e-01
-3.403429746627807617e+00,-2.283248901367187500e+00
-1.873538613319396973e+00,5.691201090812683105e-01
-2.552717737853527069e-02,1.209387302398681641e+00
-3.245392560958862305e+00,3.099662780761718750e+00
1.716940641403198242e+00,-3.277036845684051514e-01
-3.889492750167846680e+00,-1.300026059150695801e+00
1.266857832670211792e-01,2.165148258209228516e+00
-2.610676765441894531e+00,2.618630886077880859e+00
-1.873762011528015137e+00,5.485149621963500977e-01
-2.752485513687133789e+00,1.047927737236022949e+00
1.564509391784667969e+00,2.246705770492553711e+00
-8.550216555595397949e-01,8.249146938323974609e-01
-1.675732851028442383e+00,3.976961374282836914e+00
-2.771700143814086914e+00,-2.179764747619628906e+00
-2.907208919525146484e+00,1.176217555999755859e+00
2.234811544418334961e+00,2.105829238891601562e+00
-3.178248882293701172e+00,1.456012487411499023e+00
6.154068112373352051e-01,1.045187860727310181e-01
-4.424378871917724609e+00,-1.004851222038269043e+00
-2.815589189529418945e+00,-3.147366523742675781e+00
-3.235817432403564453e+00,-7.700074315071105957e-01
2.724061310291290283e-01,-5.147385597229003906e-01
-1.388124465942382812e+00,4.495689868927001953e+00
-1.449446320533752441e+00,1.453752636909484863e+00
-3.916610717773437500e+00,-1.598918437957763672e+00
-3.452328920364379883e+00,-2.741037905216217041e-01
2.137058734893798828e+00,1.260201454162597656e+00
-3.505848944187164307e-01,-2.103930860757827759e-01
5.996112823486328125e-01,2.769192695617675781e+00
-4.567876338958740234e+00,-1.090187430381774902e+00
-2.663916826248168945e+00,-3.310897111892700195e+00
2.472514867782592773e+00,-6.881503462791442871e-01
1.496139764785766602e+00,6.524173021316528320e-01
-1.699382543563842773e+00,-3.732720315456390381e-01
-9.557343125343322754e-01,-8.939176201820373535e-01
-3.258910402655601501e-02,3.116427659988403320e+00
-1.834558844566345215e+00,1.790138721466064453e+00
-3.854065895080566406e+00,3.592459678649902344e+00
-1.161047339439392090e+00,3.166497468948364258e+00
-4.004495620727539062e+00,-1.745228052139282227e+00
-3.603694438934326172e-01,2.893269062042236328e+00
-2.282181262969970703e+00,3.685876846313476562e+00
-2.523401021957397461e+00,9.979227185249328613e-01
-3.199328184127807617e+00,1.503823161125183105e+00
-1.701574325561523438e-01,1.827409386634826660e+00
-3.815973520278930664e+00,3.514455318450927734e+00
1.734827637672424316e+00,1.426089048385620117e+00
-2.619822740554809570e+00,2.420088768005371094e+00
-2.323032855987548828e+00,1.958816528320312500e+00
1.201251387596130371e+00,2.700199365615844727e+00
-2.686558961868286133e+00,-1.447971940040588379e+00
-3.199036121368408203e+00,2.496522478759288788e-02
-4.376196384429931641e+00,-6.464891433715820312e-01
-1.565218210220336914e+00,5.884424448013305664e-01
-3.886239290237426758e+00,3.297857046127319336e+00
-4.230392456054687500e+00,1.011356115341186523e+00
-1.995751619338989258e+00,1.356762554496526718e-02
-2.481319010257720947e-01,3.649596929550170898e+00
-2.727947235107421875e+00,-1.361008763313293457e+00
1.768414616584777832e+00,8.662018179893493652e-01
6.821284890174865723e-01,9.906308650970458984e-01
2.619738578796386719e+00,2.776504278182983398e+00
-5.287300348281860352e-01,-2.233673334121704102e-01
-5.267590880393981934e-01,4.390309333801269531e+00
-3.652743339538574219e+00,6.342584490776062012e-01
-4.090768814086914062e+00,1.114352107048034668e+00
-8.055251240730285645e-01,4.010852336883544922e+00
7.312287688255310059e-01,-9.310900568962097168e-01
-2.165665626525878906e-01,3.129833936691284180e+00
6.173933148384094238e-01,4.903624057769775391e+00
-4.150912761688232422e+00,2.381580591201782227e+00
1.062188386917114258e+00,4.395980358123779297e+00
-4.041265487670898438e+00,1.909077048301696777e+00
1.812181949615478516e+00,3.427836418151855469e+00
-1.003835916519165039e+00,2.815306663513183594e+00
-3.132633686065673828e+00,-5.926845073699951172e-01
-7.346544414758682251e-02,1.929073333740234375e+00
9.017598628997802734e-01,6.424819119274616241e-03
-2.499373197555541992e+00,-3.539967536926269531e+00
1.105660319328308105e+00,3.330585479736328125e+00
2.842207849025726318e-01,1.817656278610229492e+00
-2.093864202499389648e+00,-2.981567621231079102e+00
-1.030944213271141052e-01,1.138947367668151855e+00
-2.738346815109252930e+00,3.248936235904693604e-01
3.117701292037963867e+00,1.051712334156036377e-01
-3.499895334243774414e-01,2.964021205902099609e+00
-1.196261048316955566e+00,-5.005897954106330872e-02
1.697655916213989258e+00,4.604591369628906250e+00
-3.160828113555908203e+00,-5.512181520462036133e-01
3.173456788063049316e-01,-1.467286467552185059e+00
1.895343184471130371e+00,1.113506555557250977e+00
-3.799084901809692383e+00,4.731639027595520020e-01
2.160186052322387695e+00,2.774935007095336914e+00
-1.126961708068847656e+00,1.270031929016113281e-01
-2.598316669464111328e+00,-1.024019837379455566e+00
-9.500777721405029297e-01,4.904812812805175781e+00
-3.709092378616333008e+00,2.613265514373779297e+00
-2.681694030761718750e+00,-1.841085791587829590e+00
-1.054991483688354492e+00,2.051077365875244141e+00
-3.123759269714355469e+00,3.046560287475585938e+00
2.404268264770507812e+00,2.324238061904907227e+00
-2.066471815109252930e+00,-3.070433855056762695e+00
1.405628919601440430e-01,3.826630830764770508e+00
9.954245686531066895e-01,-8.363288640975952148e-01
-3.610346794128417969e+00,-8.864342570304870605e-01
-2.400448080152273178e-03,-1.209798336029052734e+00
-1.206377744674682617e+00,-2.381554126739501953e+00
-3.736979246139526367e+00,3.659921646118164062e+00
-1.226076483726501465e-01,1.115559339523315430e+00
-2.193301916122436523e+00,4.531553745269775391e+00
2.138227462768554688e+00,2.016114711761474609e+00
-2.826237201690673828e+00,6.276376247406005859e-01
2.355727434158325195e+00,-7.018064614385366440e-03
5.355959534645080566e-01,1.156909763813018799e-01
5.731310844421386719e-01,3.231593847274780273e+00
-7.413437962532043457e-01,6.878336071968078613e-01
-1.060184001922607422e+00,-5.649362802505493164e-01
-1.732852935791015625e+00,2.141477823257446289e+00
-3.213556528091430664e+00,1.328392386436462402e+00
-1.638327002525329590e+00,1.965708494186401367e+00
-3.457206010818481445e+00,1.683552980422973633e+00
-3.845767021179199219e+00,-2.461769342422485352e+00
7.997502386569976807e-02,2.543274641036987305e+00
-3.219809532165527344e+00,8.173877000808715820e-01
-1.307835936546325684e+00,4.885660648345947266e+00
-1.635424017906188965e+00,2.739533424377441406e+00
1.539294600486755371e+00,3.268882513046264648e+00
-7.672061324119567871e-01,2.411216497421264648e+00
-1.293017029762268066e+00,3.193649768829345703e+00
-3.210628986358642578e+00,2.526978254318237305e+00
-8.578561991453170776e-02,2.651324272155761719e+00
-3.244238615036010742e+00,3.486940860748291016e+00
-2.789382457733154297e+00,3.328222751617431641e+00
-7.266460061073303223e-01,3.906290292739868164e+00
-3.163151264190673828e+00,3.647070169448852539e+00
-2.612168788909912109e+00,1.747894048690795898e+00
-1.936494350433349609e+00,-3.115313291549682617e+00
-2.282858371734619141e+00,2.965709686279296875e+00
-2.857727050781250000e+00,6.633484959602355957e-01
-2.769075870513916016e+00,-8.266431093215942383e-02
-2.287456750869750977e+00,2.775429487228393555e+00
-7.837755680084228516e-01,4.005950927734375000e+00
-1.245239973068237305e+00,-1.022651672363281250e+00
1.048285961151123047e+00,1.419243454933166504e+00
1.778430223464965820e+00,3.567942142486572266e+00
1.856198549270629883e+00,4.368615150451660156e+00
-2.523889541625976562e+00,-1.197558641433715820e+00
2.348377943038940430e+00,2.377431154251098633e+00
-3.222116231918334961e+00,3.525234162807464600e-01
-1.622128486633300781e+00,-3.988309204578399658e-02
-5.111612796783447266e+00,1.544804811477661133e+00
-2.664034128189086914e+00,-2.847424745559692383e-01
7.179201841354370117e-01,8.785847574472427368e-02
-1.403221368789672852e+00,1.337939858436584473e+00
-3.791618108749389648e+00,-2.007632017135620117e+00
-1.854287505149841309e+00,4.941239058971405029e-01
-1.268027663230895996e+00,-1.218871474266052246e+00
-5.252488136291503906e+00,9.515714645385742188e-01
-2.749493360519409180e+00,6.828830838203430176e-01
-2.995727062225341797e+00,1.549580335617065430e+00
1.770931720733642578e+00,-2.503754198551177979e-01
1.346082687377929688e-01,1.667243480682373047e+00
-3.151595830917358398e+00,2.213750600814819336e+00
-1.792876720428466797e+00,5.794621109962463379e-01
-2.207703590393066406e+00,-4.227810539305210114e-03
-1.958631634712219238e+00,-7.707372903823852539e-01
-4.006401538848876953e+00,-2.128977060317993164e+00
-1.031076073646545410e+00,-3.604917049407958984e+00
1.258304595947265625e+00,4.031595230102539062e+00
-3.701663494110107422e+00,5.398983601480722427e-03
-3.080655932426452637e-01,3.051681041717529297e+00
4.176909923553466797e-01,2.733013153076171875e+00
7.028011679649353027e-01,-1.399327993392944336e+00
-5.600076913833618164e-01,1.701991319656372070e+00
-3.603454351425170898e+00,-9.219885468482971191e-01
-4.336289882659912109e+00,-1.356803894042968750e+00
-3.795969247817993164e+00,1.061969518661499023e+00
-1.423090457916259766e+00,7.565476894378662109e-01
1.519623756408691406e+00,-7.483917474746704102e-01
-1.248105764389038086e+00,5.010539054870605469e+00
-1.511469960212707520e+00,-6.927296519279479980e-01
-5.298877239227294922e+00,9.524469822645187378e-02
-3.281958103179931641e-01,4.225190356373786926e-02
9.915357828140258789e-01,-1.812910199165344238e+00
-9.499048441648483276e-02,2.024871826171875000e+00
-2.314020842313766479e-01,1.617433667182922363e+00
-3.924216747283935547e+00,1.555821418762207031e+00
-7.747452259063720703e-01,3.070051372051239014e-01
-1.300164222717285156e+00,4.957058429718017578e+00
-3.045618295669555664e+00,1.392221689224243164e+00
-4.016217231750488281e+00,1.342380404472351074e+00
-2.696593523025512695e+00,3.343177437782287598e-01
-2.335201978683471680e+00,1.339031696319580078e+00
-7.736976724117994308e-03,-1.105585217475891113e+00
-4.427682399749755859e+00,2.497270584106445312e+00
1.534625172615051270e+00,1.604136109352111816e+00
1.642246127128601074e+00,7.034859657287597656e-01
2.296109497547149658e-01,4.752672672271728516e+00
1.465151429176330566e+00,2.159706115722656250e+00
-3.322000741958618164e+00,-2.317074537277221680e+00
-2.271995306015014648e+00,4.157643795013427734e+00
2.629334032535552979e-01,5.111036300659179688e+00
2.281876564025878906e+00,1.523727536201477051e+00
1.551109433174133301e+00,-7.031716704368591309e-01
-2.248665332794189453e+00,-3.638877630233764648e+00
2.215075731277465820e+00,1.118253231048583984e+00
-3.259805679321289062e+00,-1.327602863311767578e+00
5.354751944541931152e-01,3.453991413116455078e+00
-2.333670616149902344e+00,1.320973873138427734e+00
2.137066841125488281e+00,-1.110772371292114258e+00
-1.298572897911071777e+00,4.184919223189353943e-02
-2.042796611785888672e+00,3.090132713317871094e+00
2.318280458450317383e+00,-3.239006400108337402e-01
5.258615016937255859e-01,1.709544539451599121e+00
-1.164953589439392090e+00,-3.615972042083740234e+00
-4.290683269500732422e+00,8.801088668406009674e-03
-1.511854529380798340e+00,2.472615242004394531e+00
3.281672239303588867e+00,7.747059315443038940e-02
-2.269182443618774414e+00,1.398447394371032715e+00
-3.952566623687744141e+00,-1.107282489538192749e-01
8.317335247993469238e-01,2.345976114273071289e+00
1.509171247482299805e+00,3.667159795761108398e+00
-8.991287648677825928e-02,6.968359351158142090e-01
-2.469798564910888672e+00,-9.537057876586914062e-01
1.651223421096801758e+00,4.418377280235290527e-01
-2.840887308120727539e+00,7.318306714296340942e-02
4.371277242898941040e-02,4.615624904632568359e+00
-3.728797912597656250e+00,1.793385505676269531e+00
-4.659751653671264648e-01,-6.526736617088317871e-01
-2.313164710998535156e+00,7.743674516677856445e-02
-4.066956043243408203e+00,-1.067965030670166016e+00
-7.310178875923156738e-01,1.399465799331665039e+00
6.354786753654479980e-01,2.355228424072265625e+00
1.004299759864807129e+00,3.328018188476562500e+00
8.975948691368103027e-01,-6.768118739128112793e-01
4.655663371086120605e-01,2.730405569076538086e+00
1.147665977478027344e+00,1.897559523582458496e+00
2.754268169403076172e+00,2.712263584136962891e+00
-3.807557106018066406e+00,-1.067206621170043945e+00
7.742906212806701660e-01,-5.013332515954971313e-02
2.000772237777709961e+00,4.781875908374786377e-01
-4.487952709197998047e+00,-3.391622304916381836e-01
-3.639455318450927734e+00,-2.720637321472167969e+00
9.711812138557434082e-01,9.635257124900817871e-01
-4.208914279937744141e+00,1.079232573509216309e+00
6.661174893379211426e-01,2.002914905548095703e+00
-2.278487682342529297e+00,-3.076577425003051758e+00
-3.164226114749908447e-01,4.721086978912353516e+00
-2.191901922225952148e+00,-3.636655330657958984e+00
-8.286842703819274902e-01,6.449534296989440918e-01
6.887952685356140137e-01,6.599550843238830566e-01
-4.564784526824951172e+00,1.271266222000122070e+00
-3.675724744796752930e+00,1.297001123428344727e+00
-2.529240608215332031e+00,9.407210350036621094e-01
1.652280449867248535e+00,1.147032976150512695e+00
-8.781588077545166016e-01,3.775715589523315430e+00
1.268507599830627441e+00,1.107024669647216797e+00
-3.019470453262329102e+00,3.795328736305236816e-01
5.587986707687377930e-01,-7.301543653011322021e-02
3.699008226394653320e-01,1.360421776771545410e+00
-2.781775236129760742e+00,2.380921840667724609e+00
7.060118317604064941e-01,1.978310495615005493e-01
2.655332088470458984e+00,2.708024263381958008e+00
1.736699581146240234e+00,1.710716724395751953e+00
-1.482077479362487793e+00,4.667983531951904297e+00
-1.739745378494262695e+00,3.757592678070068359e+00
-3.436806425452232361e-02,2.995406389236450195e+00
1.883901834487915039e+00,1.714363694190979004e+00
-4.590463638305664062e+00,2.517173528671264648e+00
2.640427649021148682e-01,2.714053153991699219e+00
-1.983349442481994629e+00,-3.128623962402343750e+00
1.493060588836669922e+00,4.624612808227539062e+00
-2.170981168746948242e+00,-1.027260944247245789e-01
-8.977902531623840332e-01,2.321832180023193359e+00
-3.908330917358398438e+00,2.183515787124633789e+00
9.462399482727050781e-01,2.362707376480102539e+00
-1.386416912078857422e+00,3.634155273437500000e+00
1.484503507614135742e+00,1.597456693649291992e+00
-1.307791024446487427e-01,2.265509366989135742e+00
9.350225329399108887e-01,2.880518734455108643e-01
-2.226714372634887695e+00,7.093783617019653320e-01
-1.967705249786376953e+00,1.228766798973083496e+00
-1.147062897682189941e+00,-3.599581718444824219e+00
-4.810510635375976562e+00,1.932843446731567383e+00
-1.269528627395629883e+00,1.923675775527954102e+00
-4.617991924285888672e+00,-3.134994804859161377e-01
1.038476586341857910e+00,-1.752702832221984863e+00
7.464317977428436279e-02,3.690559267997741699e-01
9.136632084846496582e-01,4.865756034851074219e+00
-2.961815595626831055e+00,1.475671529769897461e+00
-2.355418205261230469e+00,1.945778608322143555e+00
7.247413992881774902e-01,4.935442447662353516e+00
2.704849839210510254e-01,1.596337318420410156e+00
6.907612085342407227e-03,6.764188408851623535e-01
-3.918009519577026367e+00,1.231871962547302246e+00
-3.512308120727539062e+00,-7.386416792869567871e-01
-1.534272432327270508e+00,4.160276889801025391e+00
-1.839868307113647461e+00,-3.132780551910400391e+00
3.952017426490783691e-01,1.818035006523132324e+00
-3.415189981460571289e+00,1.822080463171005249e-01
5.232287645339965820e-01,1.028519153594970703e+00
-3.438960611820220947e-01,3.227104663848876953e+00
-4.186687469482421875e-01,4.302914619445800781e+00
-5.239805698394775391e+00,6.327295899391174316e-01
2.309765815734863281e+00,2.235733032226562500e+00
-1.611385583877563477e+00,4.078936100006103516e+00
-3.854244709014892578e+00,-2.479765653610229492e+00
-1.165526866912841797e+00,-3.646987438201904297e+00
1.323841571807861328e+00,6.121284365653991699e-01
-2.672173976898193359e+00,-1.181108713150024414e+00
2.794249653816223145e-01,3.236967563629150391e+00
-4.733915328979492188e+00,1.955899953842163086e+00
5.177890658378601074e-01,3.525187015533447266e+00
-1.416365265846252441e+00,3.534428596496582031e+00
1.533637642860412598e+00,4.135966777801513672e+00
5.441961288452148438e-01,1.192339658737182617e+00
-2.596788167953491211e+00,-1.006780028343200684e+00
-4.844947814941406250e+00,-9.222503304481506348e-01
5.795626044273376465e-01,1.924565285444259644e-01
1.830666065216064453e-01,1.597787499427795410e+00
1.292927503585815430e+00,1.581967234611511230e+00
2.510768175125122070e+00,1.985850930213928223e+00
3.096639215946197510e-01,1.772231698036193848e+00
-2.830714941024780273e+00,3.327319622039794922e+00
1.300394177436828613e+00,3.543544709682464600e-01
-3.891912698745727539e+00,3.665833473205566406e+00
-4.364143848419189453e+00,1.775315880775451660e+00
-3.125521183013916016e+00,2.061098814010620117e+00
-8.308877795934677124e-02,1.794959783554077148e+00
-5.183272957801818848e-01,3.954152107238769531e+00
-4.328647136688232422e+00,-2.180438518524169922e+00
-4.886600971221923828e+00,5.345844030380249023e-01
-1.332476973533630371e+00,3.713352918624877930e+00
1.600676774978637695e+00,4.142143726348876953e+00
2.647318124771118164e+00,-5.693266168236732483e-03
-4.457887649536132812e+00,2.235485315322875977e+00
1.302774157375097275e-02,2.351273298263549805e+00
-1.912873864173889160e+00,-3.529275894165039062e+00
-3.479868888854980469e+00,2.962114095687866211e+00
-1.221801042556762695e+00,3.852152109146118164e+00
-3.902676582336425781e+00,-2.544554948806762695e+00
-3.820002079010009766e+00,-2.574596643447875977e+00
-2.075036287307739258e+00,2.768328666687011719e+00
1.542962312698364258e+00,1.212675049901008606e-01
5.380691885948181152e-01,4.701896190643310547e+00
-1.222165107727050781e+00,4.896230220794677734e+00
-1.404776334762573242e+00,-2.379169464111328125e+00
1.676345348358154297e+00,2.653566122055053711e+00
-1.472454309463500977e+00,1.344757676124572754e+00
-3.481533527374267578e+00,4.140881299972534180e-01
-2.715072870254516602e+00,6.257333159446716309e-01
-3.780359625816345215e-01,7.359493374824523926e-01
1.326730847358703613e+00,-1.160080552101135254e+00
1.475295871496200562e-01,-2.811710596084594727e+00
-4.112375259399414062e+00,9.828271865844726562e-01
1.220773220062255859e+00,1.824490785598754883e+00
-2.964664459228515625e+00,-1.678532510995864868e-01
-5.643467232584953308e-02,-2.179843902587890625e+00
2.800444602966308594e+00,-2.282143533229827881e-01
-1.338484406471252441e+00,4.893198490142822266e+00
9.749672412872314453e-01,7.648236751556396484e-01
-3.920453786849975586e+00,-1.972134113311767578e+00
-3.681940138339996338e-01,1.743548989295959473e+00
-2.998397350311279297e-01,3.919753313064575195e+00
-1.841190695762634277e+00,-3.095278263092041016e+00
-1.055152058601379395e+00,1.541135907173156738e-01
-3.234216213226318359e+00,-2.323140621185302734e+00
-5.329112529754638672e+00,1.735888868570327759e-01
1.878022432327270508e+00,1.692356109619140625e+00
-3.600069761276245117e+00,2.786267757415771484e+00
-1.554788351058959961e+00,9.145927429199218750e-01
-1.307454407215118408e-01,-4.510315880179405212e-02
-2.814851045608520508e+00,-2.124617844820022583e-01
1.013808608055114746e+00,7.846257686614990234e-01
1.847842574119567871e+00,2.395767211914062500e+00
6.541079282760620117e-01,1.991270661354064941e+00
1.519018411636352539e+00,2.297332763671875000e+00
2.239681005477905273e+00,3.640252113342285156e+00
1.885803192853927612e-01,2.232936382293701172e+00
3.056969344615936279e-01,2.086807966232299805e+00
-2.216415882110595703e+00,4.425801277160644531e+00
1.567120313644409180e+00,8.556113243103027344e-01
-1.390700787305831909e-01,3.717316627502441406e+00
2.495087146759033203e+00,1.374217987060546875e+00
1.532575786113739014e-01,7.445849180221557617e-01
-3.699909925460815430e+00,9.198315739631652832e-01
-4.610072135925292969e+00,1.217986941337585449e+00
-2.911726713180541992e+00,2.568989515304565430e+00
6.710273623466491699e-01,3.713213682174682617e+00
-5.132917404174804688e+00,2.932853698730468750e-01
-1.762092113494873047e+00,1.752460837364196777e+00
1.014198899269104004e+00,2.687834501266479492e+00
2.517458438873291016e+00,-1.322097033262252808e-01
-1.640556335449218750e+00,3.872104287147521973e-01
4.437213838100433350e-01,-1.508961558341979980e+00
-1.573926359415054321e-01,4.830358982086181641e+00
-4.156406402587890625e+00,-7.867771387100219727e-01
-2.456381559371948242e+00,-1.126128528267145157e-02
2.207144260406494141e+00,3.353521823883056641e+00
2.504621505737304688e+00,8.581449985504150391e-01
9.304884672164916992e-01,-1.656707525253295898e+00
2.498050689697265625e+00,2.780894279479980469e+00
9.775927662849426270e-01,3.640801191329956055e+00
-2.187258601188659668e-01,4.118872642517089844e+00
1.247871160507202148e+00,4.655416905879974365e-01
-3.939450502395629883e+00,2.379883289337158203e+00
-1.761842250823974609e+00,-1.075040176510810852e-01
9.758368730545043945e-01,-9.296326637268066406e-01
-3.554978132247924805e+00,-3.194119930267333984e-01
1.123736858367919922e+00,4.314998149871826172e+00
8.265075683593750000e-01,3.386334180831909180e+00
1.331590652465820312e+00,3.067352533340454102e+00
-1.023448824882507324e+00,2.128233432769775391e+00
8.465223908424377441e-01,4.888608455657958984e+00
1.698488354682922363e+00,3.429321765899658203e+00
2.578344583511352539e+00,1.634407162666320801e+00
3.222125172615051270e-01,-1.533835530281066895e+00
-3.487852811813354492e+00,-2.808287858963012695e+00
-2.712426424026489258e+00,-4.216114878654479980e-01
-4.663409233093261719e+00,2.507534265518188477e+00
-1.376035690307617188e+00,4.350068092346191406e+00
-2.057899713516235352e+00,-3.300904989242553711e+00
-2.567760467529296875e+00,2.008314609527587891e+00
-2.829575300216674805e+00,1.687251210212707520e+00
-3.680348873138427734e+00,3.575128316879272461e+00
-1.083549022674560547e+00,-3.321255147457122803e-01
-2.137078046798706055e+00,4.010533332824707031e+00
-1.201473847031593323e-01,-2.938900947570800781e+00
9.141959547996520996e-01,-5.149707794189453125e-01
-1.033286929130554199e+00,3.288457632064819336e+00
5.701516866683959961e-01,1.174353957176208496e+00
-2.926344871520996094e-01,4.212698459625244141e+00
-2.955752372741699219e+00,2.777148008346557617e+00
-3.316734075546264648e+00,2.446793079376220703e+00
2.118069410324096680e+00,-1.127807497978210449e+00
1.133822351694107056e-01,1.562824487686157227e+00
-1.121259450912475586e+00,2.141467332839965820e+00
2.739423751831054688e+00,1.940687060356140137e+00
-3.877158164978027344e+00,6.945637464523315430e-01
-2.088207721710205078e+00,-1.988838434219360352e+00
-9.038113951683044434e-01,4.945776939392089844e+00
-3.856275081634521484e+00,-1.972121298313140869e-01
-1.904043406248092651e-01,-1.295810818672180176e+00
-1.649119257926940918e+00,2.222108602523803711e+00
-2.998314857482910156e+00,2.074479579925537109e+00
1.405192255973815918e+00,3.828848600387573242e+00
1.157242298126220703e+00,-2.175100892782211304e-01
-6.830941438674926758e-01,3.032307147979736328e+00
1.130693256855010986e-01,2.523183107376098633e+00
-1.437138915061950684e+00,1.247992753982543945e+00
7.265143394470214844e-01,1.418548464775085449e+00
-4.975325167179107666e-01,3.722036361694335938e+00
-3.318138360977172852e+00,-8.331406712532043457e-01
-2.327667951583862305e+00,1.103203773498535156e+00
5.437411665916442871e-01,7.797856926918029785e-01
-1.443377614021301270e+00,-3.929491341114044189e-01
-1.956076025962829590e+00,-1.305998414754867554e-01
-3.138980865478515625e+00,-1.785436868667602539e+00
1.003191709518432617e+00,-1.774993300437927246e+00
-2.897860050201416016e+00,2.715937137603759766e+00
-1.044347167015075684e+00,-2.158463954925537109e+00
-3.371397018432617188e+00,-1.776263833045959473e+00
2.671108007431030273e+00,1.111646890640258789e+00
1.170698478817939758e-01,2.531348705291748047e+00
-1.475381374359130859e+00,4.392584800720214844e+00
-3.632533311843872070e+00,-8.908923268318176270e-01
-2.599709928035736084e-01,3.093368053436279297e+00
-3.379172325134277344e+00,1.699696660041809082e+00
2.030717849731445312e+00,3.393657445907592773e+00
8.652575612068176270e-01,6.242256164550781250e-01
-3.505393266677856445e+00,3.418712139129638672e+00
-4.626202106475830078e+00,-2.735481262207031250e-01
-2.134658336639404297e+00,2.148703575134277344e+00
-3.180006742477416992e+00,-2.433459043502807617e+00
-8.925627470016479492e-01,3.512771129608154297e+00
-3.721480816602706909e-02,1.139507889747619629e+00
-3.859073638916015625e+00,3.617599487304687500e+00
-1.945276111364364624e-01,1.091742396354675293e+00
-1.457067728042602539e+00,-8.981182575225830078e-01
-1.189901947975158691e+00,3.619959831237792969e+00
1.517057538032531738e+00,2.562863826751708984e+00
-5.752521157264709473e-01,2.686895370483398438e+00
9.761492609977722168e-01,3.746590852737426758e+00
-5.279977798461914062e+00,1.435264497995376587e-01
2.288576126098632812e+00,-9.914467334747314453e-01
-3.563765764236450195e+00,1.070636957883834839e-01
-1.948697090148925781e+00,2.158972918987274170e-01
-2.649324655532836914e+00,-2.130887508392333984e+00
-1.705251097679138184e+00,4.302662372589111328e+00
-5.266358375549316406e+00,9.710347652435302734e-02
-2.813732624053955078e+00,3.299940347671508789e+00
-1.259565472602844238e+00,-3.653632402420043945e+00
-3.461840867996215820e+00,1.876313090324401855e+00
-8.593197464942932129e-01,-1.054735660552978516e+00
9.893978238105773926e-01,-8.029623031616210938e-01
9.037104845046997070e-01,-1.353579640388488770e+00
-1.161075115203857422e+00,9.297410845756530762e-01
2.199775695800781250e+00,2.232983350753784180e+00
2.527291536331176758e+00,9.033962339162826538e-02
-3.468810081481933594e+00,-8.857262730598449707e-01
6.657091975212097168e-01,3.610025644302368164e+00
-2.595759391784667969e+00,2.436885595321655273e+00
-8.469792604446411133e-01,-2.377723932266235352e+00
-1.293481707572937012e+00,4.517408847808837891e+00
-3.173470258712768555e+00,4.300241470336914062e-01
-2.439694166183471680e+00,3.651375293731689453e+00
-3.687257051467895508e+00,-2.553999423980712891e-03
8.076970577239990234e-01,1.038017682731151581e-02
7.149612903594970703e-01,9.567584395408630371e-01
-5.498079061508178711e-01,2.565900802612304688e+00
1.776604652404785156e+00,3.445002079010009766e+00
-3.457619190216064453e+00,1.836970210075378418e+00
-1.952725529670715332e+00,-3.566114902496337891e+00
-6.660020351409912109e-01,-1.876120090484619141e+00
-2.229142904281616211e+00,4.293529987335205078e+00
-4.936355590820312500e+00,-8.959047794342041016e-01
-1.964637264609336853e-02,5.058619976043701172e+00
-2.776610136032104492e+00,1.655648350715637207e+00
-1.568223834037780762e-01,-5.931336283683776855e-01
-1.734547972679138184e+00,-1.046600103378295898e+00
-2.884622573852539062e+00,-4.432645440101623535e-01
-1.226125836372375488e+00,-1.143881916999816895e+00
-2.041095256805419922e+00,1.428632736206054688e+00
-2.161797285079956055e+00,4.152495384216308594e+00
-1.692902803421020508e+00,1.434726595878601074e+00
-6.714649796485900879e-01,3.618210315704345703e+00
4.077101498842239380e-02,2.034942388534545898e+00
1.021092176437377930e+00,8.859953284263610840e-01
8.836694359779357910e-01,3.651575326919555664e+00
-1.485761880874633789e+00,-1.188293933868408203e+00
-3.413185834884643555e+00,5.601367354393005371e-01
-2.648421049118041992e+00,2.345500707626342773e+00
1.056247115135192871e+00,4.315567493438720703e+00
-2.930622816085815430e+00,-1.235006451606750488e+00
1.888759255409240723e+00,1.708285212516784668e+00
-2.383596003055572510e-01,3.144115209579467773e-01
1.369784116744995117e+00,2.354220390319824219e+00
8.265430107712745667e-03,2.615170717239379883e+00
-3.307761192321777344e+00,2.310858249664306641e+00
-1.850858569145202637e+00,1.037140727043151855e+00
-3.030332565307617188e+00,1.710089921951293945e+00
3.016779422760009766e+00,1.964447617530822754e+00
1.933818340301513672e+00,2.873653173446655273e+00
-3.017305850982666016e+00,3.478438615798950195e+00
-3.778626680374145508e+00,-2.780425548553466797e+00
3.385298252105712891e-01,4.233500003814697266e+00
-1.184999704360961914e+00,-3.642737150192260742e+00
-1.109505295753479004e+00,1.890241652727127075e-01
-1.869428753852844238e+00,3.737621307373046875e+00
-1.972632765769958496e+00,1.206831097602844238e+00
-2.132615804672241211e+00,4.096743583679199219e+00
2.112499713897705078e+00,9.482152462005615234e-01
5.083855986595153809e-01,2.243421077728271484e+00
3.687191605567932129e-01,2.182982444763183594e+00
-1.577075600624084473e+00,-1.358534574508666992e+00
2.409642934799194336e+00,-3.284947574138641357e-01
3.197611570358276367e-01,3.042911529541015625e+00
-4.799320697784423828e+00,2.509027719497680664e+00
8.258178830146789551e-01,2.313672900199890137e-01
4.288622438907623291e-01,-4.910074770450592041e-01
1.164231061935424805e+00,1.589479684829711914e+00
1.490427970886230469e+00,8.651292920112609863e-01
2.767878055572509766e+00,-7.791360467672348022e-02
-3.545364379882812500e+00,1.253118634223937988e+00
1.026636123657226562e+00,-1.806738734245300293e+00
1.045216083526611328e+00,-7.769872546195983887e-01
2.788337469100952148e+00,1.320937514305114746e+00
-2.827794075012207031e+00,2.261300563812255859e+00
-1.775326132774353027e+00,1.230850815773010254e+00
-2.188567161560058594e+00,-1.841896533966064453e+00
-4.268174648284912109e+00,-4.343264102935791016e-01
-1.140936851501464844e+00,-5.910860896110534668e-01
-1.675218939781188965e+00,-1.288031816482543945e+00
2.603753507137298584e-01,2.876677274703979492e+00
-3.668894290924072266e+00,9.848078489303588867e-01
2.114989042282104492e+00,-3.564851731061935425e-02
7.305906414985656738e-01,1.006034970283508301e+00
-4.910476207733154297e+00,-9.768838882446289062e-01
-3.214877367019653320e+00,3.061931610107421875e+00
2.732365131378173828e+00,8.853253126144409180e-01
8.218095451593399048e-02,4.185441970825195312e+00
-2.845646858215332031e+00,-1.154821887612342834e-01
-8.983631134033203125e-01,3.531373500823974609e+00
3.116353988647460938e+00,-2.959633469581604004e-01
-4.641206741333007812e+00,2.679160535335540771e-01
1.378906846046447754e+00,3.310721635818481445e+00
5.877190232276916504e-01,4.899972438812255859e+00
2.238177776336669922e+00,3.755008220672607422e+00
-1.734367609024047852e+00,-3.139219522476196289e+00
2.485224723815917969e+00,-1.549809724092483521e-01
3.616383075714111328e-01,2.240085601806640625e+00
9.441938251256942749e-02,2.322909832000732422e+00
-8.239625394344329834e-02,4.339557647705078125e+00
-1.726525664329528809e+00,4.888072013854980469e+00
3.575416505336761475e-01,8.217805624008178711e-01
-4.486755847930908203e+00,1.453875780105590820e+00
-1.382730960845947266e+00,-1.144576668739318848e+00
-1.591979980468750000e+00,4.470939636230468750e+00
-1.455829024314880371e+00,3.110677003860473633e+00
-3.110038280487060547e+00,3.095916986465454102e+00
1.466041207313537598e+00,1.798942208290100098e+00
-3.792108774185180664e+00,1.762771725654602051e+00
-1.066198468208312988e+00,3.436579227447509766e+00
2.905736207962036133e+00,2.380928099155426025e-01
-3.045776605606079102e+00,7.859084010124206543e-01
-1.070265293121337891e+00,3.884294033050537109e+00
-1.340725183486938477e+00,1.635805010795593262e+00
-4.331030845642089844e+00,-2.150757074356079102e+00
7.147813439369201660e-01,3.619697570800781250e+00
-3.971039295196533203e+00,2.602771043777465820e+00
1.175267219543457031e+00,2.232608318328857422e+00
-5.043268680572509766e+00,1.160384297370910645e+00
-3.123980998992919922e+00,9.930600523948669434e-01
-1.928256869316101074e+00,4.322465062141418457e-01
-1.392210960388183594e+00,4.285830557346343994e-01
2.022495746612548828e+00,3.254279851913452148e+00
2.429378271102905273e+00,1.351597428321838379e+00
-2.094076156616210938e+00,-1.172001957893371582e+00
1.268307715654373169e-01,2.445582151412963867e+00
1.168857961893081665e-01,4.836151123046875000e+00
-3.653895854949951172e+00,3.377563953399658203e+00
-3.274601884186267853e-03,3.700685739517211914e+00
-1.141637563705444336e-01,3.766036033630371094e+00
1.361314535140991211e+00,2.863294124603271484e+00
-1.813442945480346680e+00,8.195003271102905273e-01
-2.599759817123413086e+00,3.049021363258361816e-01
-2.385219097137451172e+00,1.400954127311706543e+00
-6.785121560096740723e-02,-2.975836038589477539e+00
-1.055664777755737305e+00,-6.216552257537841797e-01
-6.903227418661117554e-02,1.735629677772521973e+00
-2.671155929565429688e-01,4.724544048309326172e+00
-7.891840338706970215e-01,3.029951333999633789e+00
1.691185355186462402e+00,3.790612220764160156e+00
-2.245114326477050781e+00,2.538307428359985352e+00
5.017969012260437012e-02,1.608680486679077148e+00
-1.071979761123657227e+00,-4.203398525714874268e-01
1.647415161132812500e+00,5.600805282592773438e-01
-3.346954345703125000e+00,1.620248436927795410e+00
-2.433383226394653320e+00,1.001067042350769043e+00
1.011770367622375488e+00,-1.816853523254394531e+00
-2.182930946350097656e+00,2.896487236022949219e+00
-7.521055936813354492e-01,6.606387495994567871e-01
4.719316065311431885e-01,7.077450156211853027e-01
-1.334195733070373535e-01,-1.232430815696716309e+00
-3.591835975646972656e+00,9.455311894416809082e-01
-2.420102953910827637e-01,2.625519037246704102e+00
-4.722290039062500000e+00,2.542277097702026367e+00
-2.204684257507324219e+00,3.931663036346435547e-01
2.574159860610961914e+00,1.859320640563964844e+00
2.330708742141723633e+00,2.404932737350463867e+00
-2.439130544662475586e+00,9.978822618722915649e-02
-2.557978391647338867e+00,-1.635791182518005371e+00
-9.714138507843017578e-01,3.608619689941406250e+00
9.565179944038391113e-01,9.312685728073120117e-01
8.386260271072387695e-01,1.336184263229370117e+00
1.030853748321533203e+00,-4.309463798999786377e-01
-3.581065177917480469e+00,3.006012439727783203e-01
2.241112738847732544e-01,3.648558378219604492e+00
2.095880031585693359e+00,2.975625991821289062e+00
-1.615925312042236328e+00,-1.379221916198730469e+00
-2.056301116943359375e+00,2.246443986892700195e+00
-1.153011560440063477e+00,4.886391639709472656e+00
2.344785928726196289e+00,2.109587669372558594e+00
1.507503747940063477e+00,1.753615260124206543e+00
2.641404628753662109e+00,2.531920969486236572e-01
-3.621724367141723633e+00,2.328917741775512695e+00
-7.338917255401611328e-01,4.953757286071777344e+00
-3.489996492862701416e-01,4.262935221195220947e-01
2.744919955730438232e-01,1.402402758598327637e+00
1.706713676452636719e+00,1.511990547180175781e+00
1.581859469413757324e+00,1.229357361793518066e+00
-8.941022753715515137e-01,5.484917759895324707e-01
-3.387591838836669922e+00,1.837230801582336426e+00
-2.321027815341949463e-01,-3.079891443252563477e+00
-1.283473134040832520e+00,1.982210993766784668e+00
-4.928112328052520752e-01,9.513853788375854492e-01
-2.020490169525146484e+00,-3.093484878540039062e+00
-3.815237760543823242e+00,2.441166162490844727e+00
-2.506491422653198242e+00,1.927701115608215332e+00
-1.366934776306152344e+00,2.201505422592163086e+00
-5.973860025405883789e-01,-1.682868301868438721e-01
9.382337331771850586e-01,3.739628553390502930e+00
-2.409972190856933594e+00,6.604154706001281738e-01
-3.746680736541748047e+00,8.331689834594726562e-01
-1.330408692359924316e+00,6.984407305717468262e-01
-3.664601325988769531e+00,7.301354408264160156e-01
-9.440124630928039551e-01,4.915130615234375000e+00
-2.685587882995605469e+00,8.883588314056396484e-01
-1.928423047065734863e+00,-1.780121207237243652e+00
4.352005124092102051e-01,5.016869068145751953e+00
-4.165976524353027344e+00,-6.670085787773132324e-01
-2.740980386734008789e+00,9.233715534210205078e-01
-1.272731184959411621e+00,8.398454785346984863e-01
-3.171447753906250000e+00,-5.555925369262695312e-01
9.108394384384155273e-01,3.318370342254638672e+00
-1.155221939086914062e+00,3.644308328628540039e+00
-1.716100722551345825e-01,4.056820869445800781e+00
-4.664915561676025391e+00,9.199450016021728516e-01
-2.410057067871093750e+00,-2.740007042884826660e-01
-5.131601333618164062e+00,1.200003981590270996e+00
-3.309522151947021484e+00,1.408579111099243164e+00
-4.341042995452880859e+00,-2.280081510543823242e+00
-2.683705568313598633e+00,9.501261115074157715e-01
2.307243347167968750e+00,8.681182861328125000e-01
-4.180110692977905273e-01,-1.004236340522766113e+00
1.632357537746429443e-01,2.736575007438659668e-01
1.458804726600646973e+00,8.441702127456665039e-01
9.767639636993408203e-01,2.907911300659179688e+00
-2.905606269836425781e+00,-1.833793997764587402e+00
9.438558220863342285e-01,4.449421539902687073e-03
-1.931709885597229004e+00,1.612967133522033691e+00
6.463416218757629395e-01,5.545778274536132812e-01
-1.973209261894226074e+00,1.285482048988342285e+00
-1.764193296432495117e+00,-1.382660865783691406e+00
8.625707626342773438e-01,4.339931488037109375e+00
-3.068255662918090820e+00,1.262815475463867188e+00
8.260031938552856445e-01,8.014839291572570801e-01
-3.332402184605598450e-02,3.644537687301635742e+00
1.631150841712951660e+00,1.775354504585266113e+00
-1.071521043777465820e+00,2.238635540008544922e+00
-7.463576197624206543e-01,2.654196977615356445e+00
1.587181538343429565e-01,4.613951206207275391e+00
1.026345252990722656e+00,2.906211376190185547e+00
7.822442650794982910e-01,6.494869589805603027e-01
-2.197942733764648438e+00,1.259681582450866699e+00
-3.528685808181762695e+00,2.825911521911621094e+00
8.384856581687927246e-01,1.763013243675231934e+00
-2.263994932174682617e+00,2.707126617431640625e+00
-1.040410161018371582e+00,5.084689617156982422e+00
-4.406290128827095032e-02,1.425523877143859863e+00
2.672522068023681641e+00,2.393872976303100586e+00
-2.525946140289306641e+00,1.108743324875831604e-01
-1.175426483154296875e+00,3.658027887344360352e+00
-4.050348281860351562e+00,1.958878636360168457e+00
-4.473365843296051025e-01,8.126610517501831055e-01
-2.163747549057006836e+00,7.718093991279602051e-01
-4.000218868255615234e+00,1.201342701911926270e+00
1.035103321075439453e+00,-1.788211345672607422e+00
1.676557213068008423e-01,4.811643123626708984e+00
1.034520030021667480e+00,-7.405142188072204590e-01
-1.250526905059814453e+00,3.779427289962768555e+00
1.944113135337829590e+00,1.612163305282592773e+00
1.594534158706665039e+00,2.285472154617309570e-01
-1.155084967613220215e+00,4.629717826843261719e+00
-1.696738362312316895e+00,1.290002226829528809e+00
-6.577539443969726562e-01,1.834684312343597412e-01
-2.993851900100708008e+00,4.849509894847869873e-01
-2.707471609115600586e+00,9.901239871978759766e-01
-1.925868391990661621e+00,2.674015998840332031e+00
-6.917240619659423828e-01,6.480770707130432129e-01
-8.978056907653808594e-01,4.931485176086425781e+00
-6.917259097099304199e-01,3.741328001022338867e+00
-4.437748432159423828e+00,5.250372886657714844e-01
1.934000849723815918e+00,3.067022085189819336e+00
1.032644152641296387e+00,4.822471141815185547e+00
-3.225860595703125000e+00,-2.525917768478393555e+00
2.097915709018707275e-01,8.393235802650451660e-01
-2.649422407150268555e+00,1.932084798812866211e+00
-4.040877342224121094e+00,-1.512296319007873535e+00
-2.092758655548095703e+00,3.062510967254638672e+00
-4.669236183166503906e+00,-1.173056513071060181e-01
-1.319120764732360840e+00,4.998979091644287109e+00
-1.961423516273498535e+00,1.217270255088806152e+00
-1.425173640251159668e+00,2.278982102870941162e-01
2.171351432800292969e+00,3.511163473129272461e+00
-1.308963298797607422e+00,3.197530508041381836e+00
9.481550455093383789e-01,1.831826806068420410e+00
-5.300599932670593262e-01,4.438258171081542969e+00
-1.744083642959594727e+00,-3.774120211601257324e-01
-3.363643884658813477e+00,-2.340340137481689453e+00
-1.324332406511530280e-04,1.209747195243835449e+00
-1.471783161163330078e+00,1.853368043899536133e+00
-3.988191485404968262e-01,3.616609573364257812e+00
-3.544410943984985352e+00,-2.663634419441223145e-01
9.557059407234191895e-01,4.347816467285156250e+00
-5.073142051696777344e-01,3.314497947692871094e+00
-3.933542966842651367e+00,3.503804683685302734e+00
1.562523841857910156e+00,3.166991949081420898e+00
1.402964442968368530e-01,4.908348560333251953e+00
1.556589007377624512e+00,2.543067216873168945e+00
-3.583390951156616211e+00,2.073450759053230286e-02
-8.562135100364685059e-01,-1.830960154533386230e+00
-1.809020154178142548e-02,2.308276653289794922e+00
-3.004428148269653320e+00,2.561081647872924805e+00
-3.127414882183074951e-01,-3.164599239826202393e-01
-4.658292770385742188e+00,1.019782900810241699e+00
-3.197455883026123047e+00,7.977212667465209961e-01
-2.176660537719726562e+00,-2.549270689487457275e-01
2.352313518524169922e+00,3.608699560165405273e+00
-1.707430601119995117e+00,5.936988815665245056e-02
-1.670622348785400391e+00,2.173923969268798828e+00
-2.421246767044067383e+00,1.132613420486450195e+00
-3.031196296215057373e-01,2.817644119262695312e+00
1.722291260957717896e-01,3.562642633914947510e-01
-3.794224500656127930e+00,-1.142456650733947754e+00
-1.515991091728210449e+00,4.381273269653320312e+00
-2.165456295013427734e+00,1.348620772361755371e+00
-3.162174701690673828e+00,-1.567429065704345703e+00
-3.178531169891357422e+00,1.906406641006469727e+00
-2.864737510681152344e+00,3.211274445056915283e-01
-1.238973975181579590e+00,1.963494181632995605e+00
1.362683057785034180e+00,1.701232910156250000e+00
-1.703358769416809082e+00,-1.363038659095764160e+00
-2.106808185577392578e+00,-1.804866075515747070e+00
-4.431586742401123047e+00,1.359111666679382324e+00
-4.225263118743896484e+00,1.422412514686584473e+00
-2.105884790420532227e+00,-4.863182902336120605e-01
-1.016281008720397949e+00,1.395998358726501465e+00
-3.833982229232788086e+00,-1.672241389751434326e-01
-3.729919910430908203e+00,5.923125743865966797e-01
-8.390436172485351562e-01,-2.106310129165649414e+00
-1.162677526473999023e+00,1.490927338600158691e+00
-4.674913883209228516e+00,-3.157313466072082520e-01
-5.276435375213623047e+00,-1.343617588281631470e-01
-4.372016906738281250e+00,1.756805539131164551e+00
9.315331578254699707e-01,2.813195466995239258e+00
-4.568043053150177002e-01,2.754512786865234375e+00
-3.366860389709472656e+00,1.034121870994567871e+00
-2.868041992187500000e+00,3.633128643035888672e+00
-3.560017108917236328e+00,-1.021825075149536133e+00
-2.374164581298828125e+00,1.163937926292419434e+00
-1.195910811424255371e+00,4.891059398651123047e+00
1.300831437110900879e+00,2.497501850128173828e+00
1.616505742073059082e+00,4.133089065551757812e+00
-2.350677728652954102e+00,-3.815199136734008789e-01
6.752911210060119629e-01,9.732674956321716309e-01
-2.095513582229614258e+00,1.207767486572265625e+00
-4.342252612113952637e-01,2.835574150085449219e+00
-1.871148049831390381e-01,4.435960292816162109e+00
-3.921145677566528320e+00,3.483294248580932617e+00
-4.133387088775634766e+00,-7.444406747817993164e-01
-2.252189636230468750e+00,8.551945090293884277e-01
-4.951989352703094482e-01,3.901315450668334961e+00
-2.908434629440307617e+00,1.655481100082397461e+00
2.814492464065551758e+00,2.603472948074340820e+00
-4.144969940185546875e+00,7.641440629959106445e-01
-2.708359956741333008e+00,1.148387789726257324e+00
-5.270038127899169922e+00,6.303377747535705566e-01
-4.196189045906066895e-01,4.370584964752197266e+00
-1.751065373420715332e+00,-3.760113716125488281e-01
7.833100557327270508e-01,2.692920684814453125e+00
-7.624261826276779175e-02,-2.983348846435546875e+00
2.221459597349166870e-01,2.436968803405761719e+00
-2.736506938934326172e+00,2.250808954238891602e+00
-1.012295246124267578e+00,-2.524489164352416992e-01
-1.589505910873413086e+00,2.877861738204956055e+00
2.307639598846435547e+00,2.998823404312133789e+00
-1.068486690521240234e+00,-2.274209499359130859e+00
-4.860323905944824219e+00,-1.073171019554138184e+00
2.580585479736328125e+00,-1.510462313890457153e-01
-2.197544813156127930e+00,4.019712448120117188e+00
-1.006936550140380859e+00,2.212636947631835938e+00
8.424135446548461914e-01,4.411396980285644531e-01
6.071544289588928223e-01,1.799821734428405762e+00
-4.772555351257324219e+00,2.382297039031982422e+00
1.802613496780395508e+00,3.107192993164062500e+00
8.789260983467102051e-01,-7.120080590248107910e-01
2.689143717288970947e-01,1.733942389488220215e+00
-2.504249095916748047e+00,-3.083325386047363281e+00
-5.976551771163940430e-01,1.600229859352111816e+00
-1.379091858863830566e+00,5.829602479934692383e-01
1.270433366298675537e-01,-5.145716667175292969e-01
-2.633288145065307617e+00,3.554892063140869141e+00
-1.252132177352905273e+00,-1.294491529464721680e+00
-3.436529874801635742e+00,8.209347724914550781e-01
8.129813671112060547e-01,-7.072686553001403809e-01
1.676501750946044922e+00,4.109986782073974609e+00
-3.159822821617126465e-01,4.728555679321289062e+00
-4.462777137756347656e+00,-1.139179095625877380e-01
-1.462375044822692871e+00,2.276984691619873047e+00
2.478315830230712891e+00,1.486643403768539429e-01
9.683428406715393066e-01,1.311034560203552246e+00
-2.047658920288085938e+00,1.752770066261291504e+00
-2.611481249332427979e-01,3.350195169448852539e+00
2.965830802917480469e+00,1.355431973934173584e-01
-2.554894208908081055e+00,2.117088437080383301e-02
1.800585508346557617e+00,1.665329575538635254e+00
1.678935289382934570e+00,3.564321994781494141e+00
1.659509301185607910e+00,-5.729426741600036621e-01
1.537940800189971924e-01,-4.534838348627090454e-02
-2.988883733749389648e+00,2.814792156219482422e+00
-4.094294548034667969e+00,-2.148984670639038086e-01
1.647169113159179688e+00,1.259247779846191406e+00
1.532310247421264648e-01,1.455337643623352051e+00
5.773262381553649902e-01,2.396670103073120117e+00
-2.146170377731323242e+00,-1.860671877861022949e+00
-4.326571464538574219e+00,2.970238327980041504e-01
-3.469768762588500977e+00,-1.210953712463378906e+00
-4.180648326873779297e+00,1.767545700073242188e+00
-4.117295742034912109e+00,-1.736274361610412598e+00
1.112393617630004883e+00,2.749090671539306641e+00
5.825987830758094788e-02,1.361143827438354492e+00
3.112763166427612305e-01,2.753105163574218750e+00
9.790290594100952148e-01,3.253641128540039062e+00
-1.290658354759216309e+00,-2.226306915283203125e+00
1.283432483673095703e+00,3.856204748153686523e-01
-2.561885356903076172e+00,-3.193920254707336426e-01
-1.788598895072937012e+00,2.032801151275634766e+00
-1.595895171165466309e+00,4.714558124542236328e+00
-6.202161908149719238e-01,3.070262908935546875e+00
-4.017055511474609375e+00,1.783975243568420410e+00
-1.044380784034729004e+00,-2.282003462314605713e-01
-1.203938126564025879e+00,3.429449081420898438e+00
1.065710544586181641e+00,4.390209197998046875e+00
-4.781102657318115234e+00,9.241426587104797363e-01
-1.470550537109375000e+00,3.656779766082763672e+00
-1.455408215522766113e+00,2.484547376632690430e+00
-2.184810400009155273e+00,-9.041814208030700684e-01
-1.869376420974731445e+00,-4.978513419628143311e-01
1.670824527740478516e+00,3.674678325653076172e+00
-1.553765892982482910e+00,1.563477635383605957e+00
1.195991992950439453e+00,2.824366569519042969e+00
1.506156563758850098e+00,2.755184650421142578e+00
-1.339798927307128906e+00,2.995066404342651367e+00
-4.081594944000244141e+00,3.022056818008422852e-01
2.273226499557495117e+00,3.762998819351196289e+00
-5.288131162524223328e-02,2.668046474456787109e+00
-2.187944412231445312e+00,-3.135561227798461914e+00
1.819943189620971680e+00,2.162155151367187500e+00
-4.911688268184661865e-01,-1.490763276815414429e-01
-1.511445045471191406e+00,4.750592708587646484e+00
6.243352890014648438e-01,2.602174997329711914e+00
8.957717418670654297e-01,2.673012495040893555e+00
-1.775926470756530762e+00,-9.419223666191101074e-01
-4.617721557617187500e+00,1.356249332427978516e+00
-2.832317829132080078e+00,3.391763210296630859e+00
-1.114394962787628174e-01,-8.681815862655639648e-01
1.602130770683288574e+00,-7.570825219154357910e-01
-1.888751387596130371e-01,4.600436210632324219e+00
-3.029394865036010742e+00,9.234436154365539551e-01
-3.745332956314086914e+00,-2.703223705291748047e+00
-1.733519136905670166e-01,-5.619529485702514648e-01
-4.077323436737060547e+00,-2.137612998485565186e-01
-3.309142827987670898e+00,-1.059317827224731445e+00
-1.321042895317077637e+00,3.603715181350708008e+00
7.117903232574462891e-01,4.741981029510498047e+00
-7.723022103309631348e-01,2.812504529953002930e+00
2.283996105194091797e+00,-1.237442731857299805e+00
-3.478289842605590820e-01,1.382570564746856689e-01
-7.804014682769775391e-01,-1.961395144462585449e+00
-3.744305849075317383e+00,-4.895468056201934814e-01
-1.454389542341232300e-01,3.301101446151733398e+00
5.681901574134826660e-01,2.185470581054687500e+00
6.393404006958007812e-01,2.393023967742919922e+00
-2.560083009302616119e-02,1.324322819709777832e-01
-2.996369898319244385e-01,1.702919721603393555e+00
-1.090191006660461426e+00,4.724675655364990234e+00
2.072173357009887695e+00,1.920411109924316406e+00
1.064922809600830078e+00,-1.744679927825927734e+00
1.172164797782897949e+00,4.382472991943359375e+00
1.358053445816040039e+00,2.085556745529174805e+00
-1.470796108245849609e+00,4.031345844268798828e+00
-4.053969383239746094e+00,2.473131656646728516e+00
-2.461027860641479492e+00,1.189409732818603516e+00
-3.792239904403686523e+00,8.342316746711730957e-01
1.253613233566284180e-01,-6.317847967147827148e-01
-1.864002108573913574e+00,-3.153970956802368164e+00
-9.997179508209228516e-01,-3.217031061649322510e-01
-2.175596714019775391e+00,2.322975248098373413e-01
7.255160808563232422e-01,2.406832933425903320e+00
9.974433779716491699e-01,-1.017010569572448730e+00
-4.852981090545654297e+00,1.892241597175598145e+00
3.063822863623499870e-03,5.830812826752662659e-02
-1.681366324424743652e+00,1.269798517227172852e+00
-8.114448785781860352e-01,2.310876846313476562e+00
-4.880734920501708984e+00,-8.312398791313171387e-01
1.711750745773315430e+00,-3.375468850135803223e-01
6.352578103542327881e-02,4.919697761535644531e+00
-2.738165855407714844e+00,-3.401933670043945312e+00
-1.847659945487976074e+00,5.398811101913452148e-01
-4.580345153808593750e+00,9.080002903938293457e-01
-1.096673533320426941e-01,1.899198055267333984e+00
-2.402406692504882812e+00,1.601820945739746094e+00
-1.278872847557067871e+00,3.516547441482543945e+00
1.890344768762588501e-01,2.322582244873046875e+00
-6.024751067161560059e-01,1.113444566726684570e+00
-3.527345418930053711e+00,2.896887540817260742e+00
4.843448102474212646e-02,2.383785486221313477e+00
2.730425596237182617e-01,5.598024129867553711e-01
1.578778743743896484e+00,1.020162701606750488e+00
6.358733773231506348e-01,-1.523370623588562012e+00
-2.740934610366821289e+00,2.628548622131347656e+00
7.648886442184448242e-01,-1.384420394897460938e-01
1.963732123374938965e+00,2.899986803531646729e-01
-5.371211171150207520e-01,1.563881158828735352e+00
1.630887150764465332e+00,8.104854822158813477e-01
-2.624672889709472656e+00,1.554701685905456543e+00
1.987005114555358887e+00,2.106491088867187500e+00
-4.051632404327392578e+00,-1.213713407516479492e+00
5.511509776115417480e-01,3.730412483215332031e+00
1.475914955139160156e+00,4.113834381103515625e+00
9.318304061889648438e-01,-8.774060010910034180e-01
-2.434137344360351562e+00,3.357747316360473633e+00
-2.357759237289428711e+00,3.395242691040039062e+00
2.945597410202026367e+00,1.260421991348266602e+00
-3.631353616714477539e+00,1.233780026435852051e+00
-9.987670183181762695e-01,-3.581243038177490234e+00
-4.917610645294189453e+00,-1.028142690658569336e+00
-5.126170635223388672e+00,1.490274667739868164e+00
-1.333785295486450195e+00,1.325961649417877197e-01
-3.765633821487426758e+00,2.174594879150390625e+00
9.242305755615234375e-01,2.594133853912353516e+00
2.911630153656005859e+00,3.158614873886108398e+00
-3.503597259521484375e+00,-5.003280043601989746e-01
-3.855559587478637695e+00,-1.258775591850280762e+00
-3.932121753692626953e+00,-2.075850963592529297e+00
-1.376500606536865234e+00,3.249640464782714844e+00
-2.700995683670043945e+00,-2.220199823379516602e+00
1.775207757949829102e+00,8.532430529594421387e-01
-2.436866044998168945e+00,3.515979766845703125e+00
-1.631406188011169434e+00,-9.464709162712097168e-01
1.444403886795043945e+00,4.117997169494628906e+00
4.313909113407135010e-01,1.291077494621276855e+00
-3.422148466110229492e+00,-1.471340298652648926e+00
-6.090910434722900391e-01,3.664751768112182617e+00
2.653187811374664307e-01,-1.804335951805114746e+00
4.183586239814758301e-01,2.233794212341308594e+00
-2.107914924621582031e+00,-8.512217402458190918e-01
-2.669287204742431641e+00,-1.050996184349060059e+00
-2.582990646362304688e+00,-1.666155219078063965e+00
-4.636411666870117188e+00,1.093073859810829163e-01
2.433227896690368652e-01,-1.806196451187133789e+00
-1.903791546821594238e+00,-3.260361552238464355e-01
-1.832563400268554688e+00,-3.135601282119750977e+00
-7.427627593278884888e-02,2.465958833694458008e+00
9.731831550598144531e-01,-9.363785386085510254e-01
-5.957164168357849121e-01,3.469430208206176758e+00
1.918505430221557617e+00,1.785503625869750977e+00
6.957588195800781250e-01,-1.376193910837173462e-01
-3.187294483184814453e+00,2.512879610061645508e+00
-2.825762629508972168e-01,1.763592243194580078e+00
-1.963490247726440430e+00,1.143178701400756836e+00
-1.797543048858642578e+00,-2.792016863822937012e-01
3.069016933441162109e-01,4.652023792266845703e+00
-1.439991950988769531e+00,2.926326513290405273e+00
-2.023454189300537109e+00,4.360148429870605469e+00
-1.215700149536132812e+00,4.775882244110107422e+00
-2.340270727872848511e-01,1.623623967170715332e-01
3.002317190170288086e+00,1.270459771156311035e+00
1.334298372268676758e+00,3.141502380371093750e+00
-1.535113334655761719e+00,4.436472415924072266e+00
1.190258264541625977e+00,1.381493210792541504e+00
-1.629881381988525391e+00,1.269624978303909302e-01
-7.832477092742919922e-01,2.871694564819335938e+00
-1.348606109619140625e+00,1.253470897674560547e+00
7.880238294601440430e-01,5.286847949028015137e-01
1.673803567886352539e+00,2.049721240997314453e+00
-9.712204337120056152e-01,3.707950592041015625e+00
-2.891340732574462891e+00,3.410590171813964844e+00
-1.503694295883178711e+00,1.936372637748718262e+00
1.416187286376953125e+00,3.622004985809326172e+00
-3.666816234588623047e+00,-2.723547220230102539e+00
1.286668419837951660e+00,3.673117160797119141e+00
5.722598433494567871e-01,1.316018581390380859e+00
-1.383928894996643066e+00,3.197520732879638672e+00
-2.213756740093231201e-01,-3.072995662689208984e+00
-1.463223576545715332e+00,1.797239422798156738e+00
3.070048987865447998e-01,1.713545560836791992e+00
-2.290483474731445312e+00,2.574695825576782227e+00
1.878308057785034180e+00,1.003895998001098633e+00
2.323356151580810547e+00,-1.318711340427398682e-01
-2.129715681076049805e+00,1.886772990226745605e+00
-1.954636573791503906e+00,-1.107316374778747559e+00
2.315692663192749023e+00,2.904602766036987305e+00
-1.899961829185485840e+00,-1.164394855499267578e+00
-1.583195805549621582e+00,2.894266128540039062e+00
-4.439938068389892578e+00,8.116821646690368652e-01
-3.934194087982177734e+00,1.134036660194396973e+00
1.957299411296844482e-01,-4.311102628707885742e-01
-3.026727676391601562e+00,3.452119827270507812e+00
5.678098797798156738e-01,2.709489822387695312e+00
-1.593572497367858887e+00,-1.362803339958190918e+00
-2.128352880477905273e+00,4.614239215850830078e+00
-1.265800952911376953e+00,-2.853862047195434570e-01
-4.051900863647460938e+00,1.426359891891479492e+00
1.275375008583068848e+00,3.280762910842895508e+00
-4.392622470855712891e+00,-1.111510515213012695e+00
-2.649704933166503906e+00,3.425630807876586914e+00
1.561175465583801270e+00,1.621824622154235840e+00
1.210608243942260742e+00,-1.053453803062438965e+00
2.279946327209472656e+00,-9.280321002006530762e-01
-2.255172014236450195e+00,4.208797454833984375e+00
6.846181154251098633e-01,1.393250584602355957e+00
4.575710594654083252e-01,-1.107518840581178665e-02
-3.178176403045654297e+00,-1.913616180419921875e+00
-1.056809797883033752e-01,-3.005356311798095703e+00
-1.125370636582374573e-01,3.922433137893676758e+00
-3.849530458450317383e+00,1.658013701438903809e+00
-1.954245686531066895e+00,1.590187191963195801e+00
-1.896051645278930664e+00,4.539148807525634766e+00
-1.811344146728515625e+00,-3.107409954071044922e+00
-5.131694674491882324e-01,6.033620834350585938e-01
-2.070553541183471680e+00,4.268068313598632812e+00
-1.074036732316017151e-01,2.506600856781005859e+00
-3.496563911437988281e+00,-2.754482746124267578e+00
-1.066236972808837891e+00,1.370656043291091919e-01
1.953369021415710449e+00,3.962668657302856445e+00
6.410668492317199707e-01,1.421662569046020508e+00
-3.725074052810668945e+00,-1.524887382984161377e-01
-4.882349967956542969e+00,2.453977614641189575e-01
2.106140851974487305e+00,3.370790481567382812e+00
-3.810993731021881104e-01,3.073948860168457031e+00
2.768803834915161133e+00,-1.592781245708465576e-01
1.056295990943908691e+00,1.307411789894104004e+00
-1.365411281585693359e+00,8.102284073829650879e-01
-2.283616304397583008e+00,8.536863327026367188e-01
2.616177201271057129e-01,2.612856626510620117e+00
1.383958339691162109e+00,-6.337358951568603516e-01
-6.216008663177490234e-01,1.376955151557922363e+00
2.141487121582031250e+00,3.364047527313232422e+00
-1.319182157516479492e+00,4.017368793487548828e+00
-3.851132869720458984e+00,-4.942110180854797363e-01
-2.554353475570678711e+00,-9.247069954872131348e-01
-1.662905454635620117e+00,4.690933704376220703e+00
-1.327052593231201172e+00,2.298227101564407349e-01
-2.145843267440795898e+00,8.992806077003479004e-01
8.899863362312316895e-01,3.143401384353637695e+00
-3.248235940933227539e+00,4.008495211601257324e-01
4.222859740257263184e-01,2.489528179168701172e+00
1.804601907730102539e+00,1.367039442062377930e+00
-2.925413608551025391e+00,3.443610668182373047e+00
-2.754367828369140625e+00,-3.250776767730712891e+00
-4.341350197792053223e-01,4.211114883422851562e+00
-9.908332228660583496e-01,-5.243153572082519531e-01
-3.076232194900512695e+00,2.065061092376708984e+00
-3.152456045150756836e+00,3.087732791900634766e+00
-4.177568912506103516e+00,2.820504426956176758e+00
-9.151340126991271973e-01,4.353343486785888672e+00
-3.829036235809326172e+00,2.339046955108642578e+00
1.886425137519836426e+00,3.705698549747467041e-01
1.548642873764038086e+00,1.790146470069885254e+00
-1.911303281784057617e+00,4.823580265045166016e+00
4.875552952289581299e-01,2.685734510421752930e+00
-2.767732858657836914e+00,-3.163172721862792969e+00
-4.022848010063171387e-01,-2.218238115310668945e-01
-2.140468835830688477e+00,4.374080657958984375e+00
-2.437579393386840820e+00,1.876696944236755371e+00
8.702546358108520508e-01,1.158676743507385254e+00
-2.785778760910034180e+00,1.020688295364379883e+00
-3.619516611099243164e+00,1.125330179929733276e-01
-3.312457561492919922e+00,1.929933190345764160e+00
-2.881165504455566406e+00,2.772471904754638672e+00
-1.305617570877075195e+00,9.214904308319091797e-01
-9.098118543624877930e-01,3.746570348739624023e+00
-3.826543092727661133e+00,1.938318133354187012e+00
-9.292232394218444824e-01,-1.975586056709289551e+00
2.659392595291137695e+00,-2.216123640537261963e-01
1.400219917297363281e+00,2.094519138336181641e+00
-2.741883993148803711e+00,1.768057227134704590e+00
7.935863137245178223e-01,-8.325287103652954102e-01
-2.982211351394653320e+00,-1.950143694877624512e+00
-1.092479944229125977e+00,-2.209801912307739258e+00
-4.477326571941375732e-01,3.941205739974975586e+00
-3.846880912780761719e+00,6.867552399635314941e-01
-3.455517530441284180e+00,-2.260496377944946289e+00
3.193376362323760986e-01,1.132911324501037598e+00
-1.286084294319152832e+00,5.055263996124267578e+00
-1.475662231445312500e+00,8.842825889587402344e-01
-8.642736673355102539e-01,4.835661411285400391e+00
-3.902546882629394531e+00,-1.232561111450195312e+00
-1.725577831268310547e+00,4.919935226440429688e+00
-2.218651056289672852e+00,3.155498743057250977e+00
-4.887577056884765625e+00,1.708117127418518066e-01
-3.752828598022460938e+00,-1.374161839485168457e+00
-2.163211584091186523e+00,1.609940290451049805e+00
-4.046134948730468750e+00,-7.690685391426086426e-01
-2.626837968826293945e+00,-3.127750635147094727e+00
1.998930692672729492e+00,-1.188195943832397461e+00
1.387371271848678589e-01,4.599522590637207031e+00
-7.370160222053527832e-01,1.328425765037536621e+00
-2.117135673761367798e-01,3.783084630966186523e+00
2.279249668121337891e+00,1.553590893745422363e-01
-1.503592967987060547e+00,2.585714101791381836e+00
-7.582729458808898926e-01,4.948426246643066406e+00
-2.052472352981567383e+00,3.956827163696289062e+00
-2.783910371363162994e-02,4.389299869537353516e+00
-9.074037075042724609e-01,3.877845525741577148e+00
-2.073087453842163086e+00,4.242971897125244141e+00
-2.531354427337646484e+00,-3.264157533645629883e+00
1.054498672485351562e+00,4.396817684173583984e+00
2.627931356430053711e+00,1.980515956878662109e+00
-2.270871877670288086e+00,5.431167483329772949e-01
-4.066229343414306641e+00,1.398329734802246094e+00
1.206694245338439941e+00,-1.578769981861114502e-01
8.881265521049499512e-01,1.152718067169189453e+00
9.700443744659423828e-01,-8.364425897598266602e-01
1.508961439132690430e+00,2.105998039245605469e+00
-3.607938289642333984e+00,-9.607185125350952148e-01
1.581027984619140625e+00,3.086800575256347656e-01
2.216885566711425781e+00,3.690774440765380859e+00
-8.107454180717468262e-01,2.900418043136596680e+00
-6.885833740234375000e-01,2.529524087905883789e+00
-2.303947448730468750e+00,2.120593786239624023e+00
-3.571813344955444336e+00,-2.642307281494140625e-01
9.494306445121765137e-01,2.906925916671752930e+00
1.791167497634887695e+00,1.277940750122070312e+00
-9.839567542076110840e-01,4.828219890594482422e+00
2.757172882556915283e-01,3.718895435333251953e+00
-3.160486698150634766e+00,-7.010655999183654785e-01
1.894570708274841309e+00,7.487084865570068359e-01
-2.099729537963867188e+00,4.469380855560302734e+00
2.326668947935104370e-01,2.985069751739501953e+00
-2.698579788208007812e+00,1.368091821670532227e+00
2.253783941268920898e+00,3.613174200057983398e+00
-3.862876653671264648e+00,-2.592254638671875000e+00
1.613343477249145508e+00,3.310948312282562256e-01
1.032328009605407715e+00,3.613551139831542969e+00
-1.825479269027709961e-01,3.020251750946044922e+00
-2.019704580307006836e+00,-3.325699806213378906e+00
-3.410964459180831909e-02,2.284354686737060547e+00
-2.155972480773925781e+00,-2.966341257095336914e+00
1.006423607468605042e-01,1.820785403251647949e+00
-3.287533760070800781e+00,2.580343008041381836e+00
-1.571948051452636719e+00,4.900750160217285156e+00
1.722686886787414551e+00,4.214195609092712402e-01
-2.510322809219360352e+00,-3.500099182128906250e+00
-1.716711878776550293e+00,2.846723794937133789e-01
4.635900631546974182e-02,3.369516372680664062e+00
-7.969159483909606934e-01,1.076236248016357422e+00
1.369956493377685547e+00,6.261938214302062988e-01
-3.667488574981689453e+00,-2.727646112442016602e+00
-1.458649039268493652e-01,2.202536344528198242e+00
-3.386627912521362305e+00,1.994410634040832520e+00
-2.212383031845092773e+00,4.497280120849609375e+00
2.116411447525024414e+00,1.394539117813110352e+00
-1.221243858337402344e+00,-2.068612575531005859e+00
-7.169107198715209961e-01,1.426481485366821289e+00
-2.652653694152832031e+00,1.639845728874206543e+00
-8.606101274490356445e-01,4.629653930664062500e+00
2.510181188583374023e+00,1.246535405516624451e-02
8.449668288230895996e-01,3.974027395248413086e+00
1.621430873870849609e+00,2.743686735630035400e-01
9.074085354804992676e-01,3.137201547622680664e+00
-1.188841462135314941e+00,-1.458745241165161133e+00
7.355473637580871582e-01,9.577538371086120605e-01
-3.049682974815368652e-01,4.717276096343994141e+00
-1.968454480171203613e+00,-1.326828747987747192e-01
-1.353999614715576172e+00,3.515763282775878906e+00
-3.385412931442260742e+00,4.492423832416534424e-01
-1.304648280143737793e+00,2.093423128128051758e+00
2.128432035446166992e+00,3.260114192962646484e+00
-4.041975498199462891e+00,-1.547314971685409546e-01
-1.645043730735778809e+00,1.917858272790908813e-01
-1.415658473968505859e+00,1.794407486915588379e+00
-3.801964282989501953e+00,6.153639554977416992e-01
-3.676668927073478699e-02,2.073871135711669922e+00
-4.637909889221191406e+00,1.312269568443298340e+00
1.074505805969238281e+00,1.597365856170654297e+00
-4.685704112052917480e-01,-2.137123346328735352e-01
-4.091022312641143799e-01,4.047531604766845703e+00
8.764925599098205566e-01,2.017117977142333984e+00
-1.026652097702026367e+00,4.875878334045410156e+00
-3.167902231216430664e+00,-5.102357268333435059e-01
-2.055065870285034180e+00,1.932964563369750977e+00
-4.593160629272460938e+00,3.611887693405151367e-01
8.080950975418090820e-01,3.548870801925659180e+00
-1.668895244598388672e+00,3.883194446563720703e+00
-1.703945159912109375e+00,-7.302039861679077148e-01
-3.679921850562095642e-02,4.804392814636230469e+00
1.291665196418762207e+00,-1.312937587499618530e-01
-3.935348749160766602e+00,2.039677858352661133e+00
-2.676164150238037109e+00,-2.226244926452636719e+00
-1.498636126518249512e+00,3.467431306838989258e+00
-4.710985183715820312e+00,2.479401588439941406e+00
-1.764907240867614746e-01,1.807566881179809570e+00
5.409235954284667969e-01,2.660316944122314453e+00
-2.803241252899169922e+00,3.367136240005493164e+00
-4.812605857849121094e+00,2.114858388900756836e+00
3.054044246673583984e+00,1.709687948226928711e+00
-1.587007403373718262e+00,-1.164249777793884277e-01
-1.922019839286804199e+00,4.619709014892578125e+00
1.197808861732482910e+00,1.718779504299163818e-01
2.077153444290161133e+00,3.379359006881713867e+00
9.440646767616271973e-01,-1.539151549339294434e+00
-2.553251981735229492e+00,2.932277917861938477e+00
-3.400082111358642578e+00,1.129505991935729980e+00
-4.154022216796875000e+00,-1.205697536468505859e+00
-2.356662988662719727e+00,-2.437310069799423218e-01
-3.311583042144775391e+00,-2.307586908340454102e+00
-1.107399582862854004e+00,-2.332107543945312500e+00
2.987673044204711914e+00,-3.517040610313415527e-01
1.178982734680175781e+00,2.800875425338745117e+00
-1.455607056617736816e+00,4.606373310089111328e+00
2.289846837520599365e-01,-2.724029779434204102e+00
-4.214718818664550781e+00,3.955848217010498047e-01
-1.054227948188781738e+00,1.316805958747863770e+00
-2.250300645828247070e+00,2.870479524135589600e-01
1.016025304794311523e+00,-1.777401804924011230e+00
8.078973293304443359e-01,3.203816175460815430e+00
-1.018015816807746887e-01,1.849218130111694336e+00
-2.241170883178710938e+00,3.496214389801025391e+00
2.934171438217163086e+00,2.341922931373119354e-02
-8.544574379920959473e-01,-2.214691162109375000e+00
-3.820678472518920898e+00,2.423715114593505859e+00
-2.132654786109924316e-01,3.583188295364379883e+00
6.228883862495422363e-01,3.556252956390380859e+00
-1.660179018974304199e+00,-1.375611305236816406e+00
9.586522579193115234e-01,2.656541347503662109e+00
-3.871008157730102539e+00,-3.152846992015838623e-01
8.048136830329895020e-01,-5.705878883600234985e-02
-1.676669716835021973e-01,2.262334823608398438e+00
-6.822814345359802246e-01,3.240416288375854492e+00
-3.115482568740844727e+00,-6.425289511680603027e-01
-2.227056503295898438e+00,-3.128230333328247070e+00
1.268644690513610840e+00,6.247226148843765259e-02
-1.038841962814331055e+00,3.746193885803222656e+00
8.474023938179016113e-01,3.127353191375732422e+00
7.994354963302612305e-01,4.876531124114990234e+00
-3.148141622543334961e+00,-1.595756649971008301e+00
7.448950409889221191e-01,7.985607385635375977e-01
-1.758750200271606445e+00,4.140916824340820312e+00
2.645873427391052246e-01,2.707943201065063477e+00
9.371705353260040283e-02,3.729244709014892578e+00
-4.613497257232666016e+00,5.069879889488220215e-01
2.314962148666381836e+00,2.423830032348632812e+00
-4.155131876468658447e-01,4.551354885101318359e+00
-2.062617063522338867e+00,2.049094438552856445e+00
-2.432009935379028320e+00,-3.617325305938720703e+00
1.490237832069396973e+00,2.078491926193237305e+00
-3.947710096836090088e-01,1.877313852310180664e+00
-2.765773057937622070e+00,-6.228862404823303223e-01
-7.443335056304931641e-01,3.985707521438598633e+00
-2.135049581527709961e+00,1.926248669624328613e+00
-3.921688318252563477e+00,-7.284024357795715332e-01
-2.240969181060791016e+00,1.838808655738830566e-01
-1.879537701606750488e+00,4.612090587615966797e+00
-1.577576041221618652e+00,4.941896438598632812e+00
-1.164494752883911133e+00,2.324814319610595703e+00
-2.336250066757202148e+00,-7.526788711547851562e-01
1.587489604949951172e+00,-5.888640284538269043e-01
-1.265627622604370117e+00,6.527562737464904785e-01
2.330561876296997070e+00,3.743225097656250000e+00
-1.243538260459899902e+00,1.395330548286437988e+00
-1.989589452743530273e+00,-1.240662097930908203e+00
1.092627882957458496e+00,1.619579792022705078e+00
-3.321758985519409180e+00,3.026795387268066406e+00
-2.506860971450805664e+00,3.445487022399902344e+00
-1.456452250480651855e+00,3.271989107131958008e+00
3.031998872756958008e+00,2.428545989096164703e-02
-1.595921993255615234e+00,4.686026096343994141e+00
-7.537285089492797852e-01,3.981981515884399414e+00
7.294582724571228027e-01,4.325772285461425781e+00
-1.631862521171569824e+00,2.581596612930297852e+00
1.720312833786010742e+00,3.214446604251861572e-01
-1.124294161796569824e+00,5.071286678314208984e+00
-1.894880175590515137e+00,-3.417796611785888672e+00
2.284662008285522461e+00,2.507529973983764648e+00
-2.168199062347412109e+00,3.930521965026855469e+00
3.030219078063964844e-01,3.385892868041992188e+00
-4.253738403320312500e+00,8.709305524826049805e-01
-3.308801651000976562e+00,9.106232523918151855e-01
-4.077323436737060547e+00,2.601112365722656250e+00
-6.867083311080932617e-01,4.863897323608398438e+00
-1.254342436790466309e+00,-1.407222628593444824e+00
-1.406540870666503906e+00,4.930531024932861328e+00
-2.969044685363769531e+00,-1.231743097305297852e+00
2.096730470657348633e+00,8.159974217414855957e-01
-2.878656089305877686e-01,1.053449630737304688e+00
2.151631593704223633e+00,1.361581683158874512e+00
-2.303551912307739258e+00,7.563532590866088867e-01
-6.974464058876037598e-01,1.298655867576599121e+00
-3.345715045928955078e+00,-1.000833034515380859e+00
-2.333598136901855469e-01,2.307501554489135742e+00
4.370207786560058594e-01,1.877172470092773438e+00
-3.655097723007202148e+00,-2.764359712600708008e+00
-4.945594310760498047e+00,5.951315760612487793e-01
-1.594497323036193848e+00,-1.205042481422424316e+00
-1.615058541297912598e+00,-4.683624804019927979e-01
-4.807443618774414062e+00,2.419251918792724609e+00
1.388718485832214355e+00,2.720329761505126953e+00
1.773893713951110840e+00,3.183020830154418945e+00
2.184198856353759766e+00,-1.131670594215393066e+00
-3.187422990798950195e+00,-2.459637880325317383e+00
-2.861218452453613281e+00,3.559566259384155273e+00
1.893143415451049805e+00,2.039065122604370117e+00
-3.880151033401489258e+00,3.597760200500488281e+00
-2.330627202987670898e+00,8.461993932723999023e-01
-2.061520576477050781e+00,-2.519007325172424316e-01
-1.941509962081909180e+00,4.661574363708496094e+00
-4.715843677520751953e+00,1.324852228164672852e+00
2.256339073181152344e+00,9.510506391525268555e-01
-7.046008110046386719e-01,6.637878715991973877e-02
-1.830667853355407715e+00,-1.853397250175476074e+00
