-6.152607440948486328e+00,1.458930730819702148e+00
7.746263980865478516e+00,3.349291801452636719e+00
5.565614700317382812e+00,-1.982211351394653320e+00
4.237529754638671875e+00,4.180047988891601562e+00
-7.294291496276855469e+00,-3.193867921829223633e+00
-7.962553501129150391e+00,-1.736171007156372070e+00
5.528658390045166016e+00,-4.105161666870117188e+00
-7.021008014678955078e+00,-2.598891973495483398e+00
-6.883606433868408203e+00,9.103720784187316895e-01
5.079532623291015625e+00,-2.057341814041137695e+00
1.619510173797607422e+00,3.188097238540649414e+00
8.266748428344726562e+00,-1.232349395751953125e+00
-3.629023551940917969e+00,-6.528651714324951172e-01
-1.491582036018371582e+00,-3.777044773101806641e+00
8.122076034545898438e+00,-7.886947989463806152e-01
3.152985572814941406e+00,2.445843219757080078e+00
-7.123832702636718750e+00,2.135071277618408203e+00
-1.324594616889953613e+00,-2.652571916580200195e+00
6.755224227905273438e+00,2.435637474060058594e+00
-8.600352287292480469e+00,-3.434344768524169922e+00
-3.213363647460937500e+00,1.287457823753356934e+00
9.024680852890014648e-01,3.617580890655517578e+00
-4.439975261688232422e+00,-1.760584712028503418e+00
7.634861469268798828e+00,-1.207506179809570312e+00
-3.658732652664184570e+00,-1.692674040794372559e+00
-4.825893878936767578e+00,-1.935875266790390015e-01
-3.690103054046630859e+00,-1.259295940399169922e+00
1.719098448753356934e+00,2.885788917541503906e+00
6.883886814117431641e+00,-3.445359468460083008e-01
-7.162847518920898438e+00,-2.614436149597167969e+00
-7.609440326690673828e+00,-2.157023429870605469e+00
-7.648730754852294922e+00,2.794221878051757812e+00
-3.288734436035156250e+00,-8.445572853088378906e-01
-6.373026847839355469e+00,2.338140010833740234e+00
7.429505348205566406e+00,-5.947154164314270020e-01
-5.709088325500488281e+00,1.442605443298816681e-02
-3.032801151275634766e+00,-2.011450767517089844e+00
5.382166862487792969e+00,-6.904804110527038574e-01
6.694312572479248047e+00,-1.317942261695861816e+00
-6.423355579376220703e+00,3.394858360290527344e+00
-4.589959621429443359e+00,-3.055513858795166016e+00
-9.099655151367187500e+00,-2.651846170425415039e+00
-6.113361835479736328e+00,2.234083175659179688e+00
-8.592445373535156250e+00,-2.041873216629028320e+00
3.923506021499633789e+00,4.906279563903808594e+00
7.870871543884277344e+00,-8.536741733551025391e-01
-4.995806694030761719e+00,2.767921388149261475e-01
5.274824142456054688e+00,1.552909970283508301e+00
-2.534596443176269531e+00,-2.359840393066406250e+00
-6.539972305297851562e+00,-2.419184684753417969e+00
6.480771541595458984e+00,3.722060844302177429e-02
7.703073978424072266e+00,3.596598625183105469e+00
-2.671633005142211914e+00,7.173691391944885254e-01
-4.800787925720214844e+00,1.957536220550537109e+00
6.265093803405761719e+00,3.403071165084838867e+00
7.075384140014648438e+00,4.591012477874755859e+00
-2.461556911468505859e+00,-1.867838025093078613e+00
-5.294011116027832031e+00,1.102956771850585938e+00
-2.981064558029174805e+00,6.725429892539978027e-01
-6.325692176818847656e+00,3.598935157060623169e-02
-1.443623900413513184e+00,-4.809880733489990234e+00
-6.461106777191162109e+00,2.799873828887939453e+00
-6.388100147247314453e+00,-1.104469180107116699e+00
-3.732865095138549805e+00,2.000542640686035156e+00
-7.892103195190429688e+00,-1.868864774703979492e+00
-2.057730197906494141e+00,8.948013186454772949e-01
5.960378646850585938e+00,-3.091596126556396484e+00
-5.517369508743286133e-01,1.237995266914367676e+00
-4.844754695892333984e+00,2.516896486282348633e+00
-1.292697310447692871e+00,-1.508382201194763184e+00
-4.019737839698791504e-01,1.781458020210266113e+00
-8.593311309814453125e+00,-2.214095115661621094e+00
7.610826492309570312e+00,4.834853649139404297e+00
6.480426311492919922e+00,4.513944149017333984e+00
4.393093109130859375e+00,1.225145459175109863e+00
-1.232863426208496094e+00,4.075303077697753906e-01
5.636563777923583984e+00,4.543232321739196777e-01
-6.299822807312011719e+00,9.164651632308959961e-01
-6.499355316162109375e+00,2.080506086349487305e+00
7.004068374633789062e+00,4.608902454376220703e+00
6.857935905456542969e+00,4.405735969543457031e+00
6.222462654113769531e+00,-3.029744625091552734e+00
6.149034500122070312e+00,-3.992991685867309570e+00
-2.222878456115722656e+00,-1.347347259521484375e+00
-4.563405990600585938e+00,4.900639653205871582e-01
-4.562425136566162109e+00,1.504803180694580078e+00
-2.336925268173217773e+00,1.251472234725952148e+00
-1.979401230812072754e+00,-1.337695002555847168e+00
7.642251968383789062e+00,3.620244503021240234e+00
7.876163482666015625e+00,-2.410242855548858643e-01
3.438809633255004883e+00,4.308782577514648438e+00
-7.534482002258300781e+00,-1.846812605857849121e+00
7.360651969909667969e+00,4.002632617950439453e+00
-7.811848163604736328e+00,-3.505946159362792969e+00
-4.130344390869140625e+00,-2.629384040832519531e+00
-6.549524784088134766e+00,-1.781246215105056763e-01
-6.174880981445312500e+00,-1.090550541877746582e+00
1.934194803237915039e+00,4.254262924194335938e+00
1.472550511360168457e+00,3.484414815902709961e+00
-2.197538852691650391e+00,-3.681618690490722656e+00
-3.712966680526733398e+00,-3.410449981689453125e+00
-5.579957008361816406e+00,1.125236511230468750e+00
-7.308336257934570312e+00,-1.830548048019409180e+00
-6.794682025909423828e+00,7.268056869506835938e-01
6.453537940979003906e+00,-5.072128772735595703e+00
6.429510116577148438e+00,-5.014378547668457031e+00
-3.238896369934082031e+00,1.201537966728210449e+00
-8.463649749755859375e+00,-3.254826068878173828e+00
5.316733360290527344e+00,3.301794767379760742e+00
-2.061763763427734375e+00,-3.702581882476806641e+00
-4.025833606719970703e+00,-7.788233757019042969e-01
3.155114889144897461e+00,4.877580165863037109e+00
-2.158201217651367188e+00,6.607304513454437256e-02
-6.060467362403869629e-01,9.014522433280944824e-01
5.663774013519287109e+00,-2.798200607299804688e+00
-5.960959434509277344e+00,9.958165884017944336e-01
2.155822992324829102e+00,4.384968757629394531e+00
-4.105200767517089844e+00,-2.984189987182617188e+00
-7.301558971405029297e+00,-1.579736828804016113e+00
-2.449797391891479492e+00,-2.113597393035888672e+00
6.245334148406982422e+00,4.517834663391113281e+00
-1.045340061187744141e+00,2.214645385742187500e+00
6.058839797973632812e+00,-4.453318595886230469e+00
-1.185461044311523438e+00,3.905263841152191162e-01
6.593214035034179688e+00,2.467686653137207031e+00
2.497874021530151367e+00,3.085186243057250977e+00
6.229237556457519531e+00,3.066665172576904297e+00
-6.655338287353515625e+00,6.732230782508850098e-01
-4.112417221069335938e+00,2.284138202667236328e+00
-1.082526087760925293e+00,9.828417301177978516e-01
-4.582204341888427734e+00,-3.880870819091796875e+00
7.244263648986816406e+00,-4.757024765014648438e+00
7.080403327941894531e+00,3.335662126541137695e+00
7.939211845397949219e+00,-1.253744244575500488e+00
4.858658790588378906e+00,-1.743829488754272461e+00
-1.991409897804260254e+00,6.069471836090087891e-01
6.405080318450927734e+00,-1.279663920402526855e+00
-1.619869351387023926e+00,-3.178389310836791992e+00
-3.693740367889404297e+00,-1.791180111467838287e-02
4.938773155212402344e+00,1.787301301956176758e+00
-8.249204635620117188e+00,-2.791283369064331055e+00
-6.838996887207031250e+00,3.120881319046020508e+00
-7.353559017181396484e+00,-2.095434665679931641e+00
-4.776155948638916016e+00,7.350579500198364258e-01
8.145754814147949219e+00,4.660864353179931641e+00
-2.041175842285156250e+00,-2.151065349578857422e+00
-8.820812225341796875e+00,-2.567532300949096680e+00
-5.849555969238281250e+00,-6.589742004871368408e-02
-5.939835071563720703e+00,2.472992420196533203e+00
-5.458875179290771484e+00,2.184972047805786133e+00
-2.239630557596683502e-02,1.380523562431335449e+00
4.890928268432617188e+00,-1.506739109754562378e-01
-8.327982902526855469e+00,-2.079323530197143555e+00
3.871700048446655273e+00,2.614942073822021484e+00
1.571850538253784180e+00,3.838793754577636719e+00
-6.110255718231201172e+00,2.604159355163574219e+00
-3.153481721878051758e+00,1.087515652179718018e-01
6.492142200469970703e+00,-1.249144315719604492e+00
-6.342993259429931641e+00,7.913272380828857422e-01
-4.184527397155761719e+00,-4.300183773040771484e+00
1.569318056106567383e+00,3.875692605972290039e+00
7.041209697723388672e+00,-4.788136005401611328e+00
-5.023424148559570312e+00,1.604478001594543457e+00
-8.334568023681640625e+00,-3.613427639007568359e+00
5.318380355834960938e+00,2.928394794464111328e+00
-4.107553482055664062e+00,-2.423697710037231445e+00
6.985374450683593750e+00,4.536831855773925781e+00
-4.975448131561279297e+00,-2.371245861053466797e+00
-5.787805557250976562e+00,2.971962451934814453e+00
6.574291706085205078e+00,3.848505973815917969e+00
6.197763442993164062e+00,-2.752344608306884766e-01
4.374021053314208984e+00,1.395679593086242676e+00
6.404226779937744141e+00,-2.022792398929595947e-01
6.422502517700195312e+00,2.831071376800537109e+00
5.982612133026123047e+00,-3.602325916290283203e-01
6.890657901763916016e+00,-4.541624784469604492e-01
-5.790287494659423828e+00,-1.108020916581153870e-01
-1.715227365493774414e+00,-4.507262229919433594e+00
-6.435737609863281250e+00,3.021592617034912109e+00
5.171803951263427734e+00,2.970752239227294922e+00
4.130218982696533203e+00,3.313472747802734375e+00
-7.626036167144775391e+00,2.629166126251220703e+00
-1.607095837593078613e+00,9.325687289237976074e-01
-4.653905868530273438e+00,-1.195167660713195801e+00
-3.679975748062133789e+00,1.847787261009216309e+00
8.189615249633789062e+00,4.753550052642822266e+00
-7.883928775787353516e+00,-2.394447803497314453e+00
-4.757100105285644531e+00,5.459275245666503906e-01
-4.596314907073974609e+00,4.107279777526855469e-01
3.494719505310058594e+00,4.109034538269042969e+00
-6.263104438781738281e+00,-5.385229587554931641e-01
6.591945648193359375e+00,2.695548295974731445e+00
5.810619592666625977e-01,2.046299457550048828e+00
5.271879196166992188e+00,-2.585333824157714844e+00
-1.893155813217163086e+00,-4.265381813049316406e+00
-2.512578964233398438e+00,-1.929636716842651367e+00
7.224611282348632812e+00,3.169363260269165039e+00
5.590554237365722656e+00,3.250320196151733398e+00
-1.659612298011779785e+00,-3.399161338806152344e+00
7.091358661651611328e+00,3.840020179748535156e+00
-6.132280349731445312e+00,1.735156059265136719e+00
4.434834957122802734e+00,2.930439710617065430e+00
7.868300914764404297e+00,4.224224567413330078e+00
-2.764916896820068359e+00,-8.429042696952819824e-01
7.222723007202148438e+00,-4.828713893890380859e+00
-6.755833148956298828e+00,1.309376716613769531e+00
1.913793206214904785e+00,3.875163078308105469e+00
-7.856807708740234375e+00,2.712424278259277344e+00
-1.040202498435974121e+00,-4.187636375427246094e+00
6.490885257720947266e+00,-3.751947283744812012e-01
-2.625346183776855469e+00,-1.598374605178833008e+00
1.967237591743469238e+00,1.102520823478698730e+00
-6.316307544708251953e+00,2.717523574829101562e+00
4.138920307159423828e+00,-3.560571670532226562e-01
6.798675537109375000e+00,3.572574615478515625e+00
5.918926000595092773e-01,2.801335573196411133e+00
-1.655600786209106445e+00,-3.650873899459838867e+00
7.046394824981689453e+00,-3.838117718696594238e-01
5.722568511962890625e+00,3.269536972045898438e+00
-2.361763477325439453e+00,3.239089846611022949e-01
-2.921993255615234375e+00,-1.934004426002502441e+00
-3.887959003448486328e+00,-2.281195819377899170e-01
6.691409587860107422e+00,-2.850778400897979736e-01
-3.982321023941040039e+00,-2.797018527984619141e+00
-3.471477746963500977e+00,1.037830114364624023e+00
5.654170989990234375e+00,-1.546211361885070801e+00
-3.401104211807250977e+00,3.261047005653381348e-01
-4.673789978027343750e+00,-3.191117048263549805e+00
-4.716606616973876953e+00,1.221541523933410645e+00
-4.705702304840087891e+00,2.242484539747238159e-01
-7.955086231231689453e+00,3.288578987121582031e+00
7.247177124023437500e+00,-4.637199878692626953e+00
-4.861677646636962891e+00,2.489603042602539062e+00
6.797398567199707031e+00,3.350582122802734375e+00
7.328012943267822266e+00,4.662267208099365234e+00
3.654710769653320312e+00,5.014213085174560547e+00
-4.682054519653320312e+00,-2.617056608200073242e+00
1.780767679214477539e+00,5.738014578819274902e-01
-4.880693912506103516e+00,1.189589142799377441e+00
-6.213403701782226562e+00,1.960293173789978027e+00
7.328639507293701172e+00,-5.209714889526367188e+00
6.781267166137695312e+00,-4.917747497558593750e+00
6.395644187927246094e+00,2.590230703353881836e+00
5.175011634826660156e+00,-5.329871177673339844e-01
3.295180082321166992e+00,4.314508438110351562e+00
-1.467991709709167480e+00,1.768462300300598145e+00
5.496736049652099609e+00,-3.925846576690673828e+00
6.805209636688232422e+00,2.533840179443359375e+00
-2.510095834732055664e+00,-1.813188940286636353e-01
-1.176239848136901855e+00,1.874493360519409180e+00
-6.118185520172119141e+00,2.795721530914306641e+00
-7.275305747985839844e+00,3.237762928009033203e+00
6.533948898315429688e+00,-1.466171860694885254e+00
4.216272354125976562e+00,-4.814889654517173767e-02
-3.717398643493652344e+00,-8.802226781845092773e-01
2.766353130340576172e+00,3.226541519165039062e+00
-6.475254535675048828e+00,7.751393914222717285e-01
4.179420471191406250e+00,4.036235809326171875e+00
4.272994995117187500e+00,3.194115638732910156e+00
5.647989273071289062e+00,-1.156070590019226074e+00
6.489255905151367188e+00,3.889281988143920898e+00
5.489608764648437500e+00,-2.455415010452270508e+00
-5.562869071960449219e+00,2.095831632614135742e+00
-4.354057312011718750e+00,7.609521746635437012e-01
3.909194946289062500e+00,2.323135614395141602e+00
2.936295986175537109e+00,3.812224864959716797e+00
-4.458802044391632080e-01,1.757335782051086426e+00
-4.809495449066162109e+00,-2.433018445968627930e+00
-1.188109755516052246e+00,-4.346325874328613281e+00
1.205489635467529297e+00,3.414679288864135742e+00
-3.234058618545532227e+00,1.187174201011657715e+00
-6.371743679046630859e+00,1.807780027389526367e+00
-8.215044021606445312e+00,-1.960104942321777344e+00
-6.313421249389648438e+00,1.830605745315551758e+00
7.614969253540039062e+00,3.439727306365966797e+00
-4.530509948730468750e+00,-3.566823303699493408e-01
4.463366031646728516e+00,3.032217741012573242e+00
-4.418838024139404297e+00,1.859486937522888184e+00
-3.583177566528320312e+00,-1.481088280677795410e+00
-7.167990207672119141e+00,-1.531677961349487305e+00
7.974945545196533203e+00,-6.597098708152770996e-01
4.616532325744628906e+00,8.043295741081237793e-01
-8.261765480041503906e+00,-3.303292274475097656e+00
7.757214546203613281e+00,-4.758169651031494141e+00
4.749972820281982422e+00,1.908064603805541992e+00
7.105772495269775391e+00,1.633304357528686523e-02
6.799695491790771484e+00,-5.186590671539306641e+00
5.811666011810302734e+00,3.980618715286254883e+00
-1.087134242057800293e+00,-3.738896369934082031e+00
5.483474254608154297e+00,1.891697496175765991e-01
5.908949851989746094e+00,-3.866008520126342773e+00
-1.019494771957397461e+00,8.076024055480957031e-01
-8.521416664123535156e+00,-3.147798776626586914e+00
6.667180061340332031e+00,-1.759790182113647461e+00
-6.255220890045166016e+00,1.687257051467895508e+00
-4.379151821136474609e+00,-3.989276170730590820e+00
-7.231203556060791016e+00,-1.577604770660400391e+00
2.666907548904418945e+00,4.551186084747314453e+00
1.559642791748046875e+00,3.373117923736572266e+00
-8.775299072265625000e+00,-2.405033826828002930e+00
-8.589155197143554688e+00,-2.997484683990478516e+00
-6.770181179046630859e+00,-2.247564554214477539e+00
-4.746167182922363281e+00,2.045797586441040039e+00
-2.255200386047363281e+00,-1.188602089881896973e+00
-8.121404647827148438e+00,-2.776096582412719727e+00
6.170180320739746094e+00,-3.257838964462280273e+00
6.629990577697753906e+00,2.361445903778076172e+00
-1.089337229728698730e+00,1.339186072349548340e+00
6.498029232025146484e+00,-1.838034152984619141e+00
-4.553173065185546875e+00,-1.750330805778503418e+00
6.940992355346679688e+00,2.721804618835449219e+00
-8.685297966003417969e+00,-3.467742443084716797e+00
6.635401725769042969e+00,3.885615110397338867e+00
8.150745630264282227e-01,3.444557666778564453e+00
-3.429404020309448242e+00,-8.815343976020812988e-01
4.215174615383148193e-01,2.114869356155395508e+00
-1.987483263015747070e+00,-2.229274749755859375e+00
-1.487496137619018555e+00,-3.541011571884155273e+00
-6.921589374542236328e+00,3.413209199905395508e+00
-8.300767898559570312e+00,3.095801830291748047e+00
-7.025987625122070312e+00,1.361862063407897949e+00
-7.399087429046630859e+00,2.643622875213623047e+00
-3.178612947463989258e+00,8.780998587608337402e-01
-4.607604026794433594e+00,1.401664853096008301e+00
-3.627500534057617188e+00,-3.579220056533813477e+00
5.524388790130615234e+00,-3.988925933837890625e+00
-2.088000059127807617e+00,-3.013256072998046875e+00
-6.570203304290771484e+00,2.864151000976562500e+00
-4.121914863586425781e+00,-3.791333913803100586e+00
-6.487229824066162109e+00,-2.263144731521606445e+00
5.220728397369384766e+00,-3.261182546615600586e+00
6.169976711273193359e+00,-7.396103143692016602e-01
-4.610405921936035156e+00,2.245027780532836914e+00
-8.973950386047363281e+00,-2.780554056167602539e+00
-9.111631393432617188e+00,-3.348532438278198242e+00
7.198110580444335938e+00,-4.230988025665283203e+00
-7.045339107513427734e+00,1.357699632644653320e+00
7.752096652984619141e+00,3.589371442794799805e+00
1.949046969413757324e+00,4.249752044677734375e+00
-1.283624649047851562e+00,-2.635094404220581055e+00
-1.041279435157775879e+00,1.029419183731079102e+00
-7.872001171112060547e+00,-1.573511838912963867e+00
1.066373109817504883e+00,3.664156198501586914e+00
-5.973222732543945312e+00,2.706221103668212891e+00
1.559610247611999512e+00,3.100729227066040039e+00
-7.734700679779052734e+00,2.643625020980834961e+00
-3.648830175399780273e+00,-3.179407835006713867e+00
-8.563686370849609375e+00,-2.924724817276000977e+00
6.338793277740478516e+00,4.130442619323730469e+00
7.354554176330566406e+00,-8.245301246643066406e-01
6.823577880859375000e+00,-1.679078102111816406e+00
5.960661888122558594e+00,-4.180154800415039062e+00
4.399267196655273438e+00,3.097894668579101562e+00
-6.319281458854675293e-01,7.492720484733581543e-01
-3.120520591735839844e+00,1.187647700309753418e+00
-4.685670375823974609e+00,2.432979792356491089e-01
-4.657896041870117188e+00,6.867264509201049805e-01
-2.264717817306518555e+00,6.915566325187683105e-01
4.903695583343505859e+00,7.722738981246948242e-01
3.220841407775878906e+00,4.974608421325683594e+00
7.718346118927001953e+00,-4.499073624610900879e-01
-7.901692867279052734e+00,2.719686269760131836e+00
8.204433441162109375e+00,4.794680595397949219e+00
6.353081226348876953e+00,-3.186311483383178711e+00
7.043469905853271484e+00,-4.135941341519355774e-02
-4.219328403472900391e+00,-2.724893331527709961e+00
4.444709300994873047e+00,-2.441565096378326416e-01
-5.101468563079833984e+00,-6.168739199638366699e-01
4.339834213256835938e+00,3.515988349914550781e+00
6.747270107269287109e+00,-4.461892127990722656e+00
-4.687934398651123047e+00,-1.971780061721801758e+00
-8.315237760543823242e-01,-2.911038398742675781e+00
6.631671905517578125e+00,-1.459712237119674683e-01
-4.292793273925781250e+00,-1.761923551559448242e+00
-7.434479594230651855e-01,1.300478339195251465e+00
-3.133044481277465820e+00,-6.744794845581054688e-01
2.462718248367309570e+00,1.273765206336975098e+00
-2.085087537765502930e+00,-2.052198171615600586e+00
4.581544399261474609e+00,3.549429178237915039e+00
-9.073292732238769531e+00,-3.332766294479370117e+00
-7.490090370178222656e+00,-2.989380121231079102e+00
4.057591438293457031e+00,6.199065130203962326e-03
3.017203330993652344e+00,4.277695655822753906e+00
4.429275035858154297e+00,7.543413639068603516e-01
-6.530080318450927734e+00,2.908653974533081055e+00
4.705193042755126953e+00,3.656938791275024414e+00
-1.695504426956176758e+00,-4.817816257476806641e+00
-5.229013919830322266e+00,1.759293675422668457e+00
-5.702401161193847656e+00,2.226651668548583984e+00
-5.862336635589599609e+00,1.394474267959594727e+00
6.999433040618896484e+00,-4.867146015167236328e+00
-5.916652679443359375e-01,9.143445491790771484e-01
-6.977641105651855469e+00,-2.494162797927856445e+00
-6.111055374145507812e+00,-4.940769076347351074e-01
5.568893909454345703e+00,-9.190095663070678711e-01
-7.498077392578125000e+00,-2.751543283462524414e+00
-5.159045696258544922e+00,1.713936686515808105e+00
-4.887062072753906250e+00,7.193906307220458984e-01
4.424306869506835938e+00,2.182851552963256836e+00
-4.399893760681152344e+00,2.343577146530151367e+00
4.748738288879394531e+00,-1.665580719709396362e-01
6.767365932464599609e+00,3.156895875930786133e+00
-1.933254122734069824e+00,-4.305754184722900391e+00
5.446867465972900391e+00,3.972709417343139648e+00
7.558485984802246094e+00,3.103034019470214844e+00
-4.062624931335449219e+00,-1.011160135269165039e+00
3.201125144958496094e+00,5.094953536987304688e+00
4.722393512725830078e+00,7.980301231145858765e-02
6.972265243530273438e+00,4.575301647186279297e+00
-3.310100078582763672e+00,-1.601717323064804077e-01
-1.779016733169555664e+00,-4.754781723022460938e+00
4.807975292205810547e+00,1.820794701576232910e+00
-5.547096729278564453e+00,2.980872869491577148e+00
-7.694887638092041016e+00,-3.175328969955444336e+00
5.606381893157958984e+00,-2.119360208511352539e+00
7.943034648895263672e+00,-4.982372820377349854e-01
-4.333503842353820801e-01,2.279614686965942383e+00
-2.643899202346801758e+00,-2.132177829742431641e+00
-3.710546255111694336e+00,-3.881035149097442627e-01
-1.864849925041198730e+00,-4.431840896606445312e+00
-4.866199970245361328e+00,-2.407320261001586914e+00
-7.605086326599121094e+00,2.646230220794677734e+00
5.873651504516601562e+00,3.708016157150268555e+00
-4.009467124938964844e+00,5.414875149726867676e-01
-1.107680797576904297e+00,9.214063882827758789e-01
7.097211837768554688e+00,1.119549851864576340e-02
-8.007139205932617188e+00,-1.889157176017761230e+00
-3.462390184402465820e+00,1.505915403366088867e+00
-6.386858463287353516e+00,-1.603951334953308105e+00
-8.425889968872070312e+00,-3.215293169021606445e+00
-3.921120405197143555e+00,-4.870752692222595215e-01
-4.881977081298828125e+00,1.467952132225036621e+00
-5.058243274688720703e+00,3.612541556358337402e-01
-2.423322677612304688e+00,-2.399683237075805664e+00
-3.683874368667602539e+00,2.325593233108520508e+00
-2.054847717285156250e+00,-2.663018703460693359e+00
-6.560066699981689453e+00,-1.833301901817321777e+00
-6.406576633453369141e+00,2.805200338363647461e+00
-7.056585311889648438e+00,1.391875147819519043e+00
6.525667667388916016e+00,-1.373006701469421387e+00
7.514029979705810547e+00,-5.392924308776855469e+00
-3.547526359558105469e+00,-2.449884891510009766e+00
7.970308303833007812e+00,-7.263147234916687012e-01
5.605875492095947266e+00,-9.307837486267089844e-01
-7.339791774749755859e+00,3.030864000320434570e+00
-2.250813484191894531e+00,-2.544491291046142578e+00
-6.067144870758056641e+00,2.152681350708007812e+00
2.548530578613281250e+00,4.659783363342285156e+00
-2.769305229187011719e+00,-6.582642197608947754e-01
1.433538079261779785e+00,3.260145664215087891e+00
-2.563562870025634766e+00,1.182927608489990234e+00
7.112121105194091797e+00,8.197317831218242645e-03
-2.998920440673828125e+00,-1.178191900253295898e+00
-4.984116554260253906e+00,5.777950286865234375e-01
7.139891624450683594e+00,-2.736474573612213135e-02
-4.609571933746337891e+00,-3.765911102294921875e+00
-4.444566249847412109e+00,-2.376475572586059570e+00
-3.734468460083007812e+00,-4.668558537960052490e-01
-4.248606204986572266e+00,-1.748347043991088867e+00
-2.467549145221710205e-01,1.123844385147094727e+00
-6.257072448730468750e+00,3.227379083633422852e+00
-8.247138977050781250e+00,-2.144222736358642578e+00
5.488240718841552734e+00,-3.019625663757324219e+00
-2.719241142272949219e+00,-1.510204195976257324e+00
-3.115570068359375000e+00,8.973841071128845215e-01
-4.811365127563476562e+00,-2.676257610321044922e+00
-3.478495836257934570e+00,-3.223026037216186523e+00
-7.033957958221435547e+00,1.353590726852416992e+00
-5.579165458679199219e+00,1.950259685516357422e+00
7.924897193908691406e+00,4.155208587646484375e+00
-4.752922534942626953e+00,6.076819300651550293e-01
-1.074476718902587891e+00,-2.682346820831298828e+00
7.915137767791748047e+00,4.880145549774169922e+00
4.545634269714355469e+00,3.545242309570312500e+00
-6.306377887725830078e+00,2.407768011093139648e+00
-2.459223985671997070e+00,-2.738023519515991211e+00
-6.641099452972412109e+00,-6.808977723121643066e-01
5.119072437286376953e+00,1.998298645019531250e+00
-5.417074203491210938e+00,2.065688133239746094e+00
-4.047879219055175781e+00,-2.527101516723632812e+00
6.352654933929443359e+00,3.212324619293212891e+00
-9.139128684997558594e+00,-2.678873777389526367e+00
7.038127422332763672e+00,4.584210395812988281e+00
-5.183602333068847656e+00,-1.928773671388626099e-01
-6.389332294464111328e+00,2.305821657180786133e+00
1.968007445335388184e+00,6.737840771675109863e-01
7.754397392272949219e+00,-1.234265804290771484e+00
7.261556148529052734e+00,-1.526967883110046387e+00
-3.856831073760986328e+00,-8.998492360115051270e-01
2.841035127639770508e+00,4.322838783264160156e+00
6.598824501037597656e+00,-4.911890029907226562e+00
1.249451860785484314e-01,2.306407451629638672e+00
7.296875476837158203e+00,4.720536708831787109e+00
7.553896903991699219e+00,-5.104929447174072266e+00
6.729004383087158203e+00,-3.893513441085815430e+00
7.861051559448242188e+00,4.289973735809326172e+00
2.539985656738281250e+00,3.234883785247802734e+00
-6.389784336090087891e+00,2.529556751251220703e+00
-5.614599585533142090e-01,8.883845210075378418e-01
1.430061101913452148e+00,4.213705062866210938e+00
-4.928956985473632812e+00,-1.920383930206298828e+00
-7.995066642761230469e+00,-3.205417871475219727e+00
-5.690900802612304688e+00,1.314401745796203613e+00
-3.750610589981079102e+00,-1.153202772140502930e+00
6.189775466918945312e+00,-4.378505945205688477e-01
-4.222854614257812500e+00,-4.291900634765625000e+00
-1.403479218482971191e+00,-2.744927406311035156e+00
7.891056060791015625e+00,-7.604917287826538086e-01
4.204943656921386719e+00,4.785470068454742432e-01
-4.482013702392578125e+00,-3.123590469360351562e+00
-6.515766620635986328e+00,3.401662826538085938e+00
-8.670004844665527344e+00,-3.056333303451538086e+00
-7.708710670471191406e+00,-3.271037340164184570e+00
7.009685516357421875e+00,-4.129616260528564453e+00
-6.326087951660156250e+00,2.044948816299438477e+00
-6.342064380645751953e+00,3.081927299499511719e+00
7.461742401123046875e+00,2.964304685592651367e+00
7.104623317718505859e+00,-5.626614093780517578e-01
-5.773304462432861328e+00,1.933549165725708008e+00
7.310942649841308594e+00,3.076726436614990234e+00
-5.448446273803710938e+00,1.151163220405578613e+00
-1.118285775184631348e+00,-4.515959262847900391e+00
3.129511833190917969e+00,4.017801284790039062e+00
-9.792788624763488770e-01,-3.026656627655029297e+00
4.208114624023437500e+00,3.908212184906005859e+00
-4.828253269195556641e+00,4.753680229187011719e-01
4.643198490142822266e+00,3.406975984573364258e+00
1.562517762184143066e+00,4.300230503082275391e+00
-4.017396450042724609e+00,-3.799906492233276367e+00
-9.116532325744628906e+00,-3.251222133636474609e+00
7.999577045440673828e+00,-4.794673323631286621e-01
2.048647880554199219e+00,2.665991783142089844e+00
5.926682472229003906e+00,-5.429437756538391113e-01
-6.891017913818359375e+00,2.567911148071289062e+00
-9.078749656677246094e+00,-3.296809196472167969e+00
-7.264954090118408203e+00,-3.131977081298828125e+00
-8.157942771911621094e+00,-3.549146652221679688e+00
-4.385680675506591797e+00,-5.811350941658020020e-01
4.202241420745849609e+00,4.052243530750274658e-01
4.526127815246582031e+00,2.390410661697387695e+00
7.255712985992431641e+00,-4.678209304809570312e+00
-1.623812675476074219e+00,-1.111146330833435059e+00
-8.317123413085937500e+00,-3.474005460739135742e+00
-2.262752532958984375e+00,-3.658792018890380859e+00
-8.213910102844238281e+00,3.254101991653442383e+00
5.741624355316162109e+00,-3.984688520431518555e-01
6.470071792602539062e+00,-3.426138162612915039e+00
-8.571249008178710938e+00,-2.266877412796020508e+00
-2.086974859237670898e+00,9.920653104782104492e-01
-4.961397171020507812e+00,2.147187471389770508e+00
-5.425417900085449219e+00,6.910602450370788574e-01
-4.486788272857666016e+00,2.060000658035278320e+00
4.410791873931884766e+00,3.858743190765380859e+00
-5.175498485565185547e+00,1.974401235580444336e+00
7.900680541992187500e+00,-1.077206969261169434e+00
-4.122439384460449219e+00,-2.437303543090820312e+00
-7.037728786468505859e+00,-2.841377258300781250e+00
-4.013335227966308594e+00,-3.784709930419921875e+00
-6.311184883117675781e+00,2.313672304153442383e+00
-1.112213492393493652e+00,4.293830692768096924e-01
3.145235538482666016e+00,4.842507839202880859e+00
-1.825040459632873535e+00,-4.657795429229736328e+00
-6.602193355560302734e+00,-1.833642125129699707e-01
-1.346819996833801270e+00,1.878880381584167480e+00
-2.542334079742431641e+00,-3.074266314506530762e-01
-6.537397384643554688e+00,1.408370494842529297e+00
6.984503269195556641e+00,-4.969956353306770325e-02
-4.093939781188964844e+00,-1.872372776269912720e-01
6.264350414276123047e+00,3.199262171983718872e-02
-1.052909255027770996e+00,1.387005686759948730e+00
-6.474633693695068359e+00,-6.000927090644836426e-01
-1.125341176986694336e+00,-2.861611604690551758e+00
5.989768981933593750e+00,-3.100736379623413086e+00
-6.115690708160400391e+00,7.858000397682189941e-01
-6.435835361480712891e+00,-1.085775494575500488e+00
-7.118082046508789062e+00,-2.730453968048095703e+00
6.750422000885009766e+00,4.017177104949951172e+00
4.213351726531982422e+00,5.100647211074829102e-01
-2.075115919113159180e+00,-3.582627534866333008e+00
-7.439931392669677734e+00,3.128777265548706055e+00
-4.808848857879638672e+00,-3.031854629516601562e+00
3.177204370498657227e+00,4.324090480804443359e+00
6.770640850067138672e+00,3.551322221755981445e+00
-3.689452886581420898e+00,-1.071310043334960938e+00
3.025241613388061523e+00,3.673935174942016602e+00
6.482959747314453125e+00,-7.739340662956237793e-01
-4.362430095672607422e+00,1.405842900276184082e+00
-4.888462066650390625e+00,-2.611361742019653320e+00
7.163127899169921875e+00,4.705698013305664062e+00
6.574181556701660156e+00,-3.448365628719329834e-01
-8.968546867370605469e+00,-2.430716276168823242e+00
7.232022285461425781e+00,-6.820973157882690430e-01
-1.025992989540100098e+00,1.427977323532104492e+00
-7.232344150543212891e+00,-3.101556301116943359e+00
5.878638267517089844e+00,-4.136508464813232422e+00
-2.075182914733886719e+00,-5.408984422683715820e-01
-8.140393495559692383e-01,-2.914579153060913086e+00
-2.050709962844848633e+00,2.066371917724609375e+00
-4.430067062377929688e+00,4.851174056529998779e-01
-6.494165897369384766e+00,7.649831473827362061e-02
6.953979015350341797e+00,4.045173645019531250e+00
-6.501797676086425781e+00,1.415546417236328125e+00
1.432939887046813965e+00,4.037377357482910156e+00
-5.650227069854736328e-01,8.099859952926635742e-01
7.643397808074951172e+00,-5.620340824127197266e+00
-9.226541519165039062e+00,-3.320203781127929688e+00
-4.302167415618896484e+00,-1.555681228637695312e+00
-4.555886268615722656e+00,2.447638958692550659e-01
-4.485501289367675781e+00,2.201057195663452148e+00
8.052624702453613281e+00,-1.372548699378967285e+00
-8.895509719848632812e+00,-2.419961452484130859e+00
5.654787063598632812e+00,2.947598993778228760e-01
7.658176422119140625e+00,4.157062053680419922e+00
8.387895584106445312e+00,4.381306171417236328e+00
-8.244370460510253906e+00,3.128014564514160156e+00
4.344195842742919922e+00,3.648507893085479736e-01
-8.549375534057617188e+00,-2.228349685668945312e+00
-8.279459953308105469e+00,-2.764845132827758789e+00
-2.908221721649169922e+00,-5.627822279930114746e-01
5.963652133941650391e+00,-2.996072769165039062e+00
-1.525348067283630371e+00,-4.915317058563232422e+00
-1.103598475456237793e+00,2.131207227706909180e+00
6.793932914733886719e+00,-4.755979537963867188e+00
-2.734161615371704102e+00,7.156482934951782227e-01
-2.076953649520874023e+00,-3.808257579803466797e+00
7.420021533966064453e+00,-1.539491534233093262e+00
6.270863056182861328e+00,-2.695845365524291992e+00
-4.260702610015869141e+00,-1.313002228736877441e+00
-3.479945659637451172e+00,-3.272593975067138672e+00
4.331943035125732422e+00,-6.244155764579772949e-02
-3.353698253631591797e+00,-8.097921609878540039e-01
-6.017895221710205078e+00,2.128129005432128906e+00
-8.708305358886718750e+00,-2.115864276885986328e+00
5.962315559387207031e+00,3.369553327560424805e+00
-2.201374292373657227e+00,-2.433655738830566406e+00
-7.321666240692138672e+00,-1.695083379745483398e+00
6.167092800140380859e+00,3.263535976409912109e+00
-2.660167455673217773e+00,-1.346909642219543457e+00
3.872994184494018555e+00,3.764581918716430664e+00
-4.799721717834472656e+00,2.520212173461914062e+00
-3.337786197662353516e+00,1.665789484977722168e+00
-5.438783645629882812e+00,5.855390056967735291e-02
7.659294605255126953e-01,3.507333993911743164e+00
-1.850281357765197754e+00,-4.568054199218750000e+00
5.734149932861328125e+00,3.291288018226623535e-01
6.876559734344482422e+00,-4.163578510284423828e+00
-4.648725509643554688e+00,-4.539198279380798340e-01
-3.619561433792114258e+00,-7.416507005691528320e-01
-3.768603563308715820e+00,-3.682265043258666992e+00
-7.587763309478759766e+00,2.382123470306396484e+00
-7.030223369598388672e+00,1.366995573043823242e+00
6.233167171478271484e+00,-4.277012944221496582e-01
-6.257609367370605469e+00,2.574015140533447266e+00
-6.739761352539062500e+00,-1.649021983146667480e+00
5.534129619598388672e+00,-1.078000068664550781e+00
1.353336691856384277e+00,3.079642534255981445e+00
7.749556541442871094e+00,-5.408739566802978516e+00
3.298161983489990234e+00,-1.619363307952880859e+00
-3.725324153900146484e+00,-1.327460527420043945e+00
6.355323314666748047e+00,-3.612043142318725586e+00
6.042176246643066406e+00,-5.232673883438110352e-01
-2.575374841690063477e+00,-2.863439559936523438e+00
-1.716080784797668457e+00,-4.610100746154785156e+00
-7.233646869659423828e+00,-1.924649953842163086e+00
-6.327535152435302734e+00,1.383923292160034180e+00
3.404314041137695312e+00,4.107821464538574219e+00
6.698510646820068359e+00,-1.638928174972534180e+00
3.407556772232055664e+00,4.135394573211669922e+00
7.446888446807861328e+00,-4.264492511749267578e+00
-6.951354980468750000e+00,1.248698234558105469e+00
-9.126015663146972656e+00,-3.375337123870849609e+00
-5.468066215515136719e+00,1.387285947799682617e+00
-3.079607725143432617e+00,7.874808907508850098e-01
-7.116510868072509766e+00,1.267094254493713379e+00
-2.685909748077392578e+00,1.663361668586730957e+00
4.594120025634765625e+00,2.765892267227172852e+00
-5.374675750732421875e+00,2.306156158447265625e-01
4.506461143493652344e+00,-2.201281070709228516e+00
-1.683122158050537109e+00,2.130871057510375977e+00
-6.843337059020996094e+00,3.500375747680664062e+00
5.639999389648437500e+00,-1.891600131988525391e+00
-9.197257041931152344e+00,-3.325228214263916016e+00
-2.763734817504882812e+00,1.752808094024658203e-01
4.515725135803222656e+00,2.967844247817993164e+00
5.787904262542724609e+00,2.697798311710357666e-01
-4.734164237976074219e+00,-7.189193964004516602e-01
7.156997680664062500e+00,-1.071385502815246582e+00
-7.375669956207275391e+00,-1.657014489173889160e+00
-6.703039646148681641e+00,9.128977656364440918e-01
-4.485284805297851562e+00,-3.878550529479980469e-01
-5.918705940246582031e+00,8.646131157875061035e-01
-9.502550959587097168e-01,6.496087312698364258e-01
9.005848169326782227e-01,2.731867074966430664e+00
-2.238982677459716797e+00,-3.439053535461425781e+00
8.305626869201660156e+00,4.627323627471923828e+00
-7.376294612884521484e+00,1.896043300628662109e+00
7.025395870208740234e+00,3.861019372940063477e+00
-9.746667146682739258e-01,5.569338202476501465e-01
-1.952463150024414062e+00,-4.430862426757812500e+00
-5.521011352539062500e+00,1.111068248748779297e+00
-1.854798078536987305e+00,-4.313184738159179688e+00
-2.184926532208919525e-02,2.436247348785400391e+00
-4.715569019317626953e+00,-2.674968481063842773e+00
8.073266029357910156e+00,4.099211692810058594e+00
-2.337602615356445312e+00,-1.729618310928344727e+00
-5.386610507965087891e+00,-1.392519831657409668e+00
9.487911462783813477e-01,3.629208803176879883e+00
5.609830379486083984e+00,-8.856863975524902344e-01
4.575823307037353516e+00,3.428978443145751953e+00
6.334150314331054688e+00,4.131851196289062500e+00
-6.207571983337402344e+00,-7.358798384666442871e-01
3.923057794570922852e+00,3.583202362060546875e+00
6.392266273498535156e+00,4.526523113250732422e+00
-2.044814586639404297e+00,-2.435544967651367188e+00
-4.411327362060546875e+00,-3.019399642944335938e+00
-4.408799648284912109e+00,1.459782004356384277e+00
-6.632164478302001953e+00,7.298554182052612305e-01
2.374786853790283203e+00,2.106072902679443359e+00
-3.616531372070312500e+00,-3.460232496261596680e+00
7.357614994049072266e+00,1.325239539146423340e-01
-3.108619928359985352e+00,-1.898784875869750977e+00
7.786261558532714844e+00,3.354968070983886719e+00
8.050791740417480469e+00,4.299970626831054688e+00
7.256346702575683594e+00,-4.100466728210449219e+00
5.778300762176513672e+00,3.813852787017822266e+00
3.340122699737548828e+00,1.982777953147888184e+00
6.527010440826416016e+00,-4.370633125305175781e+00
-9.871422648429870605e-01,2.096836090087890625e+00
-4.323285579681396484e+00,-1.157186985015869141e+00
-4.768127441406250000e+00,1.645684599876403809e+00
-3.690393447875976562e+00,-1.750446677207946777e+00
1.672853469848632812e+00,4.289701461791992188e+00
-1.054248571395874023e+00,-4.202978134155273438e+00
7.135346412658691406e+00,-5.739523768424987793e-01
5.307101726531982422e+00,-1.942849040031433105e+00
-6.662154674530029297e+00,-2.555035114288330078e+00
6.272282123565673828e+00,-2.642189979553222656e+00
-4.356643199920654297e+00,-2.745556354522705078e+00
6.789089679718017578e+00,-5.222906589508056641e+00
-4.761152744293212891e+00,7.266782522201538086e-01
-2.918480634689331055e+00,1.053830504417419434e+00
-1.821928262710571289e+00,-1.665659189224243164e+00
3.769845247268676758e+00,4.071086883544921875e+00
-1.871705651283264160e+00,-2.082309007644653320e+00
-3.759148597717285156e+00,1.218739628791809082e+00
-1.913228750228881836e+00,-3.984768152236938477e+00
-7.151117801666259766e+00,-1.906519412994384766e+00
-8.720983505249023438e+00,-3.361357450485229492e+00
-1.489193916320800781e+00,9.531857967376708984e-01
-5.762664318084716797e+00,1.286048173904418945e+00
7.445409297943115234e+00,1.007172390818595886e-01
1.707840323448181152e+00,4.257738590240478516e+00
6.303297519683837891e+00,-4.547895789146423340e-01
5.541155338287353516e+00,-2.860884666442871094e+00
-1.304372549057006836e+00,9.116701483726501465e-01
-2.034850358963012695e+00,1.985436201095581055e+00
-8.697403907775878906e+00,-3.105788469314575195e+00
8.314928054809570312e+00,4.375532150268554688e+00
1.668680906295776367e-01,2.611577033996582031e+00
6.719088077545166016e+00,-4.998770236968994141e+00
-7.149193763732910156e+00,1.227675795555114746e+00
-4.915722846984863281e+00,-3.049786806106567383e+00
-8.362213134765625000e+00,-2.200528621673583984e+00
2.571198940277099609e+00,1.695581555366516113e+00
7.455456256866455078e+00,-4.211808681488037109e+00
-2.138951778411865234e+00,5.569811463356018066e-01
-1.991395473480224609e+00,-1.272091269493103027e+00
-2.136145591735839844e+00,8.889532685279846191e-01
-5.699190616607666016e+00,2.315896987915039062e+00
-4.533175945281982422e+00,-3.771962642669677734e+00
-6.344557285308837891e+00,-1.214381337165832520e+00
4.636870861053466797e+00,-2.674607038497924805e-01
-8.437681198120117188e+00,-3.108946084976196289e+00
-4.264654636383056641e+00,-6.780846118927001953e-01
2.223606109619140625e+00,4.537753582000732422e+00
-4.425181388854980469e+00,-5.746148228645324707e-01
-4.353122234344482422e+00,2.187388658523559570e+00
-9.162880897521972656e+00,-3.373204469680786133e+00
3.166933774948120117e+00,4.189622879028320312e+00
-7.067232608795166016e+00,-1.060711383819580078e+00
8.264022827148437500e+00,-1.052041053771972656e+00
5.830200195312500000e+00,-3.662901639938354492e+00
-2.531317234039306641e+00,-2.517826557159423828e+00
-8.781077384948730469e+00,-2.353474378585815430e+00
-2.465624332427978516e+00,-1.792671918869018555e+00
4.053718566894531250e+00,4.600726604461669922e+00
-6.774261474609375000e+00,1.180574297904968262e+00
6.406890392303466797e+00,1.696665138006210327e-01
-6.325879573822021484e+00,-1.904340744018554688e+00
7.313822269439697266e+00,3.537466287612915039e+00
-2.975381374359130859e+00,1.306922197341918945e+00
4.691156864166259766e+00,1.237015604972839355e+00
-3.607253551483154297e+00,5.768038034439086914e-01
-2.412208795547485352e+00,-2.822690963745117188e+00
-1.700479269027709961e+00,-3.423908472061157227e+00
-2.587414741516113281e+00,-2.626914978027343750e+00
-1.120169639587402344e+00,5.016747862100601196e-02
-3.800878047943115234e+00,-2.059006452560424805e+00
-2.319788217544555664e+00,-3.415111541748046875e+00
-4.670237541198730469e+00,-1.579386711120605469e+00
-1.155814528465270996e+00,-3.828354120254516602e+00
5.967466831207275391e+00,-4.301052570343017578e+00
-2.294594794511795044e-01,1.650926589965820312e+00
-1.203820824623107910e+00,-2.707685947418212891e+00
-3.644632339477539062e+00,-3.232861518859863281e+00
-3.773244380950927734e+00,-2.799018859863281250e+00
4.644973278045654297e+00,3.607285022735595703e+00
-4.322833061218261719e+00,-1.304821729660034180e+00
-2.753585815429687500e+00,-2.062595367431640625e+00
-1.355560898780822754e+00,-2.433828830718994141e+00
-1.990716457366943359e+00,2.034404039382934570e+00
-4.169048309326171875e+00,4.256262779235839844e-01
-2.469156026840209961e+00,-2.981653451919555664e+00
-1.405557036399841309e+00,4.461674094200134277e-01
4.390692234039306641e+00,2.439513444900512695e+00
7.675695896148681641e+00,3.226824045181274414e+00
7.801106929779052734e+00,-3.005530834197998047e-01
-4.812250614166259766e+00,2.530212879180908203e+00
-5.488532781600952148e-02,1.985688209533691406e+00
-9.564720392227172852e-01,2.148306369781494141e+00
-6.248704910278320312e+00,-1.729810953140258789e+00
-2.186001062393188477e+00,4.222811758518218994e-01
3.602852582931518555e+00,3.804414510726928711e+00
7.452347755432128906e+00,2.955144643783569336e+00
-1.158907890319824219e+00,-4.161389827728271484e+00
-6.763968467712402344e+00,7.791895866394042969e-01
-1.148553967475891113e+00,-2.486917495727539062e+00
-8.770388603210449219e+00,-3.308571815490722656e+00
-4.245902538299560547e+00,-2.698201179504394531e+00
-1.904187798500061035e+00,2.124077320098876953e+00
5.238399982452392578e+00,-2.142450094223022461e+00
4.307742118835449219e+00,-4.650084301829338074e-02
-1.565743684768676758e+00,3.938946425914764404e-01
-2.844366073608398438e+00,1.273206233978271484e+00
-4.875288009643554688e+00,6.615507006645202637e-01
-4.927557945251464844e+00,-5.724256858229637146e-02
5.926376342773437500e+00,-3.949028253555297852e-01
-2.002299070358276367e+00,8.177637457847595215e-01
5.344185829162597656e+00,-5.138425230979919434e-01
-1.100878715515136719e+00,4.175500571727752686e-01
-1.880144357681274414e+00,-4.431596755981445312e+00
4.236365795135498047e+00,3.341058969497680664e+00
-1.317813038825988770e+00,-4.280738830566406250e+00
-1.630807399749755859e+00,9.418323040008544922e-01
5.856466293334960938e+00,-3.678187131881713867e+00
-3.501305103302001953e+00,1.906625628471374512e+00
-1.147032380104064941e+00,4.179290533065795898e-01
3.791996479034423828e+00,3.404522657394409180e+00
-3.216724395751953125e+00,-1.285648643970489502e-01
-4.453994274139404297e+00,-2.477872848510742188e+00
-4.890703201293945312e+00,1.184305906295776367e+00
7.054748058319091797e+00,-1.369814395904541016e+00
5.572354316711425781e+00,2.934812307357788086e+00
6.872713088989257812e+00,-4.439879894256591797e+00
1.953736186027526855e+00,4.291275024414062500e+00
-1.553558349609375000e+00,-3.386347055435180664e+00
-1.740852355957031250e+00,-1.661666035652160645e+00
3.342076063156127930e+00,4.258295059204101562e+00
-1.559149622917175293e+00,-4.536971092224121094e+00
7.531419277191162109e+00,3.920449972152709961e+00
-3.899107456207275391e+00,-2.837264060974121094e+00
-7.788217544555664062e+00,-2.202195644378662109e+00
-6.720905303955078125e+00,-9.711467623710632324e-01
-4.901225090026855469e+00,2.549158096313476562e+00
3.753984451293945312e+00,4.629131793975830078e+00
5.834846973419189453e+00,-3.761557579040527344e+00
-3.151568412780761719e+00,1.417004942893981934e+00
-2.341650485992431641e+00,-1.817589163780212402e+00
3.515830993652343750e+00,4.437623977661132812e+00
6.517618179321289062e+00,-3.307049274444580078e+00
-5.144898891448974609e+00,1.447775721549987793e+00
7.779139995574951172e+00,-5.408731460571289062e+00
-3.752838134765625000e+00,1.006359159946441650e-01
-6.336102485656738281e-01,1.274641394615173340e+00
-5.831213474273681641e+00,1.562604784965515137e+00
6.408692359924316406e+00,4.434393882751464844e+00
-4.514916896820068359e+00,-3.968907833099365234e+00
-3.444820165634155273e+00,1.227844476699829102e+00
-3.687176942825317383e+00,-5.919791460037231445e-01
-2.356591701507568359e+00,-3.005963087081909180e+00
7.662635803222656250e+00,4.789686203002929688e+00
-4.176973819732666016e+00,2.048844337463378906e+00
-5.036027431488037109e+00,-1.293956756591796875e+00
4.674790859222412109e+00,-2.300371646881103516e+00
5.892561912536621094e+00,-2.011070847511291504e-01
6.289469242095947266e+00,4.483226776123046875e+00
5.579339981079101562e+00,2.720516681671142578e+00
5.351508617401123047e+00,-2.571356296539306641e+00
1.059772491455078125e+00,3.052876234054565430e+00
-6.478852748870849609e+00,-2.621587753295898438e+00
-4.404484748840332031e+00,-2.950819969177246094e+00
-7.053867340087890625e+00,-2.830452203750610352e+00
-2.050540208816528320e+00,-1.903514266014099121e+00
-4.257505416870117188e+00,3.527985513210296631e-01
6.258996486663818359e+00,-4.911987781524658203e+00
6.292675018310546875e+00,-3.028913974761962891e+00
-4.825546741485595703e+00,2.200421094894409180e+00
-1.546332836151123047e+00,-4.440228462219238281e+00
-5.294676780700683594e+00,1.973750352859497070e+00
-6.476684570312500000e+00,2.150165081024169922e+00
-5.833857536315917969e+00,-5.151676535606384277e-01
-8.713466644287109375e+00,-2.346234798431396484e+00
-8.765861511230468750e+00,-3.312645912170410156e+00
-7.096109390258789062e+00,2.866306543350219727e+00
5.741739749908447266e+00,3.896359443664550781e+00
-1.579481244087219238e+00,-2.821245670318603516e+00
7.851713180541992188e+00,-5.009187698364257812e+00
-8.580241203308105469e+00,-2.840909957885742188e+00
6.974092006683349609e+00,4.111877441406250000e+00
7.944076061248779297e+00,4.282125473022460938e+00
-3.124614715576171875e+00,-1.971146821975708008e+00
-7.200953006744384766e+00,4.489392042160034180e-01
-3.871974468231201172e+00,-9.576997756958007812e-01
-6.863958835601806641e+00,-2.815391063690185547e+00
4.015935420989990234e+00,2.124682426452636719e+00
6.685051441192626953e+00,-5.231632232666015625e+00
-4.075457096099853516e+00,-1.202627182006835938e+00
7.366046905517578125e+00,4.676948070526123047e+00
7.853295326232910156e+00,3.651896476745605469e+00
1.471912860870361328e+00,3.025304555892944336e+00
-5.104392528533935547e+00,-1.478546142578125000e+00
8.203176498413085938e+00,-1.291066408157348633e+00
3.846172571182250977e+00,-3.843139410018920898e-01
1.735076427459716797e+00,-7.776296138763427734e-02
-4.541989803314208984e+00,1.272914290428161621e+00
-6.454030990600585938e+00,2.462855339050292969e+00
-2.961665153503417969e+00,4.437144398689270020e-01
-7.660254478454589844e+00,-1.568882346153259277e+00
5.378422141075134277e-01,3.122105121612548828e+00
4.169593811035156250e+00,4.127833366394042969e+00
-4.571477890014648438e+00,-3.956809043884277344e+00
-2.624363183975219727e+00,1.430853486061096191e+00
-5.991441726684570312e+00,1.282652497291564941e+00
-3.025715112686157227e+00,-8.780414462089538574e-01
-1.260071754455566406e+00,-4.466547489166259766e+00
-9.706839323043823242e-01,6.245538592338562012e-01
-1.064745187759399414e+00,1.213824391365051270e+00
-7.723136901855468750e+00,2.765398740768432617e+00
5.949722766876220703e+00,-3.612352311611175537e-01
5.782388687133789062e+00,3.472522974014282227e+00
8.229164123535156250e+00,-1.208822965621948242e+00
4.708028793334960938e+00,-7.785035967826843262e-01
-1.136739611625671387e+00,-2.774633169174194336e+00
-5.990480422973632812e+00,-1.000195741653442383e+00
4.182044982910156250e+00,4.728363513946533203e+00
-4.828825950622558594e+00,1.450201988220214844e+00
1.467813491821289062e+00,3.155420303344726562e+00
5.977463245391845703e+00,-3.923224687576293945e+00
-3.185966491699218750e+00,-1.562227755784988403e-01
7.743515014648437500e+00,3.576165914535522461e+00
-4.166938304901123047e+00,3.172616660594940186e-01
5.973698139190673828e+00,-1.035678293555974960e-02
-6.009748935699462891e+00,-1.316434979438781738e+00
5.416720390319824219e+00,2.661162853240966797e+00
-3.563374757766723633e+00,5.656672716140747070e-01
-1.273400068283081055e+00,-4.659863948822021484e+00
3.922537565231323242e+00,3.650010585784912109e+00
-4.691431045532226562e+00,6.777248978614807129e-01
-3.395566046237945557e-01,-3.785950899124145508e+00
7.700979232788085938e+00,3.376755714416503906e+00
6.542405128479003906e+00,-6.531003117561340332e-01
4.993131637573242188e+00,-1.779894351959228516e+00
5.496416091918945312e+00,-2.080961942672729492e+00
-9.091883659362792969e+00,-3.390492677688598633e+00
-8.125348091125488281e+00,-2.647414922714233398e+00
-8.173079490661621094e+00,-1.842476129531860352e+00
-6.466060161590576172e+00,-2.196820378303527832e-01
6.069478988647460938e+00,4.325343668460845947e-02
6.237032413482666016e+00,-5.016158103942871094e+00
7.184379100799560547e+00,-8.844742774963378906e-01
7.856069564819335938e+00,-1.359767079353332520e+00
-4.898114204406738281e+00,-2.806088447570800781e+00
-6.122968673706054688e+00,-1.060719251632690430e+00
6.513845443725585938e+00,-4.319740772247314453e+00
-1.678544402122497559e+00,-1.183948755264282227e+00
3.864157438278198242e+00,4.900724887847900391e+00
-8.996438026428222656e+00,-3.100755691528320312e+00
5.728138923645019531e+00,4.214945793151855469e+00
5.013179302215576172e+00,-1.757720470428466797e+00
7.733933448791503906e+00,-1.318657040596008301e+00
-2.879187583923339844e+00,1.409192919731140137e+00
5.716043949127197266e+00,-1.070068478584289551e+00
-4.293501377105712891e+00,3.139739930629730225e-01
-4.480533123016357422e+00,-3.171015262603759766e+00
-1.996958732604980469e+00,-2.381169557571411133e+00
6.803129196166992188e+00,3.871993303298950195e+00
-6.574706554412841797e+00,1.271095752716064453e+00
7.888442516326904297e+00,-5.068243026733398438e+00
-4.172050476074218750e+00,4.267441630363464355e-01
4.311776638031005859e+00,4.193658828735351562e+00
7.022058010101318359e+00,-5.066390037536621094e+00
-6.603917598724365234e+00,2.472398042678833008e+00
8.013899803161621094e+00,2.695706605911254883e+00
-3.051722288131713867e+00,-1.920276045799255371e+00
-7.994503974914550781e+00,-1.685127973556518555e+00
-4.721540451049804688e+00,1.986496567726135254e+00
7.427959918975830078e+00,4.016193389892578125e+00
6.269890785217285156e+00,-2.148422241210937500e+00
-6.060469150543212891e+00,7.439576387405395508e-01
8.222230911254882812e+00,4.435448646545410156e+00
-7.264945507049560547e+00,3.015917539596557617e+00
5.482313632965087891e+00,2.024768829345703125e+00
4.604566574096679688e+00,6.182522773742675781e-01
-4.053944110870361328e+00,-2.685493946075439453e+00
5.287583827972412109e+00,3.811185121536254883e+00
6.688986301422119141e+00,-4.414500713348388672e+00
6.430472850799560547e+00,-4.733968257904052734e+00
1.319260358810424805e+00,3.507230758666992188e+00
4.638608932495117188e+00,4.854102134704589844e-01
-6.667342185974121094e+00,-1.265314698219299316e+00
3.386483907699584961e+00,5.091965675354003906e+00
8.025860786437988281e+00,4.743918418884277344e+00
-8.042413711547851562e+00,-2.831496238708496094e+00
5.773571014404296875e+00,-3.946197509765625000e+00
-5.937269687652587891e+00,1.164654254913330078e+00
-4.743312358856201172e+00,-3.807955503463745117e+00
6.423647880554199219e+00,-2.176726102828979492e+00
-8.583844184875488281e+00,-3.060472965240478516e+00
3.703872442245483398e+00,4.814575195312500000e+00
-4.723186969757080078e+00,1.204766333103179932e-01
6.781200408935546875e+00,-4.395794391632080078e+00
5.657207489013671875e+00,-2.846244096755981445e+00
2.600846529006958008e+00,4.146830558776855469e+00
2.773007154464721680e+00,4.220570564270019531e+00
-6.437470436096191406e+00,1.206932902336120605e+00
-7.358723163604736328e+00,2.265114784240722656e+00
-9.331975579261779785e-01,-2.010405510663986206e-01
1.854301810264587402e+00,3.008779048919677734e+00
-6.987987995147705078e+00,-2.682019710540771484e+00
-8.555660247802734375e+00,-3.588791370391845703e+00
-6.971127510070800781e+00,1.370586633682250977e+00
-4.681226253509521484e+00,2.305671691894531250e+00
-7.116206645965576172e+00,-1.203257322311401367e+00
-5.619591712951660156e+00,7.397807240486145020e-01
-5.502038955688476562e+00,1.196206808090209961e+00
-3.307873010635375977e+00,-2.093134164810180664e+00
-3.478328466415405273e+00,6.201421022415161133e-01
-8.912885785102844238e-01,-3.602083683013916016e+00
-1.519078969955444336e+00,1.069842696189880371e+00
-4.658162117004394531e+00,-8.227335214614868164e-01
-5.021407127380371094e+00,1.810529232025146484e+00
-8.287589073181152344e+00,3.103853702545166016e+00
-3.869013309478759766e+00,-2.018967717885971069e-01
-2.302551746368408203e+00,-9.929131716489791870e-02
6.711678028106689453e+00,4.465581417083740234e+00
-8.274559020996093750e+00,3.010113477706909180e+00
-2.649863719940185547e+00,7.707377523183822632e-02
5.769486904144287109e+00,-2.121825218200683594e+00
6.361739158630371094e+00,-4.798670291900634766e+00
4.124659061431884766e+00,-1.661851286888122559e+00
-2.813336849212646484e+00,1.067899465560913086e+00
-1.773585200309753418e+00,1.652783036231994629e+00
3.756829977035522461e+00,3.694772005081176758e+00
-6.266310214996337891e+00,2.374938488006591797e+00
5.251023769378662109e+00,-2.396909236907958984e+00
-7.272513389587402344e+00,2.677217245101928711e+00
-4.698617935180664062e+00,1.174550890922546387e+00
-3.409318923950195312e+00,-4.722222089767456055e-01
-7.615600109100341797e+00,-1.392953395843505859e+00
6.332737445831298828e+00,4.459764480590820312e+00
7.130953788757324219e+00,-1.155160546302795410e+00
5.002614021301269531e+00,-1.459337711334228516e+00
-7.640915393829345703e+00,-2.076332569122314453e+00
-4.203261852264404297e+00,-2.525756120681762695e+00
4.681272506713867188e+00,-2.021588981151580811e-01
-3.854836940765380859e+00,-3.844360411167144775e-01
6.444392681121826172e+00,-1.391904711723327637e+00
2.655654907226562500e+00,4.483178615570068359e+00
5.581495285034179688e+00,-4.019624590873718262e-01
-8.089165687561035156e+00,-1.774232029914855957e+00
-7.113381385803222656e+00,1.353306055068969727e+00
-9.115685462951660156e+00,-3.092782020568847656e+00
6.666929721832275391e+00,3.372150897979736328e+00
-8.422709703445434570e-01,-2.907336235046386719e+00
-5.675303459167480469e+00,-4.814920425415039062e-01
6.993103504180908203e+00,4.383525371551513672e+00
3.517328739166259766e+00,3.871256351470947266e+00
5.789976119995117188e+00,4.182203292846679688e+00
3.249000549316406250e+00,4.964449405670166016e+00
-8.573504447937011719e+00,-2.272658348083496094e+00
-6.336692810058593750e+00,-1.596386790275573730e+00
-8.806467056274414062e+00,-2.412288188934326172e+00
7.757197380065917969e+00,-1.929539442062377930e-01
-7.771649360656738281e-01,8.039506673812866211e-01
-5.030389785766601562e+00,1.650153994560241699e+00
-4.213568210601806641e+00,-2.258485078811645508e+00
-3.554610252380371094e+00,-3.548817157745361328e+00
-8.847229957580566406e+00,-2.336049795150756836e+00
-4.186758995056152344e+00,2.417650699615478516e+00
-8.217578887939453125e+00,-2.805496215820312500e+00
5.347957611083984375e+00,3.852500438690185547e+00
6.955951690673828125e+00,4.439463615417480469e+00
-8.102452278137207031e+00,-3.306143760681152344e+00
3.251572608947753906e+00,3.332018375396728516e+00
-7.958082199096679688e+00,-1.786053180694580078e+00
-4.619758129119873047e+00,-1.189535617828369141e+00
-1.549169421195983887e+00,-3.166381120681762695e+00
-6.480425357818603516e+00,3.404895782470703125e+00
4.505076885223388672e+00,-2.330239534378051758e+00
-4.690857529640197754e-01,1.038661956787109375e+00
-2.331125259399414062e+00,-2.579214870929718018e-01
7.861796379089355469e+00,3.333992004394531250e+00
6.295755863189697266e+00,4.445772647857666016e+00
3.843692541122436523e+00,3.825927734375000000e+00
5.334684371948242188e+00,-5.634205341339111328e-01
-5.014390468597412109e+00,-2.222281455993652344e+00
6.536677360534667969e+00,-1.924914479255676270e+00
-1.229850888252258301e+00,-1.367784023284912109e+00
-9.579845666885375977e-01,1.878341913223266602e+00
4.319741725921630859e+00,3.063540458679199219e+00
3.218124806880950928e-01,2.968822717666625977e+00
7.331569194793701172e+00,1.655057668685913086e+00
-5.258801937103271484e+00,1.930902749300003052e-01
5.542322158813476562e+00,3.715986967086791992e+00
5.557265758514404297e+00,-1.844064914621412754e-03
6.935930252075195312e+00,-4.372678756713867188e+00
-6.199191570281982422e+00,2.694200754165649414e+00
-6.352597236633300781e+00,2.307522296905517578e+00
-2.551768302917480469e+00,-2.242349147796630859e+00
-1.281187534332275391e+00,-4.055312633514404297e+00
-3.874333381652832031e+00,1.366407871246337891e+00
-4.928355693817138672e+00,4.142879322171211243e-02
7.284486293792724609e+00,5.205589771270751953e+00
-6.458044052124023438e+00,1.388272762298583984e+00
-3.918024778366088867e+00,6.135467290878295898e-01
-7.053354263305664062e+00,-1.206091642379760742e+00
1.886023640632629395e+00,4.237256526947021484e+00
7.555964946746826172e+00,4.261115074157714844e+00
-3.510452270507812500e+00,-1.548909306526184082e+00
-5.087014198303222656e+00,1.785600066184997559e+00
-1.198155641555786133e+00,-3.306375443935394287e-01
7.099960803985595703e+00,-9.042729139328002930e-01
-4.386916160583496094e+00,1.039924979209899902e+00
-3.978543996810913086e+00,-2.930223703384399414e+00
5.795612812042236328e+00,-3.174609899520874023e+00
-6.957671165466308594e+00,-6.370512843132019043e-01
8.210462570190429688e+00,-1.030964255332946777e+00
-1.595227360725402832e+00,2.172307014465332031e+00
-2.058471143245697021e-01,1.937262892723083496e+00
6.228928089141845703e+00,4.354495525360107422e+00
-8.837692260742187500e+00,-2.366855144500732422e+00
6.957003116607666016e+00,-4.494764804840087891e+00
7.412361621856689453e+00,4.238880157470703125e+00
-8.575347900390625000e+00,-2.883951663970947266e+00
6.048782825469970703e+00,-3.333260059356689453e+00
-3.827764034271240234e+00,-1.221034288406372070e+00
-1.535459518432617188e+00,7.478529810905456543e-01
4.303141117095947266e+00,1.128299951553344727e+00
-8.785199522972106934e-01,6.157562136650085449e-01
-1.768930077552795410e+00,-3.400882005691528320e+00
-2.250466346740722656e+00,2.902144491672515869e-01
-1.576936364173889160e+00,1.174142003059387207e+00
4.217030048370361328e+00,4.689602851867675781e+00
7.348708629608154297e+00,2.895534276962280273e+00
-8.639408111572265625e+00,-3.588683128356933594e+00
5.099057674407958984e+00,-8.551448583602905273e-01
6.099688529968261719e+00,-3.206039905548095703e+00
-6.109821319580078125e+00,-1.317486166954040527e+00
6.543122291564941406e+00,-4.297960758209228516e+00
7.503829479217529297e+00,4.430277824401855469e+00
4.763319492340087891e+00,3.047924518585205078e+00
-2.024811804294586182e-01,2.421216726303100586e+00
-1.399894237518310547e+00,-3.629360675811767578e+00
-5.439550876617431641e+00,2.211508989334106445e+00
7.327209949493408203e+00,4.233094215393066406e+00
2.529392480850219727e+00,4.310702323913574219e+00
-2.963217496871948242e+00,9.445772767066955566e-01
-3.790079593658447266e+00,-1.028526127338409424e-01
-6.593238830566406250e+00,1.547984838485717773e+00
-1.497742414474487305e+00,-2.872898578643798828e+00
-1.650751709938049316e+00,-4.672475337982177734e+00
7.976130485534667969e+00,-3.513939678668975830e-01
-4.625323772430419922e+00,1.356869935989379883e+00
-1.735525131225585938e+00,1.901074886322021484e+00
6.563862323760986328e+00,-3.624166965484619141e+00
7.184909343719482422e+00,-6.996350288391113281e-01
6.949832439422607422e+00,-4.547822475433349609e+00
6.355439662933349609e+00,-2.141608238220214844e+00
-6.650777339935302734e+00,-1.710861682891845703e+00
-4.580376625061035156e+00,5.047546625137329102e-01
-4.040962219238281250e+00,2.443085670471191406e+00
-1.103961586952209473e+00,1.974822044372558594e+00
7.711096286773681641e+00,-4.549335956573486328e+00
1.928360581398010254e+00,2.966415405273437500e+00
-7.150945663452148438e+00,-1.878740310668945312e+00
4.862627029418945312e+00,-8.040720224380493164e-01
-3.449100971221923828e+00,-2.867901802062988281e+00
7.729668140411376953e+00,-4.751492977142333984e+00
1.440122842788696289e+00,3.782826900482177734e+00
3.781713724136352539e+00,3.929206848144531250e+00
6.107893943786621094e+00,-4.532649517059326172e+00
6.141546249389648438e+00,-3.195477724075317383e+00
-8.741550445556640625e+00,-2.169293403625488281e+00
-5.516060352325439453e+00,2.119487524032592773e+00
-4.175520420074462891e+00,-2.708520412445068359e+00
-7.582848072052001953e+00,-2.808540344238281250e+00
-1.321809172630310059e+00,1.751816034317016602e+00
3.929184675216674805e+00,3.250146389007568359e+00
-2.132496595382690430e+00,-3.612735986709594727e+00
5.585665702819824219e+00,2.247586697340011597e-01
1.355794191360473633e+00,2.885810613632202148e+00
-2.647222518920898438e+00,-2.123867750167846680e+00
-2.303327560424804688e+00,5.031031966209411621e-01
3.507812261581420898e+00,3.715523719787597656e+00
-8.185083389282226562e+00,-2.844758749008178711e+00
6.870317459106445312e+00,4.400629997253417969e+00
6.566545963287353516e+00,-4.921261787414550781e+00
1.016546487808227539e+00,2.675413608551025391e+00
-4.951096057891845703e+00,1.443803906440734863e+00
-1.331393122673034668e+00,-4.179049491882324219e+00
2.635473906993865967e-01,2.553763389587402344e+00
-7.120719909667968750e+00,-2.799188613891601562e+00
5.455312728881835938e+00,-3.947625398635864258e+00
5.209903240203857422e+00,2.932659864425659180e+00
-7.548717498779296875e+00,3.412368297576904297e+00
-2.110324859619140625e+00,-3.817148208618164062e+00
6.914822101593017578e+00,2.602673768997192383e+00
-3.285726070404052734e+00,-1.636339187622070312e+00
8.164024353027343750e+00,4.286139488220214844e+00
-5.939270973205566406e+00,3.136581897735595703e+00
4.454663276672363281e+00,9.870558381080627441e-01
5.020729541778564453e+00,-5.522662401199340820e-01
5.776692867279052734e+00,-1.048692226409912109e+00
8.013231277465820312e+00,4.280907630920410156e+00
-4.911461830139160156e+00,1.550686061382293701e-01
-7.437238693237304688e+00,-1.406648397445678711e+00
-7.236350059509277344e+00,-1.471854209899902344e+00
-5.867804527282714844e+00,1.814897537231445312e+00
-1.345892548561096191e+00,2.228065252304077148e+00
5.913268089294433594e+00,-4.030688762664794922e+00
-4.487150192260742188e+00,2.007107496261596680e+00
6.550069332122802734e+00,-7.040434479713439941e-01
7.473987102508544922e+00,-5.289039134979248047e+00
-3.981491565704345703e+00,-4.124299049377441406e+00
6.989622116088867188e+00,-3.909246683120727539e+00
-6.920437812805175781e+00,3.059903383255004883e+00
-5.570613384246826172e+00,2.085152864456176758e+00
3.864553928375244141e+00,3.982940673828125000e+00
6.456418037414550781e+00,-3.149360179901123047e+00
-6.135247230529785156e+00,9.671519398689270020e-01
-2.852715730667114258e+00,3.080404102802276611e-01
5.020464897155761719e+00,3.351550102233886719e+00
6.421793460845947266e+00,2.089835643768310547e+00
8.257777214050292969e+00,4.601340770721435547e+00
-4.428020954132080078e+00,9.805375933647155762e-01
-8.921803474426269531e+00,-2.363934755325317383e+00
-2.614011049270629883e+00,-2.356795549392700195e+00
-4.302276134490966797e+00,-4.699005782604217529e-01
3.854222968220710754e-02,1.748307228088378906e+00
-4.043329238891601562e+00,-3.928725957870483398e+00
-1.400606870651245117e+00,-1.385026097297668457e+00
-2.795497179031372070e+00,1.233215212821960449e+00
-7.815585613250732422e+00,2.937326908111572266e+00
6.771423339843750000e+00,2.515000104904174805e+00
-5.752382874488830566e-01,1.262289404869079590e+00
-4.493347167968750000e+00,-2.720171451568603516e+00
5.896210193634033203e+00,3.443890511989593506e-01
-1.622208833694458008e+00,4.552100300788879395e-01
5.648371219635009766e+00,-4.170028209686279297e+00
7.843841552734375000e+00,3.682029008865356445e+00
6.312107563018798828e+00,-3.334455966949462891e+00
5.908455848693847656e+00,2.797398269176483154e-01
7.685232162475585938e+00,3.982642412185668945e+00
2.903439044952392578e+00,3.867578506469726562e+00
7.540381908416748047e+00,3.455309867858886719e+00
7.447059631347656250e+00,-1.033645868301391602e+00
4.093621730804443359e+00,2.987873554229736328e+00
-3.521386861801147461e+00,-2.926305532455444336e+00
-4.729508876800537109e+00,-2.014654874801635742e+00
-6.912472248077392578e+00,1.408721923828125000e+00
6.946999073028564453e+00,-4.804626941680908203e+00
6.957321166992187500e+00,4.202080726623535156e+00
-2.580369234085083008e+00,-1.024276733398437500e+00
-7.943223953247070312e+00,-3.140505075454711914e+00
-6.793468475341796875e+00,1.006166815757751465e+00
-4.582309246063232422e+00,1.042317748069763184e+00
-4.961538791656494141e+00,1.759014248847961426e+00
-5.652242660522460938e+00,-5.361765027046203613e-01
-1.964757800102233887e+00,5.571293830871582031e-01
6.311863899230957031e+00,2.557829618453979492e+00
-4.486114978790283203e+00,9.587476849555969238e-01
7.258486270904541016e+00,4.003517150878906250e+00
5.417233943939208984e+00,8.610347658395767212e-02
-8.204585075378417969e+00,3.219594478607177734e+00
6.592663764953613281e+00,3.023298740386962891e+00
4.472290515899658203e+00,8.954339027404785156e-01
7.269058704376220703e+00,3.823753356933593750e+00
6.324928283691406250e+00,-6.601325422525405884e-02
6.521658420562744141e+00,-5.150796413421630859e+00
-8.371927261352539062e+00,-2.113646984100341797e+00
-6.068726062774658203e+00,2.324948549270629883e+00
7.738095283508300781e+00,-1.197686195373535156e-01
-4.252801895141601562e+00,-2.726129055023193359e+00
-1.760577678680419922e+00,-4.481832087039947510e-01
5.467491626739501953e+00,3.955844163894653320e+00
2.942432403564453125e+00,4.247497081756591797e+00
-3.059301376342773438e+00,2.601774632930755615e-01
-5.942426919937133789e-01,1.721052050590515137e+00
7.176063537597656250e+00,-1.373257398605346680e+00
-1.381959676742553711e+00,-7.789837718009948730e-01
-4.823681831359863281e+00,-1.606809496879577637e-01
7.686256885528564453e+00,-5.505688190460205078e+00
-6.672415733337402344e+00,-2.426853895187377930e+00
-5.177264213562011719e+00,-1.469966292381286621e+00
3.487024307250976562e+00,1.440638661384582520e+00
5.960597515106201172e+00,2.175870686769485474e-01
4.248591423034667969e+00,1.084374904632568359e+00
1.404548525810241699e+00,4.065569877624511719e+00
-6.423481464385986328e+00,1.705145716667175293e+00
-7.743922233581542969e+00,-2.932382583618164062e+00
1.431271195411682129e+00,3.035926580429077148e+00
8.519858360290527344e+00,4.463611125946044922e+00
-7.740113258361816406e+00,-2.776976585388183594e+00
7.399477958679199219e+00,-4.192345619201660156e+00
8.293787956237792969e+00,-1.192421913146972656e+00
1.156847953796386719e+00,3.846596956253051758e+00
-8.359137535095214844e+00,3.046629428863525391e+00
8.242724418640136719e+00,-9.926887750625610352e-01
-4.621088027954101562e+00,1.094134330749511719e+00
2.558100461959838867e+00,3.434531927108764648e+00
-1.471287131309509277e+00,-3.141417741775512695e+00
-1.605137348175048828e+00,1.776291370391845703e+00
4.686651229858398438e+00,2.165093183517456055e+00
4.217204093933105469e+00,2.596734285354614258e+00
-4.831372261047363281e+00,-2.584677934646606445e+00
-4.778265953063964844e+00,-2.182593107223510742e+00
-7.028205871582031250e+00,-2.772478342056274414e+00
-8.302010536193847656e+00,-3.247758150100708008e+00
-3.820695877075195312e+00,-1.162576556205749512e+00
-7.489922046661376953e+00,2.319242238998413086e+00
-8.324777483940124512e-01,2.094495296478271484e+00
5.401283740997314453e+00,4.204783439636230469e+00
5.484240531921386719e+00,-3.436291217803955078e+00
-1.744779706001281738e+00,-1.016695618629455566e+00
-1.237521290779113770e+00,8.987711668014526367e-01
5.523005485534667969e+00,-3.097795009613037109e+00
-3.413817405700683594e+00,-1.153603076934814453e+00
-7.062385082244873047e+00,3.091451644897460938e+00
-8.206707954406738281e+00,-2.292776346206665039e+00
-3.602112531661987305e+00,-4.288954138755798340e-01
5.022257328033447266e+00,-1.608092904090881348e+00
-2.378047227859497070e+00,-6.960818767547607422e-01
-2.985491991043090820e+00,-7.054416537284851074e-01
1.365483403205871582e+00,4.002187252044677734e+00
5.042747020721435547e+00,-1.152493238449096680e+00
-4.682115077972412109e+00,-2.194029808044433594e+00
-1.608890533447265625e+00,2.085651874542236328e+00
7.448455810546875000e+00,3.895402908325195312e+00
-2.467840671539306641e+00,1.186141252517700195e+00
6.887779235839843750e+00,3.838415145874023438e+00
-4.969632625579833984e+00,-2.779583215713500977e+00
-1.153176784515380859e+00,-4.222746372222900391e+00
-1.533486127853393555e+00,4.266235530376434326e-01
-2.707149505615234375e+00,1.172789216041564941e+00
6.210099220275878906e+00,-4.606667995452880859e+00
-3.737592458724975586e+00,4.628092348575592041e-01
-4.856887340545654297e+00,3.562918007373809814e-01
7.187785148620605469e+00,-8.531242609024047852e-02
7.133406639099121094e+00,4.584256172180175781e+00
7.572879314422607422e+00,-1.021573305130004883e+00
-2.134440898895263672e+00,-2.788378953933715820e+00
5.747092723846435547e+00,3.084411621093750000e-01
-8.092504501342773438e+00,2.985221862792968750e+00
7.863502979278564453e+00,-5.029078960418701172e+00
-4.582590103149414062e+00,-1.887709379196166992e+00
3.158440589904785156e+00,5.026567935943603516e+00
8.317263603210449219e+00,4.359955310821533203e+00
-1.006124496459960938e+00,8.405932784080505371e-01
-4.750643253326416016e+00,8.341703414916992188e-01
6.435677528381347656e+00,2.404560327529907227e+00
5.201645374298095703e+00,-8.273107409477233887e-01
6.784462928771972656e+00,-4.222593307495117188e+00
4.363809108734130859e+00,-7.854582667350769043e-01
-3.391384124755859375e+00,-2.609036862850189209e-01
7.744516730308532715e-01,3.536898136138916016e+00
-4.215375423431396484e+00,-4.263603687286376953e+00
7.273674011230468750e+00,-1.366988539695739746e+00
-4.829870223999023438e+00,1.667971134185791016e+00
7.559519767761230469e+00,-4.748519897460937500e+00
-1.035310029983520508e+00,-2.141519069671630859e+00
-5.053456306457519531e+00,-1.598546862602233887e+00
-7.030325412750244141e+00,-1.738165616989135742e+00
-4.085936248302459717e-01,1.885715007781982422e+00
6.827148914337158203e+00,4.506012916564941406e+00
7.122095584869384766e+00,-1.465938448905944824e+00
-6.532333850860595703e+00,2.516034126281738281e+00
-5.940966606140136719e+00,1.304875135421752930e+00
7.389460086822509766e+00,-9.795085191726684570e-01
-4.943592071533203125e+00,2.202770948410034180e+00
-6.434569358825683594e+00,-5.654140114784240723e-01
-8.977524757385253906e+00,-3.388200759887695312e+00
-3.029102802276611328e+00,7.330961227416992188e-01
-2.643895626068115234e+00,1.114541292190551758e+00
-4.828157901763916016e+00,-6.593441963195800781e-01
-3.501573801040649414e+00,1.540021061897277832e+00
-7.407774448394775391e+00,-1.747226834297180176e+00
6.620272159576416016e+00,-5.117133617401123047e+00
2.276498079299926758e+00,4.467570304870605469e+00
-2.566451787948608398e+00,-6.357169151306152344e-02
1.114696025848388672e+00,3.820736646652221680e+00
-5.718320369720458984e+00,2.926673173904418945e+00
-3.919243335723876953e+00,-2.975636959075927734e+00
-2.737154483795166016e+00,-1.323583960533142090e+00
-4.443222522735595703e+00,-1.802756488323211670e-01
6.519601345062255859e+00,-3.284952640533447266e+00
5.881602764129638672e+00,-2.767447233200073242e+00
7.372909545898437500e+00,1.628141105175018311e-01
6.166426658630371094e+00,4.554199695587158203e+00
6.661068439483642578e+00,-4.747444152832031250e+00
1.550937294960021973e+00,3.336238384246826172e+00
7.756164073944091797e+00,-5.100024700164794922e+00
-3.818400144577026367e+00,1.976194143295288086e+00
6.420413970947265625e+00,-5.107592105865478516e+00
6.765173435211181641e+00,-4.321865081787109375e+00
6.139915466308593750e+00,-3.589594841003417969e+00
-2.580349922180175781e+00,-2.384001016616821289e+00
-4.826450824737548828e+00,1.212381362915039062e+00
5.922105789184570312e+00,1.779349446296691895e-01
-8.267449378967285156e+00,-3.209271669387817383e+00
7.895845890045166016e+00,4.647242546081542969e+00
-3.556428432464599609e+00,-3.631631851196289062e+00
-7.489568710327148438e+00,-3.034139633178710938e+00
7.429200172424316406e+00,3.180896043777465820e+00
-3.318347930908203125e+00,-2.811021327972412109e+00
7.515382766723632812e+00,-4.570201933383941650e-01
-4.728050231933593750e+00,-1.518485903739929199e+00
-1.630415201187133789e+00,-4.807461738586425781e+00
6.762078285217285156e+00,-3.581656515598297119e-01
-1.856025815010070801e+00,-3.895161628723144531e+00
-5.601482868194580078e+00,-4.602004885673522949e-01
6.641692638397216797e+00,3.742903947830200195e+00
-4.935214519500732422e+00,-1.684636473655700684e+00
8.137677192687988281e+00,-7.835897207260131836e-01
-2.373366832733154297e+00,-2.323116779327392578e+00
1.537898778915405273e+00,4.107126712799072266e+00
3.820504426956176758e+00,-2.643669605255126953e+00
-7.579346179962158203e+00,-1.896048426628112793e+00
5.436021327972412109e+00,-3.236099958419799805e+00
-7.105328440666198730e-01,4.742039740085601807e-01
5.430650711059570312e+00,-2.789050817489624023e+00
2.905225992202758789e+00,4.218328475952148438e+00
-4.350430488586425781e+00,-1.794772267341613770e+00
-5.399164676666259766e+00,1.908053636550903320e+00
-5.002131462097167969e+00,-1.583629012107849121e+00
6.584212303161621094e+00,-3.658427000045776367e+00
-5.821619987487792969e+00,9.538370966911315918e-01
1.337333559989929199e+00,2.935661077499389648e+00
7.011762142181396484e+00,3.807026863098144531e+00
-4.878956317901611328e+00,-2.818934202194213867e+00
-8.546686172485351562e+00,-2.914715051651000977e+00
-3.526165485382080078e+00,-1.022900268435478210e-02
-6.741196155548095703e+00,-2.126200437545776367e+00
-8.454563140869140625e+00,-2.143793106079101562e+00
-6.325506687164306641e+00,-5.935555696487426758e-01
-4.749583244323730469e+00,6.422348022460937500e-01
-7.692784309387207031e+00,-2.222328424453735352e+00
-3.729838848114013672e+00,-1.222009420394897461e+00
7.266857624053955078e+00,-4.859129428863525391e+00
7.583726882934570312e+00,-4.298402309417724609e+00
5.835603237152099609e+00,3.027438640594482422e+00
-7.030156135559082031e+00,-2.420043706893920898e+00
4.358721256256103516e+00,3.104619979858398438e+00
-4.110910415649414062e+00,-1.622524261474609375e+00
3.122677087783813477e+00,3.768965482711791992e+00
7.718636035919189453e+00,-4.756950855255126953e+00
7.311673164367675781e+00,-5.058045983314514160e-01
-2.512457847595214844e+00,-2.432028770446777344e+00
5.227757930755615234e+00,-3.171806335449218750e+00
-7.072033882141113281e+00,1.334799647331237793e+00
-2.759785890579223633e+00,-2.521960020065307617e+00
-2.607745170593261719e+00,5.877289175987243652e-01
5.952283382415771484e+00,4.442515373229980469e+00
-2.196942329406738281e+00,-2.977844715118408203e+00
-1.531884789466857910e+00,-5.145183563232421875e+00
-5.755621910095214844e+00,2.998381614685058594e+00
6.503451347351074219e+00,-2.220252275466918945e+00
-1.613226652145385742e+00,-4.579565048217773438e+00
-1.689586877822875977e+00,-3.599325895309448242e+00
-2.525337934494018555e+00,7.500118017196655273e-02
-4.326988697052001953e+00,1.464662432670593262e+00
4.414028644561767578e+00,-1.898237347602844238e+00
-7.817283272743225098e-01,6.452977061271667480e-01
6.436355113983154297e+00,3.239009857177734375e+00
-8.977661132812500000e+00,-3.422325849533081055e+00
-3.956850051879882812e+00,-3.919410705566406250e+00
4.116038799285888672e+00,3.124674320220947266e+00
-1.884238839149475098e+00,-4.619002342224121094e+00
7.052459239959716797e+00,-2.627817392349243164e-01
6.670839309692382812e+00,3.705940246582031250e+00
-6.038295269012451172e+00,-1.262266159057617188e+00
7.623346328735351562e+00,3.107120752334594727e+00
-5.783563613891601562e+00,-7.103905677795410156e-01
5.128927707672119141e+00,-1.662703514099121094e+00
5.447395324707031250e+00,-3.261713027954101562e+00
-2.693157196044921875e+00,5.471679568290710449e-01
2.878059864044189453e+00,4.203440189361572266e+00
-4.480643272399902344e+00,-1.490717411041259766e+00
7.809698581695556641e+00,4.180526256561279297e+00
-7.436529159545898438e+00,3.190001010894775391e+00
5.799793720245361328e+00,2.098706483840942383e+00
6.203920841217041016e+00,-3.197309494018554688e+00
-3.813199996948242188e+00,3.974424898624420166e-01
-1.133529663085937500e+00,4.201214313507080078e-01
-4.509376525878906250e+00,-2.493108749389648438e+00
4.987194061279296875e+00,-2.723656415939331055e+00
-9.697380661964416504e-01,8.743997812271118164e-01
-1.865001797676086426e+00,-3.245858669281005859e+00
4.828945159912109375e+00,2.182381868362426758e+00
7.069042682647705078e+00,3.709215402603149414e+00
6.224193096160888672e+00,-4.664731502532958984e+00
6.668741703033447266e+00,4.691752910614013672e+00
5.675614833831787109e+00,-4.077429294586181641e+00
7.333644866943359375e+00,2.921724319458007812e+00
-7.780928134918212891e+00,-1.356191754341125488e+00
3.643016576766967773e+00,3.183283090591430664e+00
-3.581793308258056641e+00,1.175733685493469238e+00
-4.684041023254394531e+00,-3.593223094940185547e+00
7.581763744354248047e+00,-5.528051853179931641e+00
-5.820024490356445312e+00,2.127106428146362305e+00
-6.118140220642089844e+00,-1.790827393531799316e+00
-1.742723464965820312e+00,-2.957414388656616211e+00
-1.701200246810913086e+00,-4.045279979705810547e+00
-4.416334152221679688e+00,-1.526790857315063477e+00
-4.181518077850341797e+00,-1.523910522460937500e+00
-5.915074348449707031e+00,1.284391999244689941e+00
-4.863613128662109375e+00,7.551693916320800781e-01
-4.537297725677490234e+00,-2.067326903343200684e-01
-3.057000875473022461e+00,6.560320854187011719e-01
-1.720328211784362793e+00,7.615967392921447754e-01
-2.670402526855468750e+00,4.078879654407501221e-01
-3.240768432617187500e+00,2.331349611282348633e+00
-1.838982224464416504e+00,-3.756388425827026367e+00
6.269341945648193359e+00,4.525644302368164062e+00
-2.630602836608886719e+00,-2.857620000839233398e+00
-4.778204441070556641e+00,-3.711719512939453125e+00
-4.041899204254150391e+00,-3.808286905288696289e+00
-2.318441390991210938e+00,1.581932902336120605e+00
-3.396087884902954102e+00,-2.927588224411010742e+00
1.893325448036193848e+00,1.406030654907226562e+00
-1.052319884300231934e+00,1.389021039009094238e+00
8.067702293395996094e+00,4.699582099914550781e+00
-4.648475170135498047e+00,-3.852529764175415039e+00
-5.931019783020019531e+00,2.142404556274414062e+00
-7.201677322387695312e+00,2.178561210632324219e+00
-4.206630706787109375e+00,-3.074066638946533203e+00
6.359800815582275391e+00,-2.199904680252075195e+00
-4.816177845001220703e+00,-2.885934352874755859e+00
-8.384324908256530762e-01,1.319083452224731445e+00
-4.219436645507812500e+00,-1.530272841453552246e+00
5.561439514160156250e+00,-2.280924320220947266e+00
-6.396763801574707031e+00,-1.916226863861083984e+00
-4.754827976226806641e+00,-2.925428390502929688e+00
-3.980921268463134766e+00,2.418047666549682617e+00
-4.984839916229248047e+00,-2.240182399749755859e+00
-3.650700330734252930e+00,-1.570151448249816895e+00
1.558771848678588867e+00,3.847650289535522461e+00
7.659972190856933594e+00,3.659083127975463867e+00
6.970551013946533203e+00,3.766962051391601562e+00
-4.502757072448730469e+00,-2.721834182739257812e+00
-5.135863780975341797e+00,1.035979032516479492e+00
-1.369784116744995117e+00,-2.609278440475463867e+00
-6.671977519989013672e+00,2.535230875015258789e+00
-8.648062705993652344e+00,-2.512520313262939453e+00
7.144098281860351562e+00,-1.081769005395472050e-03
6.833007812500000000e+00,-4.907740592956542969e+00
-7.890960693359375000e+00,-2.846755504608154297e+00
-2.412030220031738281e+00,-2.449367284774780273e+00
-3.003429651260375977e+00,1.419185876846313477e+00
4.469910144805908203e+00,1.658738017082214355e+00
4.307749271392822266e+00,-2.657378613948822021e-01
-1.211303710937500000e+00,-1.572084188461303711e+00
-5.358580589294433594e+00,1.812607407569885254e+00
-4.511471271514892578e+00,1.478360414505004883e+00
4.915366172790527344e+00,1.786331295967102051e+00
2.468663215637207031e+00,2.899803638458251953e+00
-7.413430213928222656e-01,1.767181277275085449e+00
-2.850338697433471680e+00,-5.927422270178794861e-02
-5.864500999450683594e+00,2.835672616958618164e+00
-6.680056095123291016e+00,-1.655427336692810059e+00
4.097281455993652344e+00,4.034610271453857422e+00
-5.244743824005126953e+00,1.829500317573547363e+00
-2.235025167465209961e+00,-1.673896312713623047e-01
4.497749805450439453e+00,-4.345369935035705566e-01
4.498975276947021484e+00,-1.714930772781372070e+00
-2.797065019607543945e+00,2.791601121425628662e-01
-1.824467897415161133e+00,-4.694287776947021484e+00
-7.224515914916992188e+00,3.355755090713500977e+00
4.987106621265411377e-01,3.259070158004760742e+00
-7.767651557922363281e+00,2.659835338592529297e+00
-8.512794494628906250e+00,-2.842962503433227539e+00
-4.899659633636474609e+00,-2.519361495971679688e+00
6.571944713592529297e+00,-5.082780361175537109e+00
-3.691902875900268555e+00,-1.757648587226867676e+00
-6.520194053649902344e+00,1.239270448684692383e+00
-4.801568031311035156e+00,1.473932504653930664e+00
-4.468645095825195312e+00,1.442801237106323242e+00
5.068885684013366699e-01,2.864074468612670898e+00
-7.073549747467041016e+00,1.342035293579101562e+00
-6.839109420776367188e+00,3.441596031188964844e+00
-6.388019084930419922e+00,2.849299669265747070e+00
5.831333160400390625e+00,2.994840145111083984e+00
6.465802192687988281e+00,-1.173563480377197266e+00
-2.843352794647216797e+00,-3.485877752304077148e+00
-6.040303230285644531e+00,1.238035082817077637e+00
6.143887996673583984e+00,-3.521651506423950195e+00
-2.602372646331787109e+00,5.570932626724243164e-01
-4.576791286468505859e+00,4.611462950706481934e-01
3.645793676376342773e+00,1.139267757534980774e-01
-4.539770126342773438e+00,-2.712855100631713867e+00
-4.242459297180175781e+00,1.446843385696411133e+00
1.505874246358871460e-01,2.549746036529541016e+00
-6.487880706787109375e+00,8.750817775726318359e-01
-4.470066547393798828e+00,8.654017448425292969e-01
6.620966434478759766e+00,3.246575117111206055e+00
7.531404972076416016e+00,-5.454020500183105469e+00
-1.155179977416992188e+00,-3.861872911453247070e+00
-8.490000963211059570e-01,-3.550035238265991211e+00
3.439546585083007812e+00,4.354983329772949219e+00
-1.771576404571533203e+00,-8.648567199707031250e-01
-4.741543292999267578e+00,-2.911356210708618164e+00
-2.572360754013061523e+00,2.042565584182739258e+00
5.957638740539550781e+00,-2.759468317031860352e+00
-4.361155033111572266e+00,-2.630567789077758789e+00
-2.164164543151855469e+00,-4.507135748863220215e-01
-3.758050680160522461e+00,-1.596151113510131836e+00
-3.848998069763183594e+00,1.049281597137451172e+00
6.354154586791992188e+00,1.936038583517074585e-01
6.292198181152343750e+00,-4.313729107379913330e-01
-2.640825271606445312e+00,-2.459574937820434570e+00
6.414978027343750000e+00,-5.144588351249694824e-01
7.451927661895751953e+00,-4.733311176300048828e+00
6.625320911407470703e+00,-4.321097850799560547e+00
5.183632850646972656e+00,3.207878112792968750e+00
5.782817840576171875e+00,-2.816482782363891602e+00
-9.064275741577148438e+00,-3.292386531829833984e+00
-2.042418003082275391e+00,-2.597480297088623047e+00
-4.697007656097412109e+00,1.063258290290832520e+00
-6.503541469573974609e+00,2.761083602905273438e+00
-4.779100418090820312e+00,-2.678624153137207031e+00
6.205453395843505859e+00,-9.160518050193786621e-01
-2.494053363800048828e+00,1.158687829971313477e+00
-8.066539764404296875e+00,-2.678880214691162109e+00
-4.934622287750244141e+00,1.718292713165283203e+00
6.729609012603759766e+00,-4.842443764209747314e-01
-4.887519836425781250e+00,6.796038150787353516e-01
-3.763560295104980469e+00,-1.407658219337463379e+00
3.867769479751586914e+00,4.123993873596191406e+00
-1.786151170730590820e+00,-4.822427749633789062e+00
5.652277469635009766e+00,2.113605737686157227e+00
-5.524864673614501953e+00,2.037968635559082031e+00
-8.362917900085449219e+00,3.245187997817993164e+00
1.426407456398010254e+00,4.270354747772216797e+00
1.219829797744750977e+00,3.459185600280761719e+00
7.230363368988037109e+00,1.695044040679931641e-01
6.116452693939208984e+00,1.837184280157089233e-01
8.437433242797851562e+00,4.280324935913085938e+00
1.522737622261047363e+00,3.590904474258422852e+00
-7.169609069824218750e+00,2.571531295776367188e+00
-4.163431167602539062e+00,-2.625513792037963867e+00
6.998432636260986328e+00,3.750697612762451172e+00
-6.209307193756103516e+00,1.267501950263977051e+00
-7.571560382843017578e+00,-2.940582513809204102e+00
-4.255041122436523438e+00,1.122436970472335815e-01
-7.059224605560302734e+00,-2.965768098831176758e+00
2.516830682754516602e+00,4.203322887420654297e+00
-8.474752426147460938e+00,-3.229586601257324219e+00
-7.028037071228027344e+00,-7.923481464385986328e-01
-7.390350818634033203e+00,-3.020944833755493164e+00
7.189714431762695312e+00,-4.605690538883209229e-01
-7.804352283477783203e+00,-3.483657598495483398e+00
-5.834383010864257812e+00,-1.553385496139526367e+00
6.514663696289062500e+00,4.220438003540039062e+00
-8.812426567077636719e+00,-3.439975500106811523e+00
-2.581502914428710938e+00,4.588998854160308838e-01
-4.202010154724121094e+00,-3.714560508728027344e+00
-2.806071043014526367e+00,1.987665534019470215e+00
7.524835586547851562e+00,4.712774753570556641e+00
6.640697479248046875e+00,-5.194990634918212891e+00
-1.701653957366943359e+00,7.003865242004394531e-01
-1.172861695289611816e+00,-4.203450202941894531e+00
-8.216237068176269531e+00,-1.893624186515808105e+00
-4.070212841033935547e+00,1.246330380439758301e+00
-1.708853960037231445e+00,-3.250629663467407227e+00
6.828943252563476562e+00,4.126388549804687500e+00
5.154113292694091797e+00,-9.188285470008850098e-01
-5.572789669036865234e+00,-5.619181990623474121e-01
3.535349130630493164e+00,4.554798603057861328e+00
4.684679508209228516e+00,1.197205662727355957e+00
-7.184097290039062500e+00,-1.332252860069274902e+00
4.495501995086669922e+00,-6.577352285385131836e-01
-2.421726703643798828e+00,-3.314104974269866943e-01
6.776437282562255859e+00,4.224370002746582031e+00
8.070195198059082031e+00,-8.249678611755371094e-01
4.714175701141357422e+00,3.148490190505981445e+00
1.888552784919738770e+00,4.235300540924072266e+00
6.931189060211181641e+00,-1.560056656599044800e-01
-4.399023056030273438e+00,-3.924406528472900391e+00
6.515322208404541016e+00,-4.429543912410736084e-01
-5.464907646179199219e+00,1.090953230857849121e+00
-2.043318510055541992e+00,-3.891136884689331055e+00
-7.141652107238769531e+00,2.707156419754028320e+00
-6.512379646301269531e+00,3.355919599533081055e+00
5.816277027130126953e+00,4.064781069755554199e-01
-7.074738979339599609e+00,3.551474571228027344e+00
-4.116749286651611328e+00,2.438876390457153320e+00
1.935066461563110352e+00,2.971467256546020508e+00
6.338247776031494141e+00,-3.441845655441284180e+00
8.321285247802734375e+00,-1.199295878410339355e+00
-2.178608655929565430e+00,-4.253309965133666992e-01
-9.803206920623779297e-01,6.328166723251342773e-01
-4.256991386413574219e+00,-7.490084171295166016e-01
5.728515148162841797e+00,-3.133737087249755859e+00
3.115369319915771484e+00,4.979747295379638672e+00
4.282088279724121094e+00,4.115399718284606934e-01
1.319157361984252930e+00,3.440327167510986328e+00
-6.530542373657226562e+00,2.130896806716918945e+00
6.513118743896484375e+00,-4.838766098022460938e+00
-1.100292444229125977e+00,-4.069179058074951172e+00
5.603111743927001953e+00,2.657119512557983398e+00
4.411281585693359375e+00,3.107859134674072266e+00
-4.231805324554443359e+00,-2.691473484039306641e+00
4.435314655303955078e+00,1.099189043045043945e+00
-7.836826801300048828e+00,-1.907602071762084961e+00
-4.054431438446044922e+00,9.338249564170837402e-01
-4.142171859741210938e+00,-2.546110868453979492e+00
4.176285266876220703e+00,4.035536289215087891e+00
3.565424680709838867e+00,5.048613548278808594e+00
6.095376491546630859e+00,-3.099720716476440430e+00
2.570523500442504883e+00,4.086956977844238281e+00
7.911971092224121094e+00,4.528141498565673828e+00
3.354885876178741455e-01,4.686183035373687744e-01
-6.429513454437255859e+00,7.840550690889358521e-02
5.722717285156250000e+00,-3.047362327575683594e+00
-6.369825363159179688e+00,1.985367536544799805e+00
4.229797363281250000e+00,-1.290457010269165039e+00
4.646857082843780518e-01,2.177736520767211914e+00
-5.821742057800292969e+00,2.633845806121826172e+00
-8.701489448547363281e+00,-2.504757881164550781e+00
-7.095376968383789062e+00,2.600590467453002930e+00
3.280140638351440430e+00,2.030139923095703125e+00
7.541075229644775391e+00,-4.268226146697998047e+00
-4.971641063690185547e+00,1.036024689674377441e+00
8.062683105468750000e+00,4.063264846801757812e+00
6.481355667114257812e+00,-5.066139698028564453e+00
2.467900514602661133e+00,3.305590391159057617e+00
-7.394271850585937500e+00,2.207030534744262695e+00
-4.451175689697265625e+00,-1.748530507087707520e+00
4.821078777313232422e+00,-2.075575113296508789e+00
2.496378183364868164e+00,4.634251594543457031e+00
-2.976368665695190430e+00,1.279573917388916016e+00
4.690819740295410156e+00,2.766428232192993164e+00
6.682346343994140625e+00,-4.787437915802001953e+00
-7.453045368194580078e+00,2.740923881530761719e+00
-8.396165847778320312e+00,-3.031443595886230469e+00
-1.258736491203308105e+00,-1.691117405891418457e+00
-2.512605190277099609e+00,-1.783337116241455078e+00
-3.598088026046752930e+00,1.116087436676025391e+00
-5.860238075256347656e+00,-3.869416415691375732e-01
-1.368982553482055664e+00,9.304231405258178711e-01
-4.718559741973876953e+00,3.753770589828491211e-01
3.505219936370849609e+00,4.481899738311767578e+00
7.538037776947021484e+00,-5.467563629150390625e+00
-4.883468627929687500e+00,-2.830574035644531250e+00
-1.386035561561584473e+00,1.019357919692993164e+00
-6.161640644073486328e+00,3.207987785339355469e+00
-4.113292217254638672e+00,-7.869994044303894043e-01
-4.620709896087646484e+00,1.205041527748107910e+00
-2.700529336929321289e+00,3.719170987606048584e-01
-9.284341335296630859e-01,1.224163889884948730e+00
6.392923831939697266e+00,-3.106928586959838867e+00
-2.274464607238769531e+00,-2.329300880432128906e+00
-2.378737688064575195e+00,-8.258999884128570557e-02
5.086734771728515625e+00,2.068384170532226562e+00
-7.534642696380615234e+00,2.348835468292236328e+00
-6.412827968597412109e+00,3.352879762649536133e+00
-3.753873109817504883e+00,1.921192288398742676e+00
2.316273689270019531e+00,4.483558177947998047e+00
-3.449012517929077148e+00,-3.141132831573486328e+00
8.225858688354492188e+00,4.717179775238037109e+00
-7.308689594268798828e+00,2.748733043670654297e+00
-1.085737586021423340e+00,-3.974256038665771484e+00
-8.636871337890625000e+00,-3.384535789489746094e+00
-4.688922405242919922e+00,2.861168980598449707e-01
6.788372039794921875e+00,4.146612644195556641e+00
7.090843200683593750e+00,-4.919010639190673828e+00
1.317744612693786621e+00,4.098077297210693359e+00
7.354852676391601562e+00,-4.403194904327392578e+00
-4.447899341583251953e+00,-4.866551235318183899e-02
-4.956212043762207031e+00,2.120857000350952148e+00
1.470348358154296875e+00,2.192518711090087891e+00
-3.132018566131591797e+00,-5.211186408996582031e-01
-5.988071918487548828e+00,-1.228309512138366699e+00
7.810602664947509766e+00,-6.837795376777648926e-01
-7.677294731140136719e+00,2.469881057739257812e+00
-4.085541248321533203e+00,-1.606322169303894043e+00
-6.548195838928222656e+00,-1.580254316329956055e+00
2.354202270507812500e+00,3.163840532302856445e+00
6.055273056030273438e+00,-3.949312210083007812e+00
-4.196722984313964844e+00,-3.565724611282348633e+00
-4.154765129089355469e+00,-2.696832895278930664e+00
-4.341690540313720703e+00,-1.839638590812683105e+00
-4.651353836059570312e+00,-3.804744720458984375e+00
7.918815016746520996e-01,3.453218221664428711e+00
-4.458102226257324219e+00,1.352922916412353516e+00
-4.609321117401123047e+00,2.019087553024291992e+00
7.074648857116699219e+00,4.670722484588623047e+00
6.622264862060546875e+00,-5.167385101318359375e+00
-5.969051361083984375e+00,1.786281585693359375e+00
8.266942977905273438e+00,-1.207980275154113770e+00
8.253919601440429688e+00,4.573323726654052734e+00
7.781365394592285156e+00,-4.583730697631835938e+00
6.131453514099121094e+00,-3.708743572235107422e+00
-4.426544189453125000e+00,1.008254885673522949e+00
-4.473055362701416016e+00,1.403540611267089844e+00
5.022142410278320312e+00,-8.693925738334655762e-01
6.442461967468261719e+00,-1.367512822151184082e+00
-1.904013633728027344e+00,-3.298500537872314453e+00
-8.261310577392578125e+00,-3.235628366470336914e+00
-7.580241203308105469e+00,2.896478176116943359e+00
2.069873809814453125e+00,4.422966480255126953e+00
6.413711547851562500e+00,2.382838726043701172e+00
-3.921521663665771484e+00,-1.144752621650695801e+00
-1.365210890769958496e+00,-2.436120271682739258e+00
-4.385349750518798828e+00,8.406677842140197754e-01
8.058875083923339844e+00,-5.913841724395751953e-01
-1.560643076896667480e+00,5.391299128532409668e-01
7.449801445007324219e+00,4.687006473541259766e+00
-4.358697891235351562e+00,-1.246961236000061035e+00
2.451066970825195312e+00,1.041605323553085327e-01
5.619936466217041016e+00,-2.171853542327880859e+00
-4.140171527862548828e+00,-2.242144823074340820e+00
6.940574645996093750e+00,-4.839123785495758057e-01
-7.184290885925292969e+00,-2.755465984344482422e+00
7.582513332366943359e+00,4.673511981964111328e+00
7.335562229156494141e+00,-3.357338607311248779e-01
2.104954570531845093e-01,2.310477495193481445e+00
-4.505300521850585938e+00,-2.633066654205322266e+00
6.688608646392822266e+00,-1.437071919441223145e+00
-4.818722248077392578e+00,-9.110641479492187500e-01
-8.763232231140136719e-01,-3.695682048797607422e+00
3.389850378036499023e+00,1.690640211105346680e+00
5.025786876678466797e+00,-1.477335810661315918e+00
-3.699027538299560547e+00,-3.759230852127075195e+00
7.834688663482666016e+00,4.298761367797851562e+00
6.325551033020019531e+00,-5.646274089813232422e-01
1.282801389694213867e+00,2.810783088207244873e-01
-1.492700338363647461e+00,4.202885329723358154e-01
-5.391010284423828125e+00,2.229151725769042969e+00
-6.144359588623046875e+00,2.629524329677224159e-03
-9.313630461692810059e-01,-3.953559398651123047e+00
4.214051246643066406e+00,-1.803371429443359375e+00
1.404376149177551270e+00,3.463078498840332031e+00
-1.040622368454933167e-01,1.718115925788879395e+00
8.179632186889648438e+00,-1.027177810668945312e+00
-6.605757713317871094e+00,2.256706953048706055e+00
-8.196248054504394531e+00,3.251481294631958008e+00
6.761457443237304688e+00,4.118875980377197266e+00
-8.240071296691894531e+00,3.138353109359741211e+00
-3.189886093139648438e+00,-7.722127437591552734e-01
-3.481163263320922852e+00,1.205664396286010742e+00
4.848747730255126953e+00,6.220076084136962891e-01
-6.501595497131347656e+00,8.587914705276489258e-01
-4.894010066986083984e+00,2.582685947418212891e-01
-3.448096275329589844e+00,1.506714582443237305e+00
-9.108667969703674316e-01,-3.580851078033447266e+00
-1.534229278564453125e+00,-5.001332759857177734e+00
8.483015060424804688e+00,4.442625045776367188e+00
-4.644355773925781250e+00,2.696310877799987793e-01
-4.610180854797363281e+00,4.092378318309783936e-01
6.122416019439697266e+00,3.665989398956298828e+00
-3.977906942367553711e+00,1.196234107017517090e+00
-3.510160684585571289e+00,1.172124505043029785e+00
-6.748771190643310547e+00,2.572703599929809570e+00
-8.486419677734375000e+00,-2.589794158935546875e+00
7.502465248107910156e+00,4.775837898254394531e+00
1.657305598258972168e+00,3.935810804367065430e+00
-1.218668580055236816e+00,9.886659979820251465e-01
-6.698052883148193359e+00,9.218601584434509277e-01
-1.316007256507873535e+00,-1.581758737564086914e+00
4.166021347045898438e+00,4.086226940155029297e+00
6.407060623168945312e+00,-5.022780895233154297e+00
6.926464080810546875e+00,-5.023721233010292053e-02
6.737792968750000000e+00,-4.536559104919433594e+00
-6.069526672363281250e+00,7.650358080863952637e-01
-3.941821575164794922e+00,-9.659106731414794922e-01
-3.103780508041381836e+00,1.636234283447265625e+00
3.957528352737426758e+00,-3.281726539134979248e-01
-5.167763233184814453e+00,1.322393059730529785e+00
-9.542773365974426270e-01,8.441554903984069824e-01
6.080243587493896484e+00,1.229902133345603943e-01
-6.232092857360839844e+00,-1.086369752883911133e+00
7.867803096771240234e+00,4.647482872009277344e+00
-4.503705024719238281e+00,-5.884298086166381836e-01
7.899036407470703125e+00,-1.302875638008117676e+00
-6.596736907958984375e+00,6.864262223243713379e-01
5.221177577972412109e+00,2.925879478454589844e+00
4.915838241577148438e+00,3.192377090454101562e-01
5.961521625518798828e+00,3.777549743652343750e+00
-8.040260672569274902e-01,2.219081878662109375e+00
-1.393981695175170898e+00,-4.965587139129638672e+00
8.144500732421875000e+00,4.739050388336181641e+00
-8.347244262695312500e+00,3.013743400573730469e+00
-6.129153370857238770e-01,2.476064205169677734e+00
3.977409124374389648e+00,3.776186943054199219e+00
7.664575099945068359e+00,-4.270161151885986328e+00
-4.482976436614990234e+00,-3.191247880458831787e-01
3.772087335586547852e+00,1.797435730695724487e-01
4.980392932891845703e+00,-3.152462482452392578e+00
-7.321849346160888672e+00,2.357830047607421875e+00
-4.589465618133544922e+00,6.372436881065368652e-01
-1.309738159179687500e+00,-1.494198441505432129e+00
-4.906854152679443359e+00,-2.599902153015136719e+00
2.593379735946655273e+00,3.451140642166137695e+00
4.378127574920654297e+00,2.525158524513244629e-01
7.565232753753662109e+00,-1.102127671241760254e+00
8.283972740173339844e+00,-1.045678615570068359e+00
4.537068367004394531e+00,-5.257047414779663086e-01
6.794215679168701172e+00,2.516775846481323242e+00
-1.255817651748657227e+00,8.733632564544677734e-01
-3.796796560287475586e+00,-3.670330047607421875e+00
-1.144914865493774414e+00,4.871399402618408203e-01
1.022019386291503906e+00,3.575720548629760742e+00
-7.557868003845214844e+00,2.757359743118286133e+00
6.480428695678710938e+00,-3.750506877899169922e+00
-3.111344814300537109e+00,1.051379919052124023e+00
4.595074653625488281e+00,-2.142972707748413086e+00
3.935415983200073242e+00,3.126032590866088867e+00
5.695052623748779297e+00,-1.063611388206481934e+00
-1.489759206771850586e+00,-2.079466879367828369e-01
-1.837057232856750488e+00,6.544407010078430176e-01
7.323311805725097656e+00,-4.164354324340820312e+00
-8.641548156738281250e+00,-2.107677459716796875e+00
2.568352460861206055e+00,3.163790225982666016e+00
-5.616130828857421875e+00,2.299414396286010742e+00
-2.567804098129272461e+00,8.061354160308837891e-01
-1.558174252510070801e+00,2.034902572631835938e+00
-4.342175960540771484e+00,2.468639373779296875e+00
3.833281517028808594e+00,-4.564823508262634277e-01
3.070831537246704102e+00,3.956631660461425781e+00
-4.251418590545654297e+00,7.192558646202087402e-01
-5.542630672454833984e+00,2.918585777282714844e+00
-2.209579706192016602e+00,4.272149205207824707e-01
-4.620164871215820312e+00,-1.845267772674560547e+00
8.371807098388671875e+00,4.519854068756103516e+00
-3.971429347991943359e+00,-2.085782289505004883e+00
-2.566609144210815430e+00,-2.892914056777954102e+00
8.447573661804199219e+00,4.426589012145996094e+00
-6.989999294281005859e+00,-4.262734353542327881e-01
-7.754526615142822266e+00,2.809547901153564453e+00
1.387168049812316895e+00,3.179039716720581055e+00
-3.639264345169067383e+00,-8.955760598182678223e-01
-2.087207555770874023e+00,-2.101429462432861328e+00
-4.639497280120849609e+00,-3.745991230010986328e+00
1.506855607032775879e+00,1.137065768241882324e+00
5.844835042953491211e-01,2.917023897171020508e+00
-2.881550788879394531e+00,7.807580828666687012e-01
-1.487116336822509766e+00,-3.364619255065917969e+00
3.932880878448486328e+00,-1.676880002021789551e+00
-6.622205257415771484e+00,-1.642852783203125000e+00
2.814168214797973633e+00,3.693317890167236328e+00
-5.217136859893798828e+00,1.864793062210083008e+00
-2.296076774597167969e+00,-2.906390666961669922e+00
-8.212415695190429688e+00,-2.744696140289306641e+00
-5.181397199630737305e-01,1.143846869468688965e+00
-5.188224792480468750e+00,1.266210198402404785e+00
4.281340599060058594e+00,2.133709192276000977e+00
-2.061374425888061523e+00,-4.052287101745605469e+00
-5.540398359298706055e-01,-4.491467952728271484e+00
7.458108425140380859e+00,4.124234676361083984e+00
5.202467918395996094e+00,-9.087026715278625488e-01
6.538836479187011719e+00,-4.800168037414550781e+00
-4.809566974639892578e+00,-2.157501459121704102e+00
-6.421859264373779297e+00,-2.358711957931518555e+00
1.588410496711730957e+00,4.011764526367187500e+00
-8.582359313964843750e+00,-3.069910764694213867e+00
-6.533318519592285156e+00,-1.500329613685607910e+00
-6.014057159423828125e+00,3.008595943450927734e+00
-6.394227504730224609e+00,3.357865810394287109e+00
-7.453354358673095703e+00,-2.008460521697998047e+00
-4.929399967193603516e+00,5.579520463943481445e-01
6.563629627227783203e+00,-1.841867327690124512e+00
-4.684041023254394531e+00,2.152451276779174805e+00
-9.033407211303710938e+00,-2.407878160476684570e+00
-1.847412705421447754e+00,2.004310607910156250e+00
-1.294093370437622070e+00,-2.275576114654541016e+00
-7.935188770294189453e+00,-2.160160541534423828e+00
-3.727744340896606445e+00,-1.223761081695556641e+00
7.778685569763183594e+00,-1.258533298969268799e-01
-6.903270721435546875e+00,3.003188848495483398e+00
-5.797532558441162109e+00,-8.082630634307861328e-01
-3.497304677963256836e+00,-3.157306909561157227e+00
6.728840827941894531e+00,-5.292554855346679688e+00
-8.060214996337890625e+00,-2.823731660842895508e+00
-6.145554065704345703e+00,-1.871254444122314453e+00
6.119989871978759766e+00,2.225339889526367188e+00
-4.368981361389160156e+00,-7.558041810989379883e-01
-4.859147071838378906e+00,2.580492258071899414e+00
6.415393352508544922e+00,-1.520849168300628662e-01
3.068918466567993164e+00,2.553750038146972656e+00
-7.983354568481445312e+00,2.970211505889892578e+00
5.129292011260986328e+00,-3.140426158905029297e+00
-3.025306463241577148e+00,7.007818818092346191e-01
-6.661731600761413574e-01,1.738347172737121582e+00
-7.596591949462890625e+00,2.730718612670898438e+00
-1.254933595657348633e+00,-2.259695529937744141e+00
-5.679580211639404297e+00,1.479793429374694824e+00
-1.060860157012939453e+00,-2.559542655944824219e+00
7.076354503631591797e+00,2.829838991165161133e+00
7.732686042785644531e+00,-7.442741841077804565e-02
6.837635517120361328e+00,-3.690828561782836914e+00
-2.692345857620239258e+00,6.285981535911560059e-01
-4.269887924194335938e+00,-1.605357050895690918e+00
-8.019451141357421875e+00,3.337013721466064453e+00
-6.805890083312988281e+00,-2.213104009628295898e+00
5.894083023071289062e+00,3.813048362731933594e+00
-5.434541225433349609e+00,-1.433946251869201660e+00
-5.793914318084716797e+00,-2.206698179244995117e+00
-5.889651298522949219e+00,3.217758655548095703e+00
-5.780226230621337891e+00,-5.376465320587158203e-01
5.502705574035644531e+00,-7.574650645256042480e-01
7.158680438995361328e+00,-1.132180571556091309e+00
7.694373130798339844e+00,3.937224149703979492e+00
-4.242537975311279297e+00,1.851883053779602051e+00
-4.730949878692626953e+00,7.222184538841247559e-01
-3.063117504119873047e+00,1.279818058013916016e+00
-4.530622005462646484e+00,-3.991924047470092773e+00
-6.390489578247070312e+00,2.457453250885009766e+00
6.747686386108398438e+00,-5.098448693752288818e-02
-2.334024190902709961e+00,-3.254271268844604492e+00
-4.277681827545166016e+00,2.059146881103515625e+00
-2.255021572113037109e+00,-1.335102319717407227e+00
6.150294780731201172e+00,-3.897368907928466797e+00
-5.133227348327636719e+00,-8.915710449218750000e-01
-2.925231695175170898e+00,-4.522524476051330566e-01
-4.928797721862792969e+00,-1.983086466789245605e+00
-7.020450115203857422e+00,-2.733277797698974609e+00
-4.749744415283203125e+00,8.363125324249267578e-01
-7.144268989562988281e+00,2.648101329803466797e+00
-4.267463207244873047e+00,2.163410663604736328e+00
6.998819351196289062e+00,2.764048814773559570e+00
4.053207397460937500e+00,3.359563827514648438e+00
1.921632051467895508e+00,3.081676721572875977e+00
7.005938529968261719e+00,-4.165150165557861328e+00
6.084167003631591797e+00,2.742889881134033203e+00
-7.908025264739990234e+00,3.221358299255371094e+00
7.363065242767333984e+00,-4.147999763488769531e+00
-5.307848930358886719e+00,1.511360764503479004e+00
-7.186016559600830078e+00,3.473433017730712891e+00
8.251845359802246094e+00,4.791416645050048828e+00
-6.500915050506591797e+00,9.289397001266479492e-01
6.292965888977050781e+00,4.543937683105468750e+00
-8.047793388366699219e+00,2.880650997161865234e+00
8.460828781127929688e+00,4.475640773773193359e+00
-7.415115833282470703e+00,-3.232088565826416016e+00
-6.822959423065185547e+00,1.496395587921142578e+00
-8.274875640869140625e+00,3.084583282470703125e+00
-8.176349639892578125e+00,2.929762840270996094e+00
-8.034987449645996094e+00,3.327559471130371094e+00
4.451128005981445312e+00,3.462557315826416016e+00
5.660557746887207031e+00,4.894071519374847412e-01
-6.611562728881835938e+00,2.736156463623046875e+00
-3.982562541961669922e+00,-6.674977391958236694e-02
-2.325654268264770508e+00,-3.279210567474365234e+00
7.500630378723144531e+00,-4.962960243225097656e+00
7.003687858581542969e+00,4.409090042114257812e+00
-4.006255149841308594e+00,-5.468260645866394043e-01
-2.751229524612426758e+00,1.893909573554992676e-01
-2.052475452423095703e+00,-8.564935326576232910e-01
-6.092327594757080078e+00,4.813427329063415527e-01
-4.027649879455566406e+00,-1.935070991516113281e+00
-7.389026284217834473e-01,6.735221743583679199e-01
8.190178871154785156e+00,-1.017895221710205078e+00
-8.058270454406738281e+00,-3.425163984298706055e+00
-1.474123716354370117e+00,8.030716776847839355e-01
-6.582367420196533203e-01,9.046881198883056641e-01
-4.086821079254150391e+00,-2.358649492263793945e+00
-6.565450191497802734e+00,1.504858493804931641e+00
2.595505952835083008e+00,4.406965732574462891e+00
-6.561430931091308594e+00,-1.439164161682128906e+00
1.829442024230957031e+00,4.213448524475097656e+00
6.052633762359619141e+00,-3.488680601119995117e+00
-5.821003437042236328e+00,2.237520217895507812e+00
-1.110413432121276855e+00,4.953826665878295898e-01
-4.909782886505126953e+00,1.589986205101013184e+00
-9.998866915702819824e-01,-4.012472629547119141e+00
3.136835575103759766e+00,4.904052734375000000e+00
4.949177742004394531e+00,-9.417403936386108398e-01
1.920270323753356934e+00,2.853333234786987305e+00
-3.186360597610473633e+00,-2.755059719085693359e+00
-2.181331872940063477e+00,-3.832302570343017578e+00
-4.922763258218765259e-02,1.966727256774902344e+00
-7.426536083221435547e-01,2.000559091567993164e+00
5.803657054901123047e+00,-3.645871877670288086e+00
-8.567114830017089844e+00,-3.040205001831054688e+00
-5.915688037872314453e+00,3.035851240158081055e+00
1.628051996231079102e+00,3.511575460433959961e+00
4.128888607025146484e+00,1.010926008224487305e+00
-1.024096012115478516e+00,8.721042275428771973e-01
1.060099840164184570e+00,2.604902982711791992e+00
5.532545089721679688e+00,-3.550061225891113281e+00
-2.133094787597656250e+00,5.002105236053466797e-01
-8.283463478088378906e+00,-2.687858343124389648e+00
3.205004215240478516e+00,3.822770833969116211e+00
5.318874835968017578e+00,-2.659905433654785156e+00
-7.071833610534667969e+00,-1.970904469490051270e+00
-6.597621917724609375e+00,-2.384231090545654297e+00
-5.257661819458007812e+00,2.800958633422851562e+00
-6.440611839294433594e+00,1.267495393753051758e+00
-3.699651718139648438e+00,-1.015213489532470703e+00
5.144851684570312500e+00,3.932827711105346680e+00
-2.192250639200210571e-01,2.468003511428833008e+00
4.412635326385498047e+00,-3.219830691814422607e-01
7.080616474151611328e+00,-4.363881111145019531e+00
3.957849502563476562e+00,4.888087749481201172e+00
-5.283568859100341797e+00,1.952813267707824707e+00
-7.784993648529052734e+00,2.493695259094238281e+00
6.121428966522216797e+00,4.027351737022399902e-02
-9.646621942520141602e-01,-2.291777133941650391e+00
8.242036819458007812e+00,4.462710380554199219e+00
-8.487346649169921875e+00,-3.197409629821777344e+00
-4.609034538269042969e+00,-1.679699301719665527e+00
-7.869659423828125000e+00,-2.408522129058837891e+00
3.865685462951660156e+00,4.130988597869873047e+00
-2.085704326629638672e+00,8.579527735710144043e-01
3.049023151397705078e+00,4.525388717651367188e+00
5.304167270660400391e+00,-3.244395732879638672e+00
5.804732799530029297e+00,-1.023985981941223145e+00
-4.245293617248535156e+00,-2.434662342071533203e+00
-6.832669258117675781e+00,-5.073109865188598633e-01
4.740088939666748047e+00,1.974755823612213135e-01
6.676740646362304688e-01,2.531178236007690430e+00
-1.256501317024230957e+00,-2.231164455413818359e+00
-3.251035690307617188e+00,1.374789357185363770e+00
-3.371334791183471680e+00,-2.846300601959228516e-01
-4.071844577789306641e+00,9.882947057485580444e-02
7.922235488891601562e+00,3.855889558792114258e+00
4.628110408782958984e+00,4.139001667499542236e-01
-3.326651811599731445e+00,9.816636443138122559e-01
-7.768126010894775391e+00,-2.890353918075561523e+00
6.430154800415039062e+00,4.114305973052978516e+00
7.010324001312255859e+00,-1.408686041831970215e+00
-3.089780330657958984e+00,-1.758308410644531250e+00
6.112747669219970703e+00,-2.365445375442504883e+00
6.550109863281250000e+00,-1.398472428321838379e+00
-6.220777988433837891e+00,1.132641792297363281e+00
-3.383343935012817383e+00,-2.869619607925415039e+00
-1.419302821159362793e+00,1.089600801467895508e+00
-1.518160581588745117e+00,-1.105713963508605957e+00
6.519441604614257812e+00,-1.478668212890625000e+00
-8.614606857299804688e+00,-3.006522893905639648e+00
7.085504055023193359e+00,-1.192563958466053009e-02
-4.613153934478759766e+00,2.235409259796142578e+00
-2.131314039230346680e+00,-2.311145067214965820e+00
8.005278587341308594e+00,4.713281631469726562e+00
-6.922062873840332031e+00,3.071424007415771484e+00
4.922753810882568359e+00,1.402580499649047852e+00
6.810533046722412109e+00,4.557837963104248047e+00
-5.028339862823486328e+00,1.167412921786308289e-01
7.221822738647460938e+00,-2.800198793411254883e-01
-2.248328447341918945e+00,1.906581878662109375e+00
4.230029106140136719e+00,4.571922779083251953e+00
-5.213159561157226562e+00,1.510943651199340820e+00
-5.972822189331054688e+00,3.105134725570678711e+00
-3.012724161148071289e+00,-8.860983848571777344e-01
7.401441574096679688e+00,-5.153576374053955078e+00
-3.735785007476806641e+00,4.020189046859741211e-01
1.342507600784301758e+00,4.014533996582031250e+00
-2.421976804733276367e+00,-9.633942246437072754e-01
-8.289902687072753906e+00,3.106261968612670898e+00
7.642955780029296875e+00,4.763843059539794922e+00
-1.098351716995239258e+00,9.379003047943115234e-01
-5.674831390380859375e+00,1.953587889671325684e+00
-4.669553279876708984e+00,-1.044676423072814941e+00
-3.939524412155151367e+00,2.217480182647705078e+00
4.156544685363769531e+00,4.187264144420623779e-01
-4.505478858947753906e+00,1.396005749702453613e+00
6.301533699035644531e+00,-3.177476644515991211e+00
6.747740268707275391e+00,-1.413521289825439453e+00
-3.341785192489624023e+00,9.987316727638244629e-01
6.567289829254150391e+00,-5.129909992218017578e+00
-4.165212154388427734e+00,-2.242244780063629150e-01
-3.054933547973632812e+00,2.013422250747680664e+00
-4.653253078460693359e+00,-3.590276479721069336e+00
-4.636790275573730469e+00,-3.842648029327392578e+00
8.111704826354980469e+00,-1.328937530517578125e+00
4.041160583496093750e+00,3.934863090515136719e+00
4.150818347930908203e+00,-3.294054865837097168e-01
-5.899669647216796875e+00,2.074012041091918945e+00
7.382391452789306641e+00,-1.218266606330871582e+00
-1.289360404014587402e+00,4.018800258636474609e-01
6.234200000762939453e+00,-1.957509875297546387e+00
-3.517875909805297852e+00,-1.533111333847045898e+00
-1.133100032806396484e+00,-1.559018790721893311e-01
7.508895993232727051e-01,3.422466993331909180e+00
6.927411556243896484e+00,2.968923568725585938e+00
-4.415513992309570312e+00,-2.984252929687500000e+00
6.830496788024902344e+00,4.524325370788574219e+00
-7.938451290130615234e+00,-3.155565023422241211e+00
7.065737724304199219e+00,2.834316015243530273e+00
-2.728861808776855469e+00,1.061963558197021484e+00
1.217255234718322754e+00,3.977720975875854492e+00
-7.275881290435791016e+00,2.748682498931884766e+00
8.024742126464843750e+00,-6.205042600631713867e-01
-7.633767127990722656e+00,-3.027414321899414062e+00
5.456475257873535156e+00,-5.640196800231933594e-01
-5.944008827209472656e+00,3.257509469985961914e+00
6.206621646881103516e+00,-3.312705755233764648e+00
-6.392510890960693359e+00,2.863970518112182617e+00
-4.319645404815673828e+00,-4.219932556152343750e+00
-3.782065868377685547e+00,-3.675332307815551758e+00
5.213744640350341797e-01,3.238888740539550781e+00
-1.058274149894714355e+00,-3.346783399581909180e+00
-4.107661724090576172e+00,-5.615043044090270996e-01
-5.087207794189453125e+00,2.544496394693851471e-02
-5.975038051605224609e+00,-1.700209259986877441e+00
1.908630132675170898e+00,2.795349359512329102e+00
-5.376376628875732422e+00,1.940008997917175293e+00
7.961189746856689453e+00,3.977992534637451172e+00
-4.229763507843017578e+00,-2.728183746337890625e+00
-5.888163566589355469e+00,3.040760993957519531e+00
6.973251819610595703e+00,-4.731686115264892578e+00
-1.071009874343872070e+00,1.171529412269592285e+00
-7.857614040374755859e+00,-2.186821222305297852e+00
7.681911468505859375e+00,3.606569051742553711e+00
5.794553756713867188e+00,-3.707223892211914062e+00
-1.142662644386291504e+00,-4.224387168884277344e+00
-7.133346557617187500e+00,-2.056949615478515625e+00
6.154608726501464844e+00,4.269982814788818359e+00
-1.392328739166259766e+00,-2.422507524490356445e+00
-3.768835306167602539e+00,-3.190327167510986328e+00
-7.043723583221435547e+00,1.415661692619323730e+00
-6.082075119018554688e+00,1.484581112861633301e+00
-5.169458389282226562e+00,1.841542840003967285e+00
-3.842377662658691406e+00,-4.578801989555358887e-02
-1.054507017135620117e+00,-2.485128164291381836e+00
-2.240020036697387695e+00,1.132276177406311035e+00
-2.501074314117431641e+00,1.300207734107971191e+00
-5.667139530181884766e+00,-5.385535359382629395e-01
7.431230068206787109e+00,-4.341383457183837891e+00
-2.516416788101196289e+00,-2.876012802124023438e+00
6.361883640289306641e+00,-2.013941049575805664e+00
1.453836560249328613e+00,3.262123346328735352e+00
-4.505884647369384766e+00,2.696121335029602051e-01
1.705006718635559082e+00,1.142335176467895508e+00
4.015223026275634766e+00,-6.429748237133026123e-02
5.871838092803955078e+00,4.192747592926025391e+00
5.049414634704589844e+00,-1.423923611640930176e+00
-7.585139274597167969e+00,2.865496635437011719e+00
-3.764852583408355713e-01,1.602568268775939941e+00
3.535594224929809570e+00,5.033855438232421875e+00
-1.387878179550170898e+00,-2.463256597518920898e+00
-4.945006847381591797e+00,1.100204825401306152e+00
-6.460539817810058594e+00,1.437990427017211914e+00
-4.979765892028808594e+00,1.738170742988586426e+00
6.951405525207519531e+00,3.918038129806518555e+00
5.114372253417968750e+00,-1.578458666801452637e+00
-3.617056846618652344e+00,-1.493345737457275391e+00
1.867260813713073730e+00,3.102636814117431641e+00
6.221404075622558594e+00,-4.849399089813232422e+00
-5.895981788635253906e+00,2.025997161865234375e+00
-3.362032651901245117e+00,-3.098767757415771484e+00
-6.623018264770507812e+00,6.569756269454956055e-01
6.243839263916015625e-01,1.914240837097167969e+00
-8.888093948364257812e+00,-2.346104383468627930e+00
-7.844154834747314453e-01,2.010585308074951172e+00
8.120547294616699219e+00,4.525713443756103516e+00
8.156349182128906250e+00,4.705320358276367188e+00
-7.162094116210937500e+00,-1.479540348052978516e+00
-7.009269714355468750e+00,1.290321469306945801e+00
-5.742924690246582031e+00,1.721900072880089283e-03
-4.341120719909667969e+00,-3.439868390560150146e-01
5.078563690185546875e+00,1.889894723892211914e+00
-2.807775974273681641e+00,-1.838132619857788086e+00
-6.766942501068115234e+00,3.334952592849731445e+00
7.043482303619384766e+00,-4.346714019775390625e+00
-7.806996345520019531e+00,-3.491251468658447266e+00
4.760264396667480469e+00,-6.268234848976135254e-01
-6.661119937896728516e+00,2.450991392135620117e+00
8.329688072204589844e+00,-1.078574657440185547e+00
6.404382705688476562e+00,-4.751743376255035400e-01
-1.345008730888366699e+00,-2.569505274295806885e-01
-6.587994098663330078e+00,3.453165769577026367e+00
4.674218177795410156e+00,-1.090297549962997437e-01
-4.982755184173583984e+00,1.301818370819091797e+00
6.891745090484619141e+00,2.705338239669799805e+00
-7.408249378204345703e+00,2.877547502517700195e+00
-3.340344190597534180e+00,-5.662699937820434570e-01
-4.099874019622802734e+00,-1.574580907821655273e+00
-6.548279285430908203e+00,2.767334222793579102e+00
7.521331310272216797e+00,-5.245742321014404297e+00
7.391070365905761719e+00,-1.273883819580078125e+00
-7.766018390655517578e+00,2.690858364105224609e+00
-6.267211914062500000e+00,2.607803583145141602e+00
4.021201610565185547e+00,6.791439652442932129e-02
3.975247859954833984e+00,-1.563535332679748535e+00
8.284908294677734375e+00,4.438672542572021484e+00
7.776910781860351562e+00,-1.684370785951614380e-01
-1.833753705024719238e+00,-3.594721078872680664e+00
2.394683599472045898e+00,4.220093250274658203e+00
-4.726828575134277344e+00,2.410129308700561523e+00
1.081891506910324097e-01,1.944342494010925293e+00
-3.603126525878906250e+00,7.781989127397537231e-02
2.043035030364990234e+00,2.967423200607299805e+00
-2.612945318222045898e+00,1.276785254478454590e+00
-7.525825023651123047e+00,-3.182894468307495117e+00
4.065404891967773438e+00,9.674190878868103027e-01
-5.921372890472412109e+00,1.932228684425354004e+00
6.840461254119873047e+00,-1.442368626594543457e+00
6.429594516754150391e+00,-3.826539993286132812e+00
-6.699696540832519531e+00,-1.175903320312500000e+00
-7.348729133605957031e+00,-1.810048937797546387e+00
-1.723664641380310059e+00,-4.127515792846679688e+00
-3.389210462570190430e+00,-6.311472505331039429e-02
-6.583206653594970703e+00,-2.048162937164306641e+00
-1.364394783973693848e+00,2.364330768585205078e+00
-2.054595947265625000e+00,1.064237952232360840e+00
-3.708155632019042969e+00,1.533949017524719238e+00
-7.205467224121093750e+00,3.474214792251586914e+00
-6.217082738876342773e-01,1.303325772285461426e+00
-1.188188910484313965e+00,-2.454470872879028320e+00
-5.365499496459960938e+00,1.912166953086853027e+00
-5.886236429214477539e-01,1.774971604347229004e+00
1.459139585494995117e+00,4.158714294433593750e+00
6.829846382141113281e+00,2.572461128234863281e+00
2.279311180114746094e+00,3.746025562286376953e+00
-4.176654815673828125e+00,4.088600277900695801e-01
-1.229376673698425293e+00,-4.232121467590332031e+00
5.108490943908691406e+00,-1.173528075218200684e+00
-1.921040654182434082e+00,-4.449915885925292969e+00
-4.631337165832519531e+00,-1.255683779716491699e+00
3.627471685409545898e+00,4.591096878051757812e+00
-2.507277011871337891e+00,-3.801983296871185303e-01
2.813112735748291016e-01,2.973975896835327148e+00
-7.747870922088623047e+00,-2.147912502288818359e+00
7.668527603149414062e+00,-4.942842483520507812e+00
-3.757090091705322266e+00,7.101083397865295410e-01
7.953363895416259766e+00,-4.630626142024993896e-01
-1.363222241401672363e+00,-2.629222869873046875e+00
-7.938083648681640625e+00,-3.168927192687988281e+00
-3.288313388824462891e+00,5.572091322392225266e-03
-9.395088553428649902e-01,-3.215636253356933594e+00
2.675712108612060547e+00,4.590755462646484375e+00
-6.671399116516113281e+00,2.707477569580078125e+00
-6.259685993194580078e+00,-4.801856875419616699e-01
4.941718280315399170e-01,2.160183191299438477e+00
6.685986518859863281e+00,-3.962413072586059570e+00
5.543140411376953125e+00,-3.960204601287841797e+00
6.871879577636718750e+00,2.945705413818359375e+00
-4.570410251617431641e+00,-2.342987298965454102e+00
-8.243394851684570312e+00,3.218549251556396484e+00
-2.924880266189575195e+00,1.686672568321228027e+00
6.317185401916503906e+00,-1.897721529006958008e+00
-5.424591064453125000e+00,5.728986263275146484e-01
-4.531447410583496094e+00,-1.336603462696075439e-01
8.081387519836425781e+00,4.689620494842529297e+00
5.014797210693359375e+00,-7.280135750770568848e-01
6.301697254180908203e+00,4.163505077362060547e+00
6.629877090454101562e+00,-3.441198348999023438e+00
-5.136861324310302734e+00,1.178100943565368652e+00
-1.167820334434509277e+00,7.758557796478271484e-01
-2.059975862503051758e+00,-3.988421201705932617e+00
1.520543813705444336e+00,3.448147058486938477e+00
-4.482644081115722656e+00,-1.399072289466857910e+00
-5.573891639709472656e+00,-9.274020195007324219e-01
-8.210555076599121094e+00,-3.287165880203247070e+00
-1.874027013778686523e+00,-4.295205116271972656e+00
6.537291049957275391e+00,1.480927341617643833e-03
-4.786518096923828125e+00,-2.728870868682861328e+00
1.446175575256347656e+00,3.202691078186035156e+00
6.473654270172119141e+00,-3.907772064208984375e+00
4.457953453063964844e+00,3.181347608566284180e+00
-4.161452770233154297e+00,-2.865189075469970703e+00
-5.816855907440185547e+00,2.907830715179443359e+00
3.678624629974365234e+00,4.949969768524169922e+00
7.744876384735107422e+00,3.193699598312377930e+00
3.301992654800415039e+00,4.691814899444580078e+00
-8.724153637886047363e-01,-1.761980414390563965e+00
-7.870089530944824219e+00,-3.043572902679443359e+00
5.448032379150390625e+00,-2.725552082061767578e+00
5.611511230468750000e+00,4.083310604095458984e+00
7.659213066101074219e+00,3.458199262619018555e+00
-6.746051788330078125e+00,3.392864704132080078e+00
8.089279174804687500e+00,-1.319505810737609863e+00
-4.604758322238922119e-01,1.690448880195617676e+00
-7.094249725341796875e+00,2.687692880630493164e+00
-3.482819318771362305e+00,-2.296418190002441406e+00
-4.718387424945831299e-01,2.155124664306640625e+00
5.664768218994140625e+00,-4.569951295852661133e-01
4.341654300689697266e+00,2.232112407684326172e+00
-9.201611518859863281e+00,-2.796078681945800781e+00
6.543064117431640625e+00,-1.936812639236450195e+00
-4.017325401306152344e+00,1.669220089912414551e+00
-5.798831939697265625e+00,2.566215991973876953e+00
4.976570606231689453e+00,-9.318966269493103027e-01
-5.536015033721923828e+00,-1.299876809120178223e+00
-2.628254413604736328e+00,1.513551771640777588e-01
4.200160980224609375e+00,-1.788629770278930664e+00
-5.839751720428466797e+00,1.927669882774353027e+00
5.077928066253662109e+00,3.740494489669799805e+00
7.605258464813232422e+00,4.591378688812255859e+00
2.725303411483764648e+00,4.278295516967773438e+00
-4.212215900421142578e+00,6.642154455184936523e-01
7.469717979431152344e+00,-1.076140046119689941e+00
-4.950207710266113281e+00,-2.774878263473510742e+00
3.011105537414550781e+00,3.310711622238159180e+00
-8.887905120849609375e+00,-2.820536851882934570e+00
-4.137029647827148438e+00,-2.120370388031005859e+00
6.809302806854248047e+00,-3.958181738853454590e-01
-2.815306663513183594e+00,1.394995808601379395e+00
-4.970589637756347656e+00,-1.430008411407470703e+00
-5.308737277984619141e+00,1.701105356216430664e+00
3.207683801651000977e+00,4.024408817291259766e+00
-7.796538352966308594e+00,-2.272809267044067383e+00
-2.685314416885375977e+00,-1.001839399337768555e+00
-6.291366100311279297e+00,2.276976108551025391e+00
-6.806420803070068359e+00,-4.818046092987060547e-01
-7.683000564575195312e+00,-1.452599406242370605e+00
-1.686137795448303223e+00,-3.413494110107421875e+00
6.147022724151611328e+00,3.808662176132202148e+00
-5.202236652374267578e+00,1.135041594505310059e+00
6.533754825592041016e+00,2.414093732833862305e+00
5.692688941955566406e+00,2.311176776885986328e+00
-3.810572862625122070e+00,-1.722291409969329834e-01
-3.286897420883178711e+00,1.048683047294616699e+00
5.877597332000732422e+00,3.778636455535888672e+00
4.361355781555175781e+00,2.192457437515258789e+00
5.118525624275207520e-01,3.142087221145629883e+00
-5.333139419555664062e+00,1.939419388771057129e+00
-8.587801933288574219e+00,-2.921431541442871094e+00
7.700290679931640625e+00,4.490000724792480469e+00
-1.371537685394287109e+00,-4.055190563201904297e+00
7.119782447814941406e+00,4.590710639953613281e+00
4.680804252624511719e+00,1.533344864845275879e+00
7.911362648010253906e+00,-3.599779903888702393e-01
4.636459350585937500e+00,1.856538534164428711e+00
-4.879672050476074219e+00,-9.802327752113342285e-01
-5.868622303009033203e+00,-1.613179326057434082e+00
5.948920249938964844e+00,3.191525459289550781e+00
5.114521503448486328e+00,-1.254666805267333984e+00
7.728319168090820312e+00,-5.410676479339599609e+00
-1.980076313018798828e+00,-1.843256473541259766e+00
-4.867965698242187500e+00,-1.055848121643066406e+00
-4.157316684722900391e+00,-2.245186090469360352e+00
-9.890860319137573242e-01,1.393424749374389648e+00
-6.844079971313476562e+00,2.547023773193359375e+00
-8.948822021484375000e+00,-3.216294288635253906e+00
6.750379562377929688e+00,-4.201835095882415771e-01
-7.398194789886474609e+00,-3.024645090103149414e+00
-2.832306861877441406e+00,5.762082934379577637e-01
-3.806078433990478516e+00,-2.061452865600585938e+00
7.740826606750488281e+00,-5.477462768554687500e+00
6.431535720825195312e+00,3.400815486907958984e+00
-2.559945106506347656e+00,4.592503309249877930e-01
-4.679250240325927734e+00,-1.637457013130187988e-01
4.887552738189697266e+00,-2.489081859588623047e+00
-5.577363967895507812e+00,2.121097326278686523e+00
7.870963573455810547e+00,4.260469436645507812e+00
-9.178966522216796875e+00,-3.393040180206298828e+00
8.327749252319335938e+00,4.335777282714843750e+00
-5.615809440612792969e+00,2.903859138488769531e+00
7.053544998168945312e+00,-1.473048210144042969e+00
2.783674478530883789e+00,4.593646526336669922e+00
6.355816364288330078e+00,-5.020232677459716797e+00
3.719432115554809570e+00,2.303186655044555664e+00
-9.832361936569213867e-01,1.361429810523986816e+00
7.044610023498535156e+00,4.989134147763252258e-03
1.366537958383560181e-01,2.320768356323242188e+00
7.799543857574462891e+00,-8.312705159187316895e-01
3.026474952697753906e+00,4.539237022399902344e+00
7.131092548370361328e+00,5.189975351095199585e-02
-1.642727732658386230e+00,-5.015958786010742188e+00
6.903627395629882812e+00,4.431082725524902344e+00
-3.545889616012573242e+00,-8.733636140823364258e-01
6.668574333190917969e+00,3.969704389572143555e+00
-8.763889312744140625e+00,-2.260291576385498047e+00
-7.904848098754882812e+00,-2.009105682373046875e+00
7.064538955688476562e+00,3.836734771728515625e+00
5.717204093933105469e+00,-4.078262805938720703e+00
-8.567632675170898438e+00,-2.309461593627929688e+00
-6.539683818817138672e+00,2.291222095489501953e+00
8.178170204162597656e+00,4.735401153564453125e+00
-2.881863832473754883e+00,-1.789213180541992188e+00
6.237581729888916016e+00,-1.541487097740173340e+00
-1.974466443061828613e+00,-9.272809624671936035e-01
6.599716663360595703e+00,-5.206803798675537109e+00
-8.880622863769531250e+00,-2.342951774597167969e+00
-3.261904478073120117e+00,-6.713694334030151367e-01
-4.764891147613525391e+00,1.060387253761291504e+00
-8.799883842468261719e+00,-2.728648424148559570e+00
-3.473421573638916016e+00,-1.406746029853820801e+00
3.384582996368408203e+00,2.702241420745849609e+00
6.201821327209472656e+00,2.152922004461288452e-01
5.943470954895019531e+00,3.928816795349121094e+00
6.446851730346679688e+00,-1.421612143516540527e+00
-4.267892837524414062e+00,-2.937538862228393555e+00
1.240386009216308594e+00,2.066390752792358398e+00
3.937904119491577148e+00,4.202884808182716370e-02
4.855415344238281250e+00,1.842821478843688965e+00
-6.000420093536376953e+00,1.260919451713562012e+00
-6.003576278686523438e+00,-1.652166366577148438e+00
-4.997501850128173828e+00,-2.170510292053222656e+00
-6.946779251098632812e+00,-2.808008670806884766e+00
7.629764080047607422e+00,3.556960821151733398e+00
7.149057865142822266e+00,3.541811943054199219e+00
6.183197498321533203e+00,-2.917074680328369141e+00
-1.073031544685363770e+00,-3.588146686553955078e+00
-3.619683265686035156e+00,2.071473598480224609e+00
1.498386144638061523e+00,4.093439579010009766e+00
-5.701370239257812500e+00,-1.263426303863525391e+00
3.602515459060668945e+00,4.380604922771453857e-01
-3.351176738739013672e+00,-3.089507579803466797e+00
4.947525978088378906e+00,-5.477275848388671875e-01
-3.286662340164184570e+00,6.593407690525054932e-02
-1.123285174369812012e+00,4.293920099735260010e-01
5.916548728942871094e+00,-1.039433598518371582e+00
-4.177720546722412109e+00,-1.132913827896118164e+00
-3.648026227951049805e+00,1.261440396308898926e+00
7.380158424377441406e+00,-1.183901906013488770e+00
-1.320034742355346680e+00,-3.030430316925048828e+00
-4.925546169281005859e+00,-2.254875183105468750e+00
5.569186210632324219e+00,-2.935194730758666992e+00
2.129504680633544922e+00,2.044907808303833008e-01
5.887449264526367188e+00,-3.715229272842407227e+00
-4.777661323547363281e+00,-1.745215415954589844e+00
-4.898733139038085938e+00,6.815922260284423828e-01
-4.345869719982147217e-01,1.886922001838684082e+00
-3.667562007904052734e+00,1.026306033134460449e+00
6.435429573059082031e+00,4.134764194488525391e+00
5.816402912139892578e+00,-5.687605142593383789e-01
-7.067817687988281250e+00,-6.810994744300842285e-01
-6.521603107452392578e+00,-1.058141589164733887e+00
-2.291586637496948242e+00,1.083745002746582031e+00
6.350323677062988281e+00,-3.078434944152832031e+00
-3.302457332611083984e+00,5.697258710861206055e-01
6.193991661071777344e+00,1.347151398658752441e-01
-1.409347891807556152e+00,1.813048839569091797e+00
-7.253717422485351562e+00,2.846598386764526367e+00
5.627775669097900391e+00,-2.859643459320068359e+00
-4.719672679901123047e+00,-2.581423521041870117e-01
6.789309501647949219e+00,2.491611957550048828e+00
-3.228835105895996094e+00,-1.074206084012985229e-02
7.708230495452880859e+00,-5.533269882202148438e+00
4.111955165863037109e+00,3.317044019699096680e+00
-4.438484191894531250e+00,3.534940779209136963e-01
-2.575260162353515625e+00,1.181607604026794434e+00
-4.139468669891357422e+00,-2.680562973022460938e+00
8.300168991088867188e+00,4.770579338073730469e+00
-5.088131904602050781e+00,-1.438136219978332520e+00
3.334742784500122070e-01,2.396600246429443359e+00
-7.228565216064453125e+00,-1.362414479255676270e+00
-3.049380779266357422e+00,2.766596525907516479e-02
-3.941220521926879883e+00,-1.686826944351196289e+00
5.181320667266845703e+00,-2.470662295818328857e-01
8.084864616394042969e+00,4.729801177978515625e+00
-3.592172384262084961e+00,-3.233176469802856445e+00
3.559332132339477539e+00,-8.174628764390945435e-02
-6.636998653411865234e+00,-2.208713531494140625e+00
-2.628993034362792969e+00,2.351278364658355713e-01
-4.542174816131591797e+00,-2.698143720626831055e+00
-1.348905444145202637e+00,-2.238404035568237305e+00
-2.125360012054443359e+00,-2.472603559494018555e+00
-9.187502861022949219e+00,-3.246124029159545898e+00
-2.064418554306030273e+00,-4.661708354949951172e+00
9.312666654586791992e-01,3.631185054779052734e+00
-2.172826290130615234e+00,6.102863550186157227e-01
-4.164143085479736328e+00,2.016789168119430542e-01
-8.166173100471496582e-01,1.574992060661315918e+00
-3.622528076171875000e+00,-1.170282721519470215e+00
3.782709360122680664e+00,-3.428046703338623047e-01
1.842327356338500977e+00,4.054017066955566406e+00
-5.156846642494201660e-01,1.732335090637207031e+00
4.360262870788574219e+00,-1.973771095275878906e+00
-6.747931003570556641e+00,-1.763043999671936035e+00
-5.996881484985351562e+00,2.089526891708374023e+00
8.317799568176269531e+00,4.617048740386962891e+00
-7.363905429840087891e+00,2.628125905990600586e+00
-9.180490374565124512e-01,1.437487602233886719e+00
-5.981729507446289062e+00,-2.961953878402709961e+00
5.328482627868652344e+00,1.572089195251464844e+00
6.546047210693359375e+00,3.867640018463134766e+00
-5.872559070587158203e+00,2.185856580734252930e+00
-4.561201095581054688e+00,-6.690543293952941895e-01
-8.083347320556640625e+00,2.955341100692749023e+00
-9.728475213050842285e-01,-3.916552066802978516e+00
-8.775695800781250000e+00,-3.501345634460449219e+00
-5.114614486694335938e+00,2.139443874359130859e+00
-2.513869524002075195e+00,-1.005421280860900879e-01
4.552471160888671875e+00,2.344035148620605469e+00
-4.904129028320312500e+00,-2.427696466445922852e+00
1.561232924461364746e+00,3.604168176651000977e+00
2.364279031753540039e+00,1.318323969841003418e+00
7.276484966278076172e+00,4.759204387664794922e+00
-2.794533967971801758e+00,-2.000641345977783203e+00
7.212817192077636719e+00,3.649397134780883789e+00
4.363947391510009766e+00,3.067053556442260742e+00
-4.579080581665039062e+00,-3.970296144485473633e+00
4.594190597534179688e+00,-4.683001041412353516e-01
-3.291480541229248047e+00,1.022955179214477539e+00
-4.957618713378906250e+00,1.927082657814025879e+00
-5.721410751342773438e+00,4.421740397810935974e-02
7.266503334045410156e+00,3.664725780487060547e+00
7.789211273193359375e+00,-5.272051811218261719e+00
-8.358096122741699219e+00,-3.575172901153564453e+00
3.797950029373168945e+00,2.540464878082275391e+00
6.899559497833251953e+00,3.986999511718750000e+00
-3.023774623870849609e+00,-2.000434875488281250e+00
-3.534093379974365234e+00,2.232845544815063477e+00
6.316823959350585938e+00,-4.910473346710205078e+00
-4.228088855743408203e+00,-9.174155592918395996e-01
-3.173376083374023438e+00,-3.442890048027038574e-01
-9.219356179237365723e-01,5.181884765625000000e-01
-4.674483776092529297e+00,-1.136889338493347168e+00
-4.478317260742187500e+00,1.942303061485290527e+00
-6.984967231750488281e+00,-2.749623060226440430e+00
2.389177083969116211e+00,4.562444686889648438e+00
-1.443153619766235352e+00,-4.794717788696289062e+00
6.391932487487792969e+00,-3.668087959289550781e+00
-6.252876281738281250e+00,1.530274033546447754e+00
-7.986064910888671875e+00,3.073509931564331055e+00
-3.528434514999389648e+00,-5.473535060882568359e-01
6.422606468200683594e+00,-3.392152309417724609e+00
7.999722003936767578e+00,4.472913265228271484e+00
2.353649616241455078e+00,4.503616809844970703e+00
-1.818588376045227051e+00,1.411797285079956055e+00
-1.755271553993225098e+00,1.993509173393249512e+00
-6.698246598243713379e-01,1.906546950340270996e+00
-2.548554182052612305e+00,-2.639710664749145508e+00
-2.300643682479858398e+00,-3.275146722793579102e+00
2.341526508331298828e+00,4.298099994659423828e+00
-6.571551799774169922e+00,-2.578214168548583984e+00
-5.940158367156982422e+00,-4.723202586174011230e-01
-4.080325603485107422e+00,-2.484287261962890625e+00
-6.553494453430175781e+00,2.450881719589233398e+00
-6.985997200012207031e+00,1.322883725166320801e+00
5.482801914215087891e+00,-2.192558288574218750e+00
-5.819953441619873047e+00,-1.620203495025634766e+00
6.411405086517333984e+00,-4.215045928955078125e+00
-6.316573143005371094e+00,-2.001360177993774414e+00
-4.538910388946533203e+00,1.708436757326126099e-01
-6.655263423919677734e+00,-1.688249945640563965e+00
-1.558200597763061523e+00,-5.019471645355224609e+00
-4.823547363281250000e+00,-1.823839664459228516e+00
-3.390609264373779297e+00,-1.720786988735198975e-01
-3.991204977035522461e+00,1.997766852378845215e+00
6.649059295654296875e+00,2.613426208496093750e+00
7.226968288421630859e+00,-4.097661972045898438e+00
-6.236823558807373047e+00,7.106025218963623047e-01
7.143379211425781250e+00,-4.166015148162841797e+00
-2.463120937347412109e+00,5.839924812316894531e-01
-8.543589591979980469e+00,-3.102491855621337891e+00
-3.167301788926124573e-02,2.093156337738037109e+00
-1.375472068786621094e+00,2.104292869567871094e+00
-1.570399641990661621e+00,-4.022589206695556641e+00
-4.241671085357666016e+00,-3.961186647415161133e+00
-6.706731796264648438e+00,3.404205322265625000e+00
-4.595217704772949219e+00,-1.732950210571289062e+00
6.507355213165283203e+00,-1.525741934776306152e+00
-1.392516255378723145e+00,-1.608737230300903320e+00
-1.924386978149414062e+00,-2.125195264816284180e+00
-2.878848552703857422e+00,5.921715497970581055e-01
-5.010267257690429688e+00,1.530934572219848633e+00
-6.388785839080810547e+00,1.995897054672241211e+00
-6.185564517974853516e+00,-1.898830056190490723e+00
-1.187275171279907227e+00,-4.123800277709960938e+00
-4.023454189300537109e+00,-1.092584729194641113e+00
5.606219291687011719e+00,-3.996387243270874023e+00
-7.758915424346923828e+00,-2.410949707031250000e+00
7.403155803680419922e+00,-4.524127483367919922e+00
2.836214542388916016e+00,4.698400974273681641e+00
-7.437211990356445312e+00,-2.926979780197143555e+00
4.748416423797607422e+00,-4.235135316848754883e-01
-7.451603889465332031e+00,-2.874540328979492188e+00
1.114155054092407227e+00,2.914849996566772461e+00
-1.137135505676269531e+00,1.076797127723693848e+00
-2.987234890460968018e-01,2.535980701446533203e+00
-3.962510585784912109e+00,-3.518460392951965332e-01
-6.519626140594482422e+00,-1.727810740470886230e+00
-1.659455537796020508e+00,-3.188269376754760742e+00
1.590984702110290527e+00,3.327216863632202148e+00
-6.786280870437622070e-01,2.127792119979858398e+00
3.681434869766235352e+00,4.967964649200439453e+00
4.054002761840820312e+00,3.953403472900390625e+00
-1.078882336616516113e+00,-1.902090311050415039e+00
-8.366147041320800781e+00,3.015204429626464844e+00
-4.831802368164062500e+00,2.616928100585937500e+00
-4.155808448791503906e+00,-4.497763216495513916e-01
-2.269740343093872070e+00,-1.882763981819152832e+00
8.559710502624511719e+00,4.477116107940673828e+00
-5.974895000457763672e+00,2.522441864013671875e+00
-5.995007514953613281e+00,1.581950902938842773e+00
-4.822024345397949219e+00,-1.063753366470336914e+00
-1.163497447967529297e+00,3.844602108001708984e-01
7.055202007293701172e+00,4.104696750640869141e+00
7.030230998992919922e+00,-2.527917921543121338e-01
5.876241683959960938e+00,-4.442271232604980469e+00
-4.804866790771484375e+00,-1.470800161361694336e+00
-3.790610551834106445e+00,1.456473231315612793e+00
-9.661939740180969238e-01,2.301462411880493164e+00
-6.316920280456542969e+00,2.069319009780883789e+00
-3.605432987213134766e+00,-3.580305337905883789e+00
4.873920440673828125e+00,1.537440299987792969e+00
6.177212238311767578e+00,-3.617964267730712891e+00
-4.823550701141357422e+00,-1.093423843383789062e+00
4.443582534790039062e+00,1.565910458564758301e+00
4.414064407348632812e+00,3.559823274612426758e+00
4.128350257873535156e+00,3.785217523574829102e+00
-6.192174434661865234e+00,1.081456303596496582e+00
-8.969455718994140625e+00,-3.380936145782470703e+00
-4.056982517242431641e+00,-2.260048866271972656e+00
-6.530791759490966797e+00,-1.447691440582275391e+00
-1.709721922874450684e+00,-3.059478044509887695e+00
-7.492130279541015625e+00,3.478660345077514648e+00
5.150670051574707031e+00,-1.106857895851135254e+00
8.174571037292480469e+00,4.742732524871826172e+00
4.536249160766601562e+00,2.230112075805664062e+00
4.198699474334716797e+00,4.016562461853027344e+00
-7.213398456573486328e+00,2.559456586837768555e+00
1.204472303390502930e+00,2.761452674865722656e+00
-6.980163574218750000e+00,3.253971576690673828e+00
-5.508913040161132812e+00,2.828775405883789062e+00
-7.163650512695312500e+00,1.230822920799255371e+00
6.482457637786865234e+00,3.559166431427001953e+00
-4.993258953094482422e+00,1.638706922531127930e+00
-3.959059715270996094e+00,-8.806842565536499023e-01
3.745196104049682617e+00,4.728028774261474609e+00
6.823240280151367188e+00,3.017328262329101562e+00
-6.228272914886474609e+00,3.278421640396118164e+00
7.719842433929443359e+00,-1.909620165824890137e-01
-2.671295642852783203e+00,1.321033477783203125e+00
-4.220420360565185547e+00,1.015332102775573730e+00
-6.790853023529052734e+00,-2.649308443069458008e+00
-5.116271018981933594e+00,1.166799187660217285e+00
-1.208723783493041992e+00,-2.875137329101562500e+00
-6.586096763610839844e+00,9.415263533592224121e-01
-2.406286954879760742e+00,-2.930172204971313477e+00
-3.274376630783081055e+00,-7.108618319034576416e-02
6.983274936676025391e+00,2.578279018402099609e+00
6.834751605987548828e+00,2.571509122848510742e+00
-4.735361576080322266e+00,-2.070490837097167969e+00
-1.131026029586791992e+00,3.888510465621948242e-01
5.985565185546875000e+00,-3.841915607452392578e+00
-9.021574974060058594e+00,-3.439944505691528320e+00
-4.958608627319335938e+00,1.550598502159118652e+00
5.735364913940429688e+00,-1.013261437416076660e+00
7.434113979339599609e+00,-5.313812494277954102e-01
6.971972942352294922e+00,3.017603635787963867e+00
-4.597384929656982422e+00,-2.626283168792724609e-01
-3.725548505783081055e+00,-1.790914833545684814e-01
7.225452423095703125e+00,-4.313750267028808594e+00
2.920624494552612305e+00,3.700028181076049805e+00
-7.218383789062500000e+00,2.150013208389282227e+00
-2.875753164291381836e+00,6.906620860099792480e-01
-3.277775526046752930e+00,-1.663474440574645996e+00
-3.237390041351318359e+00,-6.016308069229125977e-01
5.431761264801025391e+00,-2.189677953720092773e+00
-2.854776144027709961e+00,-2.169369697570800781e+00
5.965291500091552734e+00,3.507440984249114990e-01
4.925507068634033203e+00,-2.899950027465820312e+00
6.816975593566894531e+00,-4.289906978607177734e+00
-6.605737209320068359e+00,1.210174083709716797e+00
-3.546513557434082031e+00,1.464997768402099609e+00
-1.088520169258117676e+00,-2.349579095840454102e+00
-5.546866893768310547e+00,1.935422897338867188e+00
-4.464680194854736328e+00,-1.232443213462829590e+00
5.889203548431396484e+00,-4.027435779571533203e+00
7.984472274780273438e+00,-8.659511208534240723e-01
-4.723094463348388672e+00,-2.949497461318969727e+00
-6.952773094177246094e+00,1.338133335113525391e+00
-6.705756187438964844e+00,2.570097446441650391e+00
-3.379066944122314453e+00,1.707653999328613281e+00
-3.607068300247192383e+00,-1.564993381500244141e+00
-1.697381615638732910e+00,-3.662404537200927734e+00
-7.729054927825927734e+00,-2.921236753463745117e+00
4.368885040283203125e+00,-1.166290879249572754e+00
-3.800900697708129883e+00,1.415574997663497925e-01
-6.605102062225341797e+00,8.911081552505493164e-01
-2.023275136947631836e+00,-3.668791532516479492e+00
-5.741381168365478516e+00,2.946087837219238281e+00
-3.576330423355102539e+00,-3.326880455017089844e+00
-4.182404994964599609e+00,1.736077308654785156e+00
-1.418085932731628418e+00,-4.149625301361083984e+00
-1.140297889709472656e+00,-2.530485153198242188e+00
3.880728006362915039e+00,3.162615299224853516e+00
-1.277024149894714355e-01,2.186983585357666016e+00
7.112176418304443359e+00,-4.388116359710693359e+00
-4.696463584899902344e+00,1.613583803176879883e+00
-4.539443492889404297e+00,-2.965849339962005615e-01
-4.233319759368896484e+00,2.306333780288696289e+00
-1.715615749359130859e+00,-2.678215026855468750e+00
7.901282310485839844e+00,-1.259934186935424805e+00
8.072492599487304688e+00,4.401443958282470703e+00
-1.217102885246276855e+00,-3.906369686126708984e+00
2.802603960037231445e+00,3.877823591232299805e+00
6.074742794036865234e+00,-1.259564399719238281e+00
2.402534246444702148e+00,3.420125722885131836e+00
-4.096421718597412109e+00,1.609507083892822266e+00
-1.757543087005615234e+00,-4.083845615386962891e+00
-5.304582118988037109e+00,-1.107478976249694824e+00
-7.075697898864746094e+00,3.005915164947509766e+00
5.273974895477294922e+00,3.078565597534179688e+00
-4.986131668090820312e+00,-2.978696584701538086e+00
-6.323594093322753906e+00,-4.236398637294769287e-01
-9.019227027893066406e+00,-3.437909126281738281e+00
-5.542273044586181641e+00,2.911205530166625977e+00
-4.711993217468261719e+00,9.812625050544738770e-01
-4.234949111938476562e+00,-4.287205696105957031e+00
-2.615565538406372070e+00,1.363801956176757812e+00
4.221145153045654297e+00,1.227494120597839355e+00
-3.204860448837280273e+00,4.291236102581024170e-01
-3.841749668121337891e+00,-1.109075427055358887e+00
-3.875185966491699219e+00,2.370424509048461914e+00
-1.687301158905029297e+00,5.704877376556396484e-01
2.018893003463745117e+00,2.907058000564575195e+00
6.068919658660888672e+00,-3.022367954254150391e+00
6.358751296997070312e+00,-2.172562122344970703e+00
-6.265623092651367188e+00,1.001392602920532227e+00
-3.050816297531127930e+00,8.256737589836120605e-01
8.246510505676269531e+00,-1.034904241561889648e+00
-4.818637847900390625e+00,2.455223798751831055e+00
6.732950210571289062e+00,-5.219510078430175781e+00
-8.778635025024414062e+00,-2.467342853546142578e+00
-8.406456112861633301e-01,2.298129081726074219e+00
-6.410093307495117188e+00,7.484225034713745117e-01
-5.865688323974609375e+00,1.237654685974121094e+00
-1.669396162033081055e+00,-4.698596477508544922e+00
-4.708959579467773438e+00,-1.001413226127624512e+00
-4.741247653961181641e+00,-2.130563497543334961e+00
-7.973076820373535156e+00,2.944559812545776367e+00
-2.443107843399047852e+00,-1.384874433279037476e-01
-4.004806041717529297e+00,1.670792251825332642e-01
-8.692397117614746094e+00,-2.904058456420898438e+00
-2.011768102645874023e+00,-8.257313966751098633e-01
-4.693678855895996094e+00,9.585345387458801270e-01
3.476700305938720703e+00,4.809477329254150391e+00
-4.146263122558593750e+00,-2.901526391506195068e-01
-1.435494303703308105e+00,1.799131393432617188e+00
-4.865573883056640625e+00,5.416426658630371094e-01
8.373798370361328125e+00,4.406375408172607422e+00
5.980020999908447266e+00,-3.514983415603637695e+00
-9.455693960189819336e-01,6.221220493316650391e-01
-3.575949907302856445e+00,6.112965941429138184e-01
-4.569712638854980469e+00,-8.904660940170288086e-01
-2.474228620529174805e+00,-2.212620735168457031e+00
4.299685001373291016e+00,-9.474717825651168823e-02
-2.855613708496093750e+00,6.555935144424438477e-01
-3.339418172836303711e+00,-1.976733565330505371e+00
-9.134877204895019531e+00,-3.238424301147460938e+00
4.673943042755126953e+00,3.641504049301147461e+00
-8.230510711669921875e+00,-2.857943058013916016e+00
-5.984903812408447266e+00,-7.655200958251953125e-01
-4.891080856323242188e+00,2.120203971862792969e+00
-4.823276996612548828e+00,-3.437621831893920898e+00
-3.716565132141113281e+00,6.176264956593513489e-02
6.937271595001220703e+00,-4.642661213874816895e-01
-6.449020504951477051e-01,-3.869438767433166504e-01
-5.197296619415283203e+00,-7.512031197547912598e-01
-6.395080685615539551e-01,1.288244605064392090e+00
3.052621364593505859e+00,3.606148719787597656e+00
-3.494967460632324219e+00,-2.417030096054077148e+00
3.969718456268310547e+00,-1.653411149978637695e+00
-6.891105651855468750e+00,2.257806062698364258e+00
-7.476484298706054688e+00,3.475519657135009766e+00
-7.254314422607421875e+00,-1.711338400840759277e+00
-7.882185935974121094e+00,-2.143958568572998047e+00
-8.124537467956542969e+00,2.876408100128173828e+00
-8.747278213500976562e+00,-2.183422565460205078e+00
6.383120536804199219e+00,-9.037714004516601562e-01
-3.177598953247070312e+00,-2.677644968032836914e+00
1.599148631095886230e+00,4.891578555107116699e-01
2.906403303146362305e+00,3.679569005966186523e+00
7.008769512176513672e+00,4.063017368316650391e+00
-6.895379543304443359e+00,8.280519247055053711e-01
5.062314033508300781e+00,-3.217852830886840820e+00
5.719796180725097656e+00,-7.500653862953186035e-01
6.803227424621582031e+00,4.114771366119384766e+00
6.382623195648193359e+00,-3.416088581085205078e+00
6.306897640228271484e+00,2.296244949102401733e-01
4.132174015045166016e+00,3.742303609848022461e+00
-4.961798667907714844e+00,3.938428759574890137e-01
2.973241090774536133e+00,4.518799781799316406e+00
-4.868607997894287109e+00,-3.514254808425903320e+00
-2.242085933685302734e+00,-2.706112861633300781e+00
-2.249272823333740234e+00,-3.733304977416992188e+00
-1.138739824295043945e+00,4.003728330135345459e-01
-4.999825477600097656e+00,-5.695809423923492432e-02
-7.676583290100097656e+00,3.350346326828002930e+00
-5.681086063385009766e+00,-4.053911194205284119e-02
7.349298477172851562e+00,-3.494521230459213257e-02
-2.371676445007324219e+00,-1.986898660659790039e+00
-7.096454143524169922e+00,2.182274341583251953e+00
-5.260930061340332031e+00,1.729804992675781250e+00
-1.781291604042053223e+00,-9.791334271430969238e-01
6.054508090019226074e-01,2.067677497863769531e+00
7.210144996643066406e+00,3.582691907882690430e+00
-8.715881347656250000e+00,-2.903955698013305664e+00
-4.812284469604492188e+00,2.000018358230590820e+00
8.151503562927246094e+00,4.516525268554687500e+00
-6.387786388397216797e+00,5.853606387972831726e-03
2.202507853507995605e-01,-3.590727090835571289e+00
5.011906147003173828e+00,-7.910549640655517578e-01
-3.366817235946655273e+00,1.718859791755676270e+00
-6.171275973320007324e-01,8.076536059379577637e-01
5.625897407531738281e+00,-1.830997824668884277e+00
-2.505330324172973633e+00,1.175803899765014648e+00
-2.191873073577880859e+00,-2.365283012390136719e+00
-4.588490486145019531e+00,-4.847730696201324463e-02
6.051828861236572266e+00,-3.269753694534301758e+00
7.509116649627685547e+00,-2.900815904140472412e-01
-2.104444503784179688e+00,-2.677687168121337891e+00
1.542221307754516602e+00,4.228476047515869141e+00
2.546637296676635742e+00,1.615694522857666016e+00
7.657358169555664062e+00,-4.355559825897216797e+00
-6.359142780303955078e+00,-2.109546661376953125e+00
3.698634147644042969e+00,4.891558647155761719e+00
-6.287223339080810547e+00,-9.935581684112548828e-01
-7.596308708190917969e+00,2.328230381011962891e+00
7.664542675018310547e+00,-4.380707740783691406e+00
-4.196220397949218750e+00,-3.843353033065795898e+00
-3.254290819168090820e+00,1.172785520553588867e+00
6.099676132202148438e+00,3.812267303466796875e+00
-2.048842906951904297e+00,5.425778627395629883e-01
7.697595119476318359e+00,4.787754535675048828e+00
-7.116472244262695312e+00,1.384537458419799805e+00
-6.614864349365234375e+00,1.227366566658020020e+00
6.551706314086914062e+00,-5.147879123687744141e+00
-3.611209869384765625e+00,-3.332138061523437500e+00
7.442094326019287109e+00,-1.321038603782653809e+00
7.607363700866699219e+00,4.724865436553955078e+00
6.565667629241943359e+00,-4.683686733245849609e+00
6.565288543701171875e+00,-4.988851547241210938e+00
-3.048181295394897461e+00,-1.566655993461608887e+00
4.197384834289550781e+00,-3.181138932704925537e-01
6.626013755798339844e+00,-1.603472232818603516e+00
-4.231807231903076172e+00,-2.486312866210937500e+00
-7.169321060180664062e+00,-1.665730953216552734e+00
7.267606735229492188e+00,2.705867767333984375e+00
-7.914123535156250000e+00,2.605542421340942383e+00
-6.423156261444091797e+00,1.235656261444091797e+00
-1.915924191474914551e+00,1.062887072563171387e+00
-1.620667695999145508e+00,8.988010287284851074e-01
2.706934690475463867e+00,3.329625368118286133e+00
3.124584436416625977e+00,2.147315263748168945e+00
-5.515886306762695312e+00,2.200677156448364258e+00
5.705995082855224609e+00,-2.050875425338745117e+00
7.432728290557861328e+00,2.843184582889080048e-02
-2.924077272415161133e+00,-8.329921960830688477e-01
6.437971115112304688e+00,-1.391044259071350098e-01
6.781700134277343750e+00,-5.383831024169921875e+00
5.139847397804260254e-01,2.068536281585693359e+00
-6.481431961059570312e+00,1.464737296104431152e+00
6.330600738525390625e+00,-4.247701644897460938e+00
2.942834854125976562e+00,4.064386367797851562e+00
-2.508968114852905273e+00,1.457705378532409668e+00
8.230595588684082031e+00,4.722082138061523438e+00
4.526516914367675781e+00,6.125957146286964417e-02
-3.978584527969360352e+00,1.623403191566467285e+00
3.534935712814331055e+00,4.874021053314208984e+00
-9.909787029027938843e-02,1.820067882537841797e+00
4.605755805969238281e+00,3.288344383239746094e+00
-2.192956447601318359e+00,-3.575436770915985107e-01
4.494530200958251953e+00,2.545497894287109375e+00
-3.456751585006713867e+00,-3.453780174255371094e+00
5.609055995941162109e+00,2.843640089035034180e+00
-5.321595668792724609e+00,1.297658443450927734e+00
3.096138238906860352e+00,4.559481143951416016e+00
-2.445239305496215820e+00,-3.215882301330566406e+00
-9.214781522750854492e-01,2.234644651412963867e+00
-2.074614763259887695e+00,-3.922719478607177734e+00
2.053872346878051758e+00,4.400635719299316406e+00
-5.614353179931640625e+00,1.817381024360656738e+00
-2.765920877456665039e+00,-1.844028949737548828e+00
-4.229150295257568359e+00,-1.663902163505554199e+00
-5.770536422729492188e+00,6.353714466094970703e-01
3.788022518157958984e+00,3.309469699859619141e+00
4.191570281982421875e+00,-4.888245761394500732e-01
3.852576255798339844e+00,1.270841717720031738e+00
3.995200634002685547e+00,3.633079528808593750e+00
-1.910881996154785156e+00,5.407113432884216309e-01
-1.946772933006286621e+00,-1.763130187988281250e+00
3.305556297302246094e+00,4.987455844879150391e+00
7.864387989044189453e+00,3.978542566299438477e+00
-4.585990905761718750e+00,-6.313620209693908691e-01
-4.843757152557373047e+00,-2.662797689437866211e+00
-7.407762050628662109e+00,3.274317741394042969e+00
-2.545527219772338867e+00,7.351504564285278320e-01
-1.995236396789550781e+00,-1.047258496284484863e+00
5.714892864227294922e+00,-3.919930934906005859e+00
-5.303122043609619141e+00,-6.309335827827453613e-01
-6.564215660095214844e+00,2.269052505493164062e+00
-5.171338558197021484e+00,-1.332953929901123047e+00
-3.659018993377685547e+00,-1.138393044471740723e+00
-7.148852348327636719e+00,-5.133730173110961914e-01
1.090970754623413086e+00,1.358033180236816406e+00
4.235635280609130859e+00,4.134503841400146484e+00
7.819252014160156250e+00,3.413993835449218750e+00
-6.469966471195220947e-02,1.881776213645935059e+00
7.084886074066162109e+00,4.435132026672363281e+00
-5.550758361816406250e+00,2.117836952209472656e+00
-5.450556755065917969e+00,6.320793628692626953e-01
-7.037086486816406250e+00,-2.855186939239501953e+00
-7.222919940948486328e+00,3.467608928680419922e+00
7.041611194610595703e+00,-5.110802650451660156e+00
-1.147336244583129883e+00,-4.413050651550292969e+00
-1.186029672622680664e+00,2.264093160629272461e+00
-4.796876907348632812e+00,-3.366261720657348633e+00
2.042823553085327148e+00,2.991172075271606445e+00
-6.392210006713867188e+00,2.890649080276489258e+00
-8.938220024108886719e+00,-3.384269237518310547e+00
7.413074970245361328e+00,3.496025323867797852e+00
-2.074799060821533203e+00,-2.061266660690307617e+00
-7.035090923309326172e+00,-2.700092315673828125e+00
-4.443417072296142578e+00,2.471669197082519531e+00
5.321792602539062500e+00,-2.991156101226806641e+00
-4.410906791687011719e+00,8.323181271553039551e-01
-6.373803615570068359e+00,-6.704593896865844727e-01
-7.155324459075927734e+00,-2.933593273162841797e+00
-4.480951309204101562e+00,-2.201899290084838867e+00
-7.332173824310302734e+00,3.319380044937133789e+00
-7.701616764068603516e+00,2.710172891616821289e+00
-4.741995334625244141e+00,2.021874904632568359e+00
6.332743167877197266e+00,-3.260064601898193359e+00
6.884498119354248047e+00,3.508348464965820312e+00
-1.941741228103637695e+00,-2.768695354461669922e+00
-5.133086681365966797e+00,7.121626138687133789e-01
1.772884488105773926e+00,4.306937694549560547e+00
-5.111363887786865234e+00,-1.084974169731140137e+00
-3.032128334045410156e+00,-1.740120410919189453e+00
7.128640174865722656e+00,-4.812730312347412109e+00
5.742788791656494141e+00,-4.361058235168457031e+00
7.213109970092773438e+00,-4.279767513275146484e+00
-7.355427742004394531e+00,-1.564906001091003418e+00
-1.648050308227539062e+00,-2.403711557388305664e+00
-5.001474857330322266e+00,-8.416926860809326172e-01
6.377216815948486328e+00,-4.987285137176513672e+00
-1.098735928535461426e+00,8.570839166641235352e-01
-5.369110584259033203e+00,1.148147821426391602e+00
5.038578510284423828e+00,5.215552076697349548e-02
6.257447719573974609e+00,4.423026084899902344e+00
-4.046294689178466797e+00,-1.476724505424499512e+00
7.099952697753906250e+00,-4.613719940185546875e+00
-1.407976150512695312e+00,-4.121531009674072266e+00
-4.260689258575439453e+00,2.777037955820560455e-02
6.424996852874755859e+00,2.292279958724975586e+00
-4.747305393218994141e+00,-2.880457639694213867e+00
-2.409346103668212891e+00,-2.634458303451538086e+00
-7.258635044097900391e+00,2.203600645065307617e+00
7.043983936309814453e+00,2.819545269012451172e+00
-7.631227970123291016e+00,-1.617716193199157715e+00
3.847671747207641602e+00,3.593886137008666992e+00
-6.514972209930419922e+00,2.793169021606445312e+00
1.448757290840148926e+00,3.735421657562255859e+00
-2.515075206756591797e+00,8.290373720228672028e-03
-6.853967189788818359e+00,-1.351541280746459961e+00
-4.170216083526611328e+00,-2.708954811096191406e+00
6.823366284370422363e-01,1.161245703697204590e+00
6.448821544647216797e+00,-1.507881283760070801e+00
-4.330475807189941406e+00,1.115786910057067871e+00
-8.418656349182128906e+00,-3.094095706939697266e+00
7.093355178833007812e+00,-5.179255008697509766e+00
-3.160980939865112305e+00,6.270896196365356445e-01
-2.461773157119750977e+00,-2.336481094360351562e+00
-1.746688365936279297e+00,-3.097672700881958008e+00
8.303735733032226562e+00,-1.154889702796936035e+00
1.138567805290222168e+00,3.940043687820434570e+00
5.368412017822265625e+00,-3.742856502532958984e+00
-6.212960243225097656e+00,-9.865607023239135742e-01
5.496535778045654297e+00,-3.129421710968017578e+00
-6.403236389160156250e+00,1.562561750411987305e+00
2.131512403488159180e+00,4.457133769989013672e+00
-4.197206020355224609e+00,-2.396645307540893555e+00
2.537370443344116211e+00,4.360682487487792969e+00
-2.068834781646728516e+00,-1.727956891059875488e+00
5.942066669464111328e+00,-2.050233840942382812e+00
-4.146810054779052734e+00,2.428958415985107422e+00
6.371520519256591797e+00,-2.205201625823974609e+00
-3.595779895782470703e+00,1.559811949729919434e+00
-1.639168262481689453e+00,3.865189850330352783e-01
7.366557121276855469e+00,-5.074153423309326172e+00
7.924171924591064453e+00,4.726376533508300781e+00
6.336643218994140625e+00,2.930145502090454102e+00
5.861765861511230469e+00,-3.677029848098754883e+00
6.916159152984619141e+00,-2.794720977544784546e-02
-1.391006469726562500e+00,2.044896125793457031e+00
-4.594764709472656250e+00,2.283223152160644531e+00
-4.548749923706054688e+00,2.503782987594604492e+00
-6.671661853790283203e+00,-2.518770694732666016e+00
7.599860668182373047e+00,-2.424920648336410522e-01
3.849416494369506836e+00,3.639829635620117188e+00
-7.064255237579345703e+00,-2.387526750564575195e+00
8.533045768737792969e+00,4.467622756958007812e+00
-4.630839347839355469e+00,-2.948859214782714844e+00
4.240373611450195312e+00,-3.104966282844543457e-01
-6.135327816009521484e+00,1.966863989830017090e+00
-1.755416631698608398e+00,-4.251658439636230469e+00
2.252272605895996094e+00,4.437828063964843750e+00
-6.627487659454345703e+00,-2.186778068542480469e+00
-9.255110025405883789e-01,-3.901842832565307617e+00
-2.134294033050537109e+00,7.369698882102966309e-01
-4.309849739074707031e+00,-3.171673774719238281e+00
6.260190010070800781e+00,-1.201327443122863770e+00
2.444370508193969727e+00,4.460227489471435547e+00
-2.031856060028076172e+00,-3.391688585281372070e+00
-7.263652049005031586e-03,2.592149734497070312e+00
-1.661609053611755371e+00,1.458198308944702148e+00
-1.574118137359619141e+00,-5.144653797149658203e+00
5.030254364013671875e+00,-2.802736282348632812e+00
6.696833610534667969e+00,2.809988737106323242e+00
-5.916744709014892578e+00,2.476006746292114258e+00
6.662073612213134766e+00,4.367020130157470703e+00
7.380406379699707031e+00,3.024569988250732422e+00
-1.960902929306030273e+00,-2.436918973922729492e+00
2.646180391311645508e+00,3.956507921218872070e+00
4.120063304901123047e+00,3.566776514053344727e+00
-5.792189598083496094e+00,-1.169749200344085693e-01
-3.554792702198028564e-01,1.714509606361389160e+00
-4.881895542144775391e+00,1.578074574470520020e+00
-2.091249465942382812e+00,-2.694390773773193359e+00
3.998232841491699219e+00,3.378244876861572266e+00
-8.877248764038085938e+00,-3.161220550537109375e+00
-4.407474517822265625e+00,-6.437790989875793457e-01
-4.551247119903564453e+00,-3.524199247360229492e+00
7.145426750183105469e+00,-1.310346245765686035e+00
6.673397064208984375e+00,-4.486946582794189453e+00
8.078213691711425781e+00,4.878439903259277344e+00
-5.662959098815917969e+00,-1.424878835678100586e+00
-6.686535835266113281e+00,7.055686712265014648e-01
8.340476036071777344e+00,-1.079412937164306641e+00
-4.909740447998046875e+00,-3.097849369049072266e+00
5.346043109893798828e+00,-1.557695746421813965e+00
-6.816877841949462891e+00,1.351749300956726074e+00
-6.303066730499267578e+00,2.054443359375000000e+00
-1.520807266235351562e+00,-3.441462278366088867e+00
-5.536083221435546875e+00,2.737349987030029297e+00
5.941768169403076172e+00,-9.975230097770690918e-01
-1.234074711799621582e+00,-2.511198997497558594e+00
-5.457410812377929688e+00,1.243594169616699219e+00
-1.602651238441467285e+00,-4.795262813568115234e+00
-5.541028976440429688e+00,1.480098485946655273e+00
7.085409641265869141e+00,3.422590255737304688e+00
5.505560636520385742e-01,7.668684720993041992e-01
6.940440177917480469e+00,4.461803436279296875e+00
7.487602233886718750e+00,-8.144859671592712402e-01
-6.423629283905029297e+00,3.295223474502563477e+00
-6.409202575683593750e+00,1.159340381622314453e+00
6.729010105133056641e+00,-4.531583786010742188e+00
6.526031970977783203e+00,-4.824303388595581055e-01
-3.314436197280883789e+00,9.549915194511413574e-01
-7.054765820503234863e-01,8.204208612442016602e-01
1.734993338584899902e+00,3.521189451217651367e+00
6.434447288513183594e+00,-3.557697296142578125e+00
6.351970195770263672e+00,-2.332705974578857422e+00
6.886021137237548828e+00,2.703621864318847656e+00
7.431971549987792969e+00,-5.416518688201904297e+00
7.483833312988281250e+00,-5.489986896514892578e+00
5.570731639862060547e+00,4.710668325424194336e-01
7.419056415557861328e+00,4.640042781829833984e+00
5.623119831085205078e+00,-8.993746638298034668e-01
8.131275177001953125e+00,-7.817183136940002441e-01
5.343473911285400391e+00,2.837454319000244141e+00
-2.672069311141967773e+00,1.360616803169250488e+00
-5.441524028778076172e+00,-2.644141912460327148e-01
7.752336978912353516e+00,-1.072382777929306030e-01
7.352431297302246094e+00,-5.246224880218505859e+00
5.032490730285644531e+00,-4.691272974014282227e-01
9.483488798141479492e-01,2.750953197479248047e+00
5.459712028503417969e+00,-2.615259408950805664e+00
6.820806980133056641e+00,-6.483041048049926758e-01
-4.478805065155029297e+00,-1.470578312873840332e-01
4.285784244537353516e+00,4.412713050842285156e-01
5.176481723785400391e+00,-4.427305161952972412e-01
5.693482398986816406e+00,-9.201675653457641602e-01
4.744512081146240234e+00,-1.522840142250061035e+00
6.236773967742919922e+00,1.662804186344146729e-01
6.497086524963378906e+00,-1.610510945320129395e+00
-1.598703980445861816e+00,9.616741538047790527e-01
7.057683467864990234e+00,-4.544907569885253906e+00
-1.417002439498901367e+00,-4.198940753936767578e+00
1.555651783943176270e+00,4.229282855987548828e+00
-5.194706439971923828e+00,1.714651703834533691e+00
-7.168399810791015625e+00,-8.171553611755371094e-01
-5.885417461395263672e+00,-8.162984848022460938e-01
5.715087413787841797e+00,-9.329527616500854492e-01
8.264663696289062500e+00,4.099944591522216797e+00
-3.197766780853271484e+00,1.556846499443054199e+00
2.540813684463500977e+00,4.309217929840087891e+00
-5.356830596923828125e+00,-3.208244442939758301e-01
-1.980686068534851074e+00,-2.919496774673461914e+00
-1.254087090492248535e+00,-4.324264526367187500e+00
-4.721359729766845703e+00,1.395344972610473633e+00
7.954905986785888672e+00,4.817817687988281250e+00
-6.526467800140380859e+00,1.586140513420104980e+00
4.410266399383544922e+00,1.238206386566162109e+00
-4.915969848632812500e+00,-3.346480369567871094e+00
-2.212292194366455078e+00,4.768649637699127197e-01
-4.906806468963623047e+00,2.535845994949340820e+00
-7.644216537475585938e+00,2.657510042190551758e+00
-2.017036676406860352e+00,-4.042145729064941406e+00
-8.670578002929687500e+00,-3.056055307388305664e+00
-6.837073326110839844e+00,-2.524638175964355469e+00
-6.675461769104003906e+00,-2.601135730743408203e+00
-5.614921569824218750e+00,1.537548065185546875e+00
-6.652004241943359375e+00,-6.788490414619445801e-01
-5.192447662353515625e+00,1.877113223075866699e+00
-4.641026496887207031e+00,-3.777810573577880859e+00
-5.519981861114501953e+00,1.847214102745056152e+00
7.015204429626464844e+00,4.099545955657958984e+00
5.566141605377197266e+00,3.403391361236572266e+00
-9.617305994033813477e-01,2.203873395919799805e+00
4.352346897125244141e+00,-1.835214853286743164e+00
-4.695654392242431641e+00,2.524915933609008789e-01
7.303210258483886719e+00,-1.289412736892700195e+00
5.787579536437988281e+00,4.626774191856384277e-01
-6.688342094421386719e+00,-2.551045656204223633e+00
7.332933425903320312e+00,-8.068781495094299316e-01
-6.671303749084472656e+00,-3.042749464511871338e-01
7.366188526153564453e+00,-5.141137599945068359e+00
-2.464726209640502930e+00,1.314517021179199219e+00
-1.142209172248840332e+00,-4.547745227813720703e+00
2.454751014709472656e+00,1.209241867065429688e+00
3.124842643737792969e-01,2.042628288269042969e+00
-4.741192340850830078e+00,2.053174018859863281e+00
-7.183475494384765625e+00,3.142716407775878906e+00
-2.795267820358276367e+00,-2.753337144851684570e+00
-1.551807761192321777e+00,-4.691389083862304688e+00
-8.701698303222656250e+00,-3.521035194396972656e+00
7.619664669036865234e+00,-4.189661890268325806e-02
4.815183639526367188e+00,3.155052423477172852e+00
-4.421064376831054688e+00,-1.588109254837036133e+00
-4.348944664001464844e+00,1.341289520263671875e+00
4.447576045989990234e+00,-3.339608609676361084e-01
-6.026043891906738281e+00,1.361446022987365723e+00
-4.698152542114257812e+00,1.141031384468078613e+00
-1.788051843643188477e+00,-4.278936862945556641e+00
8.253140449523925781e+00,4.429623126983642578e+00
-6.071093082427978516e+00,1.179603219032287598e+00
-4.711580276489257812e+00,2.586552858352661133e+00
-5.543477058410644531e+00,2.918161869049072266e+00
5.565417289733886719e+00,-2.581434488296508789e+00
-8.046813964843750000e+00,-2.990865945816040039e+00
6.880799293518066406e+00,-4.084399223327636719e+00
-1.940817713737487793e+00,-1.205965969711542130e-02
-1.087254047393798828e+00,-4.564751625061035156e+00
-3.289336204528808594e+00,-1.087108135223388672e+00
8.044035911560058594e+00,4.596326828002929688e+00
-1.581780314445495605e+00,-4.513332366943359375e+00
-8.675307035446166992e-01,-3.527653694152832031e+00
4.310176849365234375e+00,4.127132594585418701e-01
-5.405709743499755859e+00,1.740396618843078613e+00
3.118977785110473633e+00,4.983750343322753906e+00
-5.720303535461425781e+00,1.309858322143554688e+00
-4.156842231750488281e+00,-9.195790886878967285e-01
-5.309541225433349609e+00,2.583131790161132812e+00
-4.622578144073486328e+00,-2.258763313293457031e+00
4.372099399566650391e+00,7.732898592948913574e-01
-3.473512411117553711e+00,1.791284680366516113e+00
-5.920112133026123047e+00,1.961799979209899902e+00
-4.530005455017089844e+00,-3.586826324462890625e+00
-5.790920257568359375e+00,1.504454731941223145e+00
-3.954699039459228516e+00,-1.436555981636047363e+00
-4.806465148925781250e+00,3.973942995071411133e-01
-1.515809655189514160e+00,-4.875016689300537109e+00
3.388424158096313477e+00,3.518478631973266602e+00
-4.582352638244628906e+00,2.475308477878570557e-01
4.644170761108398438e+00,-1.885040760040283203e+00
5.449704170227050781e+00,2.640839576721191406e+00
7.577640056610107422e+00,3.688574790954589844e+00
-1.526344895362854004e+00,-5.042922496795654297e+00
-6.499922275543212891e+00,1.529019832611083984e+00
-7.811563491821289062e+00,3.318377494812011719e+00
-1.441952347755432129e+00,-4.150667190551757812e+00
6.088729858398437500e+00,3.857584953308105469e+00
-7.392281055450439453e+00,3.406241416931152344e+00
-8.886339664459228516e-01,-3.914740324020385742e+00
8.256981849670410156e+00,4.630070209503173828e+00
6.425407886505126953e+00,-5.088443756103515625e+00
-3.477491617202758789e+00,1.417207956314086914e+00
-3.665348052978515625e+00,-3.797719717025756836e+00
-1.608086585998535156e+00,-4.891330242156982422e+00
1.662557601928710938e+00,4.324109554290771484e+00
7.259219169616699219e+00,3.951904535293579102e+00
-4.642549991607666016e+00,2.149654150009155273e+00
-7.794137597084045410e-01,9.610746502876281738e-01
4.924551963806152344e+00,6.572165489196777344e-01
-2.651227474212646484e+00,-1.395973920822143555e+00
-3.798026084899902344e+00,-3.585944175720214844e+00
5.884633064270019531e+00,-3.271006107330322266e+00
-9.060538291931152344e+00,-3.344981193542480469e+00
-7.440009117126464844e+00,2.600639343261718750e+00
6.906350135803222656e+00,5.460706073790788651e-03
7.963047504425048828e+00,4.139153957366943359e+00
-7.731786727905273438e+00,2.664725065231323242e+00
-5.874276638031005859e+00,3.186008453369140625e+00
-4.664476394653320312e+00,-2.586534023284912109e+00
7.250591754913330078e+00,-4.029667377471923828e+00
2.706218004226684570e+00,3.756520271301269531e+00
8.028149604797363281e+00,-7.247421741485595703e-01
-4.455965042114257812e+00,-2.567618846893310547e+00
-5.048891067504882812e+00,1.689778685569763184e+00
-3.484533786773681641e+00,1.765291690826416016e+00
-2.190023422241210938e+00,-5.984933301806449890e-02
-3.496045112609863281e+00,-2.085530519485473633e+00
5.538858771324157715e-01,2.026333808898925781e+00
5.582119941711425781e+00,4.653619825839996338e-01
5.043435096740722656e+00,3.577042102813720703e+00
-1.108542203903198242e+00,9.871643781661987305e-01
6.857880592346191406e+00,-4.128651320934295654e-01
-3.010384321212768555e+00,1.059584617614746094e+00
7.806176662445068359e+00,-1.016750693321228027e+00
-2.086241245269775391e+00,-3.167687892913818359e+00
3.176058232784271240e-01,1.809381127357482910e+00
-8.594420433044433594e+00,-3.512098789215087891e+00
-3.451467275619506836e+00,1.657328605651855469e+00
6.273434758186340332e-01,5.690275430679321289e-01
-5.594692230224609375e-01,8.857454061508178711e-01
7.943104743957519531e+00,-6.671580672264099121e-01
-6.324503898620605469e+00,6.919157505035400391e-01
-1.620951175689697266e+00,-5.056311130523681641e+00
-1.649614095687866211e+00,-4.678978443145751953e+00
6.783615112304687500e+00,3.047182083129882812e+00
-1.189038872718811035e+00,2.326954364776611328e+00
-3.360537290573120117e+00,-2.066957473754882812e+00
8.868018388748168945e-01,1.547204375267028809e+00
-2.440518617630004883e+00,1.332103371620178223e+00
-7.553631305694580078e+00,2.947746276855468750e+00
-2.136491537094116211e+00,-4.259497225284576416e-01
-5.693732261657714844e+00,-2.599828243255615234e-01
-4.489150524139404297e+00,-3.529213190078735352e+00
-3.538248300552368164e+00,-4.628671705722808838e-01
-4.086278438568115234e+00,-1.507622838020324707e+00
-5.295338153839111328e+00,1.860278129577636719e+00
-5.053800106048583984e+00,1.325572013854980469e+00
7.843185424804687500e+00,4.262887954711914062e+00
-1.220094561576843262e+00,-2.244493007659912109e+00
-7.515985369682312012e-01,1.032521724700927734e+00
-7.224833965301513672e+00,2.534248113632202148e+00
4.519330978393554688e+00,2.049533367156982422e+00
4.217151641845703125e+00,3.356016397476196289e+00
-2.194742918014526367e+00,-1.730637788772583008e+00
3.701347589492797852e+00,3.299850940704345703e+00
3.471330642700195312e+00,-2.672412097454071045e-01
-7.933419704437255859e+00,-3.444007396697998047e+00
6.359892368316650391e+00,-4.940467834472656250e+00
1.522790789604187012e+00,3.015074729919433594e+00
-5.699953079223632812e+00,2.162971019744873047e+00
4.475954055786132812e+00,6.889887154102325439e-02
-2.301919698715209961e+00,-3.617777585983276367e+00
-2.001524925231933594e+00,-7.323751449584960938e-01
3.950816631317138672e+00,9.264428168535232544e-02
7.609960556030273438e+00,-5.427484035491943359e+00
1.246644258499145508e+00,2.953162908554077148e+00
6.889438152313232422e+00,4.432038307189941406e+00
6.804092407226562500e+00,-4.040501117706298828e+00
-4.776495397090911865e-01,1.616354823112487793e+00
-6.779495716094970703e+00,1.046173691749572754e+00
-2.372344255447387695e+00,1.085320472717285156e+00
-6.315634727478027344e+00,-7.286458015441894531e-01
-2.763020992279052734e+00,1.881189942359924316e-01
-1.283005595207214355e+00,2.076642990112304688e+00
5.555211067199707031e+00,-2.190883874893188477e+00
-5.393515586853027344e+00,1.107997417449951172e+00
-4.946797370910644531e+00,-3.393322706222534180e+00
-3.876056671142578125e+00,-2.175062149763107300e-01
5.848878860473632812e+00,-3.428232192993164062e+00
-3.563154458999633789e+00,-6.458120346069335938e-01
-3.644377708435058594e+00,-1.331637144088745117e+00
5.144977092742919922e+00,-1.169924512505531311e-01
5.160344123840332031e+00,3.827370166778564453e+00
-1.150242924690246582e+00,-1.916707992553710938e+00
6.902037620544433594e+00,9.286562353372573853e-02
-6.974577426910400391e+00,1.359561443328857422e+00
6.447213649749755859e+00,-5.072325706481933594e+00
-5.114038467407226562e+00,1.506228566169738770e+00
6.753681182861328125e+00,-4.798204421997070312e+00
-1.698157310485839844e+00,1.660433530807495117e+00
-8.553785324096679688e+00,-2.897837400436401367e+00
-4.817199230194091797e+00,-1.850506663322448730e+00
-6.821800708770751953e+00,2.933312177658081055e+00
-2.000715255737304688e+00,-1.585701465606689453e+00
-4.041084289550781250e+00,-2.918714284896850586e+00
-4.389934539794921875e+00,1.310268521308898926e+00
7.217314720153808594e+00,3.689397096633911133e+00
-4.785330772399902344e+00,1.009538769721984863e+00
-3.616050481796264648e+00,6.047812104225158691e-01
7.544261455535888672e+00,4.834374904632568359e+00
-1.845867156982421875e+00,-3.908301353454589844e+00
7.646843433380126953e+00,3.322200775146484375e+00
-7.835286855697631836e-01,5.274065732955932617e-01
-7.174303054809570312e+00,-7.891613841056823730e-01
-8.445892333984375000e+00,-2.102850675582885742e+00
6.775538444519042969e+00,-4.660583019256591797e+00
-5.421772003173828125e+00,1.218332052230834961e+00
-3.143629312515258789e+00,1.028149724006652832e+00
5.954614639282226562e+00,-6.272268891334533691e-01
-7.870115756988525391e+00,3.206128835678100586e+00
5.885587692260742188e+00,-4.164566516876220703e+00
7.951160907745361328e+00,-6.514986157417297363e-01
-7.604595422744750977e-01,2.069322586059570312e+00
4.291504859924316406e+00,-3.106383383274078369e-01
1.660766363143920898e+00,4.283318042755126953e+00
4.788274765014648438e+00,2.096671581268310547e+00
-6.619857311248779297e+00,-2.292320013046264648e+00
-3.334609031677246094e+00,1.424288034439086914e+00
-6.267543315887451172e+00,-1.765149474143981934e+00
8.383989334106445312e+00,4.671839237213134766e+00
-7.520449638366699219e+00,3.076411008834838867e+00
-2.406402826309204102e+00,-3.193907260894775391e+00
-8.464845657348632812e+00,-3.387464284896850586e+00
7.534241199493408203e+00,-5.435284137725830078e+00
-6.071249485015869141e+00,-1.641621232032775879e+00
8.303184509277343750e+00,-1.173133254051208496e+00
-4.283956050872802734e+00,-3.879761219024658203e+00
-5.152180194854736328e+00,2.294573068618774414e+00
-4.006544947624206543e-01,2.260219573974609375e+00
-1.337165594100952148e+00,2.100620031356811523e+00
-2.906333684921264648e+00,-1.043602943420410156e+00
-2.692457914352416992e+00,-1.205696582794189453e+00
-4.139317512512207031e+00,-9.743335843086242676e-02
-1.792071938514709473e+00,-1.006449103355407715e+00
5.323716640472412109e+00,-3.563591480255126953e+00
-4.582231521606445312e+00,-3.484926462173461914e+00
-4.487182617187500000e+00,1.462759017944335938e+00
4.002291202545166016e+00,3.523293256759643555e+00
-4.256712913513183594e+00,-1.654567241668701172e+00
7.996293544769287109e+00,4.815482616424560547e+00
-8.001746177673339844e+00,2.937192201614379883e+00
2.998029589653015137e-01,1.705905199050903320e+00
3.803893327713012695e+00,3.948822736740112305e+00
-8.909448623657226562e+00,-2.499602079391479492e+00
-4.903585433959960938e+00,1.188135504722595215e+00
2.232684850692749023e+00,4.511226177215576172e+00
4.326347827911376953e+00,3.345503091812133789e+00
-4.257075786590576172e+00,-3.145945310592651367e+00
-6.364544391632080078e+00,1.729514598846435547e+00
-3.205162286758422852e+00,-1.653495788574218750e+00
-6.186850547790527344e+00,3.201886415481567383e+00
-8.437693595886230469e+00,-2.172682762145996094e+00
-4.090902328491210938e+00,-1.267808437347412109e+00
-1.574775815010070801e+00,-5.138673305511474609e+00
8.308801651000976562e+00,-1.187570214271545410e+00
-4.369136810302734375e+00,-3.782158195972442627e-01
-4.608809947967529297e+00,1.161496162414550781e+00
3.909462213516235352e+00,3.097085475921630859e+00
-3.812167167663574219e+00,1.181230902671813965e+00
-3.990125417709350586e+00,-2.614400625228881836e+00
3.625757396221160889e-01,2.991935014724731445e+00
1.740323066711425781e+00,4.050582408905029297e+00
-6.855375766754150391e+00,-6.058824658393859863e-01
-4.724073886871337891e+00,-3.330579996109008789e+00
-5.612447261810302734e+00,-1.079850643873214722e-01
6.981625080108642578e+00,-4.316202640533447266e+00
7.057088375091552734e+00,-4.796026706695556641e+00
-7.641186714172363281e+00,3.421437740325927734e+00
-4.363883495330810547e+00,2.055215835571289062e+00
-1.030488610267639160e+00,9.285108447074890137e-01
-1.483175158500671387e+00,4.198296964168548584e-01
-6.609756946563720703e+00,-4.461239874362945557e-01
-6.603678703308105469e+00,7.013396620750427246e-01
-3.792168855667114258e+00,-3.063927650451660156e+00
-5.240972995758056641e+00,3.602870702743530273e+00
7.294452190399169922e-01,1.819993138313293457e+00
6.947007179260253906e+00,-5.153247833251953125e+00
-5.035253524780273438e+00,1.092226028442382812e+00
-2.731846094131469727e+00,8.726207613945007324e-01
-4.208839416503906250e+00,1.979784488677978516e+00
6.007648468017578125e+00,4.664907976984977722e-02
-7.779307365417480469e+00,-3.195902109146118164e+00
-6.764220237731933594e+00,3.480916500091552734e+00
4.369989395141601562e+00,2.216005086898803711e+00
-1.807658076286315918e+00,5.519376397132873535e-01
5.937773704528808594e+00,-2.462138980627059937e-01
-2.826015949249267578e+00,-1.721638202667236328e+00
6.731288433074951172e+00,-4.512534618377685547e+00
-1.639794945716857910e+00,-1.231615066528320312e+00
-5.353493690490722656e-01,9.143071174621582031e-01
-1.142284035682678223e+00,-2.539571933448314667e-02
1.545082926750183105e+00,3.246523857116699219e+00
6.274359703063964844e+00,4.116203308105468750e+00
-8.461034774780273438e+00,-2.301295042037963867e+00
-4.751819610595703125e+00,-2.976068973541259766e+00
-6.450755596160888672e+00,1.348174214363098145e+00
-4.971218407154083252e-01,1.490305066108703613e+00
-2.194451808929443359e+00,-1.796863555908203125e+00
-1.749415278434753418e+00,-3.607199430465698242e+00
3.686746597290039062e+00,4.900762557983398438e+00
-4.707759857177734375e+00,-2.059850692749023438e+00
7.486378192901611328e+00,-4.277498722076416016e+00
-8.349957466125488281e+00,-2.142286300659179688e+00
-7.162861347198486328e+00,3.443083047866821289e+00
5.799970626831054688e+00,-3.622150182723999023e+00
-6.677412033081054688e+00,3.047981262207031250e+00
1.925863027572631836e+00,3.100851297378540039e+00
-4.887335777282714844e+00,2.368771791458129883e+00
6.574469566345214844e+00,-1.448676228523254395e+00
1.232869744300842285e+00,3.273706197738647461e+00
-8.425384759902954102e-01,1.862558007240295410e+00
-3.318830966949462891e+00,1.520645022392272949e-01
-3.898626565933227539e+00,-1.930508732795715332e+00
4.399452686309814453e+00,2.110178611474111676e-04
-4.182481288909912109e+00,-2.900449752807617188e+00
4.160827636718750000e+00,4.736021041870117188e+00
5.505597114562988281e+00,-2.770849227905273438e+00
6.621568202972412109e+00,-3.831375360488891602e+00
-6.310037612915039062e+00,3.572337701916694641e-02
-3.447499990463256836e+00,-3.012552738189697266e+00
8.361141204833984375e+00,-1.049313426017761230e+00
-3.369218111038208008e+00,-2.982811450958251953e+00
-5.315451622009277344e+00,-9.260250329971313477e-01
-4.940404415130615234e+00,-2.847778797149658203e+00
-2.719075441360473633e+00,1.744609713554382324e+00
-4.125866413116455078e+00,1.352983474731445312e+00
-4.612651348114013672e+00,-3.501655817031860352e+00
3.012737989425659180e+00,3.894770622253417969e+00
-4.540964603424072266e+00,-1.950072765350341797e+00
-6.517955303192138672e+00,-1.857437193393707275e-01
-6.281552791595458984e+00,1.875448465347290039e+00
7.219694137573242188e+00,4.197442054748535156e+00
7.889812946319580078e+00,-2.698887288570404053e-01
3.454931497573852539e+00,-1.852430343627929688e+00
-6.639451503753662109e+00,3.389120817184448242e+00
6.787674903869628906e+00,4.097515106201171875e+00
7.004837036132812500e+00,-4.133230686187744141e+00
8.055681228637695312e+00,4.348942279815673828e+00
-3.968213319778442383e+00,-6.851015686988830566e-01
-5.791799545288085938e+00,-8.046103119850158691e-01
-4.254157066345214844e+00,-2.846210718154907227e+00
-4.863336086273193359e+00,-8.043547272682189941e-01
-3.558814525604248047e+00,-2.170813322067260742e+00
6.435406684875488281e+00,-4.056825160980224609e+00
6.114201545715332031e+00,-4.816433906555175781e+00
-7.153574466705322266e+00,-2.067341804504394531e+00
-7.811003684997558594e+00,-2.568712711334228516e+00
6.960403919219970703e+00,2.896284818649291992e+00
-7.260249614715576172e+00,2.777410984039306641e+00
-9.377563595771789551e-01,6.026507019996643066e-01
-1.498443722724914551e+00,2.122068881988525391e+00
-7.622576713562011719e+00,3.277718544006347656e+00
3.384637117385864258e+00,4.797406673431396484e+00
2.546040058135986328e+00,4.064189434051513672e+00
-1.561967611312866211e+00,7.460159659385681152e-01
-5.651635646820068359e+00,-2.031889855861663818e-01
-8.006713867187500000e+00,-3.529323577880859375e+00
-6.685938239097595215e-01,7.603204250335693359e-01
6.753159046173095703e+00,-1.198647618293762207e+00
-7.156865596771240234e+00,-2.017185688018798828e+00
6.489789485931396484e+00,-3.522023916244506836e+00
-4.557922363281250000e+00,-1.482544541358947754e+00
-6.634795188903808594e+00,2.635985612869262695e+00
7.933297157287597656e+00,-8.917438387870788574e-01
2.882102251052856445e+00,4.710628509521484375e+00
7.771995544433593750e+00,-4.773718357086181641e+00
-1.130521774291992188e+00,-5.100309252738952637e-01
1.739052057266235352e+00,3.170409679412841797e+00
7.433752059936523438e+00,2.950299501419067383e+00
6.078074455261230469e+00,-3.043458700180053711e+00
5.187902927398681641e+00,-2.591164112091064453e+00
-6.534288406372070312e+00,-1.365477204322814941e+00
-8.669407844543457031e+00,-3.538326501846313477e+00
-5.272564888000488281e+00,-5.488951206207275391e-01
-7.452327251434326172e+00,2.916498422622680664e+00
-4.761120319366455078e+00,-3.067278385162353516e+00
6.008298873901367188e+00,-1.874391436576843262e+00
-3.005146741867065430e+00,-1.623840093612670898e+00
6.164120197296142578e+00,2.883757352828979492e+00
-7.444594383239746094e+00,-2.893963813781738281e+00
4.418579101562500000e+00,3.576568365097045898e-01
6.659193038940429688e+00,-4.234206676483154297e+00
-2.069309473037719727e+00,-1.740918874740600586e+00
-8.919378280639648438e+00,-2.825532436370849609e+00
4.032136917114257812e+00,3.139755249023437500e+00
-6.360602378845214844e+00,-1.653930187225341797e+00
-5.657543182373046875e+00,2.277999639511108398e+00
-4.815539360046386719e+00,8.507097959518432617e-01
-5.539476394653320312e+00,-8.410937339067459106e-02
-7.889205813407897949e-01,6.292728781700134277e-01
-4.100024223327636719e+00,2.442268610000610352e+00
-6.262866973876953125e+00,1.804049611091613770e+00
-3.408072233200073242e+00,-2.963195800781250000e+00
5.689864635467529297e+00,-1.966894149780273438e+00
-1.448993086814880371e+00,-1.265779376029968262e+00
6.237922191619873047e+00,-2.721709728240966797e+00
-3.508153676986694336e+00,-3.016755580902099609e+00
-4.146185874938964844e+00,-1.128527760505676270e+00
-7.768922805786132812e+00,-2.836028814315795898e+00
7.116139411926269531e+00,-4.837460994720458984e+00
-6.434835910797119141e+00,2.062515020370483398e+00
6.840013027191162109e+00,4.393303394317626953e+00
7.464644432067871094e+00,4.781276226043701172e+00
-2.644063711166381836e+00,1.261362195014953613e+00
-9.156723976135253906e+00,-3.331822872161865234e+00
-1.909956336021423340e+00,-2.521108627319335938e+00
-1.637725710868835449e+00,-4.533227443695068359e+00
-7.830542087554931641e+00,-1.915185451507568359e+00
-1.800714731216430664e+00,-4.713012695312500000e+00
-4.008084833621978760e-01,3.039339780807495117e-01
-5.766211509704589844e+00,3.021854639053344727e+00
-2.253238439559936523e+00,4.705703854560852051e-01
-4.687303066253662109e+00,-2.051290750503540039e+00
-8.478854179382324219e+00,-2.849961996078491211e+00
-1.201709985733032227e+00,3.752450942993164062e-01
-1.296248674392700195e+00,-4.260989189147949219e+00
-3.223753452301025391e+00,-1.572246789932250977e+00
-2.251444578170776367e+00,6.936411261558532715e-01
-6.480699539184570312e+00,1.645355582237243652e+00
-5.829877376556396484e+00,2.343732595443725586e+00
-1.005735754966735840e+00,9.118010401725769043e-01
-7.869365215301513672e+00,-3.450678110122680664e+00
-6.955340862274169922e+00,1.154731988906860352e+00
-3.479919672012329102e+00,-1.183464288711547852e+00
4.410925865173339844e+00,2.261237621307373047e+00
7.289559841156005859e+00,-1.345589280128479004e+00
-5.681449890136718750e+00,2.211954116821289062e+00
5.625966548919677734e+00,-4.039177417755126953e+00
5.039825439453125000e+00,1.131964921951293945e+00
-7.410902976989746094e+00,2.274851322174072266e+00
-5.724794864654541016e+00,1.546327114105224609e+00
-3.415021181106567383e+00,2.886140048503875732e-01
-3.598245382308959961e+00,-3.763481855392456055e+00
-4.397768974304199219e+00,7.235882431268692017e-02
-2.388499975204467773e+00,-2.329047024250030518e-01
6.342056274414062500e+00,-3.054436683654785156e+00
-8.347523808479309082e-01,2.336655616760253906e+00
-4.227843761444091797e+00,-3.433596134185791016e+00
-4.700101852416992188e+00,1.642872452735900879e+00
-7.103187561035156250e+00,3.136463403701782227e+00
-3.687422037124633789e+00,-1.100325465202331543e+00
6.556849479675292969e+00,4.257300376892089844e+00
7.050732612609863281e+00,-4.154175817966461182e-01
-2.069116115570068359e+00,-1.022733688354492188e+00
-6.815971851348876953e+00,1.524280786514282227e+00
4.822511196136474609e+00,-2.690528392791748047e+00
8.080023765563964844e+00,4.866949558258056641e+00
-7.819972038269042969e-01,-1.495659351348876953e+00
6.780510425567626953e+00,-3.993894100189208984e+00
-5.906510829925537109e+00,9.519810080528259277e-01
-4.609463691711425781e+00,2.092904329299926758e+00
-3.048978328704833984e+00,-1.918293833732604980e+00
-3.458498954772949219e+00,-2.560893297195434570e+00
-6.515257358551025391e+00,-1.790608763694763184e-01
7.196351528167724609e+00,-5.338352322578430176e-01
-2.027506113052368164e+00,-3.355334281921386719e+00
-7.391106128692626953e+00,-3.127406597137451172e+00
5.894730091094970703e+00,4.093473434448242188e+00
6.181064128875732422e+00,-3.944633960723876953e+00
7.559375286102294922e+00,3.464930295944213867e+00
6.267578125000000000e+00,-4.215393364429473877e-01
4.174066066741943359e+00,-2.252674996852874756e-01
-6.269532203674316406e+00,8.269639611244201660e-01
4.885929107666015625e+00,-2.840181112289428711e+00
-1.448155641555786133e+00,-4.737969398498535156e+00
-6.480707645416259766e+00,7.576158046722412109e-01
2.502310037612915039e+00,4.339413642883300781e+00
4.302802562713623047e+00,3.116795301437377930e+00
6.062501072883605957e-01,2.978336811065673828e+00
5.555174827575683594e+00,2.896394968032836914e+00
-4.300439357757568359e+00,1.500178456306457520e+00
7.795660495758056641e+00,-1.026840806007385254e+00
-2.581508874893188477e+00,1.436152815818786621e+00
-2.423268079757690430e+00,-2.142545938491821289e+00
-3.752323240041732788e-02,1.634328007698059082e+00
-7.161025524139404297e+00,-3.015416860580444336e+00
3.296821832656860352e+00,5.008816242218017578e+00
7.871233940124511719e+00,-5.052339076995849609e+00
-8.237607955932617188e+00,-3.348740816116333008e+00
7.292225837707519531e+00,-4.609254360198974609e+00
-7.196115493774414062e+00,-2.974025011062622070e+00
-2.616457462310791016e+00,-2.357227325439453125e+00
-7.400379180908203125e+00,3.393614053726196289e+00
-8.111870765686035156e+00,2.922821998596191406e+00
-2.145934581756591797e+00,3.234179923310875893e-03
-3.509750127792358398e+00,-1.468490958213806152e+00
7.382679939270019531e+00,-1.163064241409301758e+00
-3.549931287765502930e+00,-3.320378780364990234e+00
2.580529689788818359e+00,4.576619148254394531e+00
-4.970539510250091553e-01,1.194741129875183105e+00
-4.003726959228515625e+00,7.845851778984069824e-01
-4.216223716735839844e+00,-4.280452251434326172e+00
6.312265396118164062e+00,2.051303386688232422e-01
-3.612533330917358398e+00,-1.582708477973937988e+00
5.811109542846679688e+00,-4.264559268951416016e+00
4.240900039672851562e+00,4.701005935668945312e+00
2.559196233749389648e+00,4.224503517150878906e+00
-3.094913005828857422e+00,-5.895345807075500488e-01
-6.804201126098632812e+00,1.412524580955505371e+00
-5.208423614501953125e+00,2.350104570388793945e+00
6.027654647827148438e+00,-6.624441146850585938e-01
-7.221422195434570312e-01,8.139332532882690430e-01
6.945290088653564453e+00,4.299233913421630859e+00
6.946509838104248047e+00,-1.349795937538146973e+00
-5.378070354461669922e+00,1.073366284370422363e+00
-1.554993271827697754e+00,-3.093766212463378906e+00
6.031371116638183594e+00,-7.636729478836059570e-01
7.645518779754638672e+00,-5.315575122833251953e+00
-4.653043746948242188e+00,-3.883229494094848633e+00
-6.104037761688232422e+00,-1.456768393516540527e+00
-1.159874320030212402e+00,1.001228928565979004e+00
6.924970626831054688e+00,2.632781267166137695e+00
-3.833601951599121094e+00,9.088087826967239380e-02
-3.934700250625610352e+00,-1.936272382736206055e+00
6.860191822052001953e+00,3.991876363754272461e+00
7.042461395263671875e+00,-1.556826382875442505e-01
-6.840863704681396484e+00,1.470839142799377441e+00
6.264564037322998047e+00,-4.050838947296142578e+00
5.487134456634521484e+00,-2.626808404922485352e+00
-8.063975334167480469e+00,-2.556389808654785156e+00
-2.939965963363647461e+00,1.282756209373474121e+00
6.602313518524169922e+00,2.348047971725463867e+00
-4.828841209411621094e+00,-2.221566677093505859e+00
-7.291030406951904297e+00,-1.667265772819519043e+00
-5.322822570800781250e+00,-6.687293648719787598e-01
-5.745911598205566406e+00,2.912115812301635742e+00
-6.264277696609497070e-01,8.205490112304687500e-01
-6.819881439208984375e+00,-2.300320625305175781e+00
-4.463534832000732422e+00,-3.573384523391723633e+00
-2.608804464340209961e+00,1.346583604812622070e+00
-6.763622283935546875e+00,1.456574201583862305e+00
4.279851436614990234e+00,-1.944787025451660156e+00
-3.973587274551391602e+00,-9.612057209014892578e-01
-8.778194427490234375e+00,-2.241557598114013672e+00
7.150391101837158203e+00,4.610110759735107422e+00
-7.720766544342041016e+00,2.649743795394897461e+00
-5.063909292221069336e-01,9.411629438400268555e-01
-5.417106151580810547e-01,2.584488630294799805e+00
-1.543604135513305664e+00,-5.043639659881591797e+00
7.522781372070312500e+00,-4.340644836425781250e+00
-5.881597042083740234e+00,-8.186303377151489258e-01
-8.965983390808105469e-01,1.323770165443420410e+00
-5.298734188079833984e+00,6.171862483024597168e-01
8.326684951782226562e+00,-1.208807706832885742e+00
-4.683173179626464844e+00,-2.201182991266250610e-01
7.803473949432373047e+00,4.103193759918212891e+00
6.435992240905761719e+00,-4.096279621124267578e+00
-6.752227783203125000e+00,-2.259459972381591797e+00
4.610318660736083984e+00,1.376356840133666992e+00
-4.128782749176025391e+00,2.434512376785278320e-01
-2.423564434051513672e+00,-2.609874725341796875e+00
-3.746230363845825195e+00,1.358620405197143555e+00
-5.721201896667480469e+00,9.423424005508422852e-01
-2.733087778091430664e+00,1.376878619194030762e+00
5.996534824371337891e+00,-2.218351513147354126e-01
-1.774255037307739258e+00,-4.590391159057617188e+00
3.245582103729248047e+00,4.869849205017089844e+00
-2.247299671173095703e+00,4.164570868015289307e-01
6.919197082519531250e+00,-5.539674311876296997e-02
-5.054986476898193359e+00,2.291938304901123047e+00
-3.591544628143310547e+00,-3.619724988937377930e+00
7.173899650573730469e+00,-4.585727214813232422e+00
-3.871117830276489258e+00,1.702804118394851685e-02
7.288701534271240234e+00,-5.579311773180961609e-02
-7.224847316741943359e+00,2.122652053833007812e+00
7.574644088745117188e+00,3.120638847351074219e+00
6.389103412628173828e+00,-2.007476568222045898e+00
-1.228783369064331055e+00,-4.658311367034912109e+00
-3.319861412048339844e+00,1.736807703971862793e+00
-5.256589889526367188e+00,-7.034291625022888184e-01
3.968301296234130859e+00,3.010718822479248047e+00
4.272746086120605469e+00,-3.999986648559570312e-01
-8.682454228401184082e-01,-3.337434291839599609e+00
-4.808730602264404297e+00,-3.694316148757934570e+00
9.200271964073181152e-01,3.559305191040039062e+00
-4.563670158386230469e+00,-1.792961955070495605e+00
-1.837144613265991211e+00,-4.605009078979492188e+00
2.867482900619506836e+00,3.496221542358398438e+00
4.351512908935546875e+00,-3.705866932868957520e-01
6.414530277252197266e+00,3.138031721115112305e+00
6.213737010955810547e+00,-3.901346683502197266e+00
4.546977043151855469e+00,3.579073429107666016e+00
-4.290569782257080078e+00,-3.095523834228515625e+00
-7.998999595642089844e+00,-3.075306177139282227e+00
6.217758178710937500e+00,-3.093797922134399414e+00
6.133474826812744141e+00,2.299009263515472412e-01
7.980353355407714844e+00,-9.627764225006103516e-01
3.178057432174682617e+00,4.214769363403320312e+00
5.728033542633056641e+00,-2.420266628265380859e+00
-6.821023464202880859e+00,2.452093362808227539e+00
-4.115957260131835938e+00,2.450064659118652344e+00
-8.794939994812011719e+00,-2.161558389663696289e+00
6.379549980163574219e+00,-2.240751981735229492e-01
-2.259970664978027344e+00,-1.671408414840698242e+00
-2.106443643569946289e+00,-2.990296602249145508e+00
-9.241420030593872070e-01,2.252585887908935547e+00
-4.950151443481445312e+00,-2.414068698883056641e+00
-1.516058206558227539e+00,1.024543523788452148e+00
7.240127921104431152e-01,2.109743833541870117e+00
-2.826850414276123047e+00,7.983796000480651855e-01
-6.135277271270751953e+00,2.423532485961914062e+00
-2.929452180862426758e+00,-6.848223209381103516e-01
-7.987429499626159668e-01,-3.352966547012329102e+00
-5.672708988189697266e+00,-5.887599587440490723e-01
-1.959366559982299805e+00,-3.522031545639038086e+00
-3.902951478958129883e+00,1.237006306648254395e+00
-4.720706939697265625e+00,-2.154176473617553711e+00
-4.573331356048583984e+00,1.639499366283416748e-01
4.680711746215820312e+00,2.019268512725830078e+00
-7.944893360137939453e+00,-2.671286821365356445e+00
6.569943904876708984e+00,-3.419324398040771484e+00
-1.818125128746032715e+00,-3.395022869110107422e+00
-5.845116138458251953e+00,2.967633485794067383e+00
-6.752205371856689453e+00,-2.397679090499877930e+00
-7.264665603637695312e+00,3.400902271270751953e+00
-4.717461109161376953e+00,1.354944229125976562e+00
7.443950176239013672e+00,-1.678754538297653198e-01
8.712680339813232422e-01,3.580353498458862305e+00
-1.480372190475463867e+00,-1.121961832046508789e+00
7.769505500793457031e+00,3.535433053970336914e+00
-5.635329246520996094e+00,1.138341188430786133e+00
6.324170589447021484e+00,-5.166643857955932617e-01
-2.737282752990722656e+00,1.408167362213134766e+00
7.938131332397460938e+00,3.797652482986450195e+00
-4.467753887176513672e+00,1.354429244995117188e+00
-4.363083362579345703e+00,1.518466830253601074e+00
-4.127663135528564453e+00,2.473914861679077148e+00
-1.320936560630798340e+00,-4.222084999084472656e+00
5.693290710449218750e+00,-1.223964333534240723e+00
7.171926498413085938e+00,4.509796619415283203e+00
7.213846206665039062e+00,-4.625774860382080078e+00
-2.288794517517089844e+00,-1.078286319971084595e-01
-5.249030590057373047e+00,-9.379653334617614746e-01
7.467525959014892578e+00,4.834812641143798828e+00
7.282581806182861328e+00,-7.176228612661361694e-02
-6.097028255462646484e+00,1.358167886734008789e+00
7.795403003692626953e-01,3.313570976257324219e+00
-1.729617118835449219e-01,9.234385490417480469e-01
-3.082709789276123047e+00,-2.119106054306030273e+00
3.508642196655273438e+00,4.750766754150390625e+00
-9.486017227172851562e-01,1.092954158782958984e+00
3.013668298721313477e+00,4.941647052764892578e+00
5.291819572448730469e+00,-3.237159252166748047e+00
-4.869566440582275391e+00,7.998768240213394165e-02
1.313026070594787598e+00,5.120569467544555664e-01
6.015423297882080078e+00,4.233087062835693359e+00
-8.289927482604980469e+00,3.165487051010131836e+00
-6.969206333160400391e+00,2.089274644851684570e+00
-1.252258658409118652e+00,-1.656382083892822266e+00
4.343552589416503906e+00,2.786611616611480713e-01
5.430144786834716797e+00,4.310415744781494141e+00
-4.212710380554199219e+00,6.398674249649047852e-01
-8.928312659263610840e-01,-3.701065778732299805e+00
7.448709964752197266e+00,-9.921807646751403809e-01
1.093966960906982422e+00,1.308118700981140137e+00
-7.648970127105712891e+00,3.050654649734497070e+00
-6.330332756042480469e+00,-6.424208283424377441e-01
8.039855957031250000e+00,-6.965031623840332031e-01
5.572496414184570312e+00,3.768865585327148438e+00
-2.897440671920776367e+00,-2.027286291122436523e+00
-3.293906450271606445e+00,6.077328324317932129e-01
2.862948656082153320e+00,4.572445869445800781e+00
8.021199226379394531e+00,-1.350052356719970703e+00
5.408358573913574219e+00,2.843013763427734375e+00
5.887609004974365234e+00,3.949515581130981445e+00
-6.847804546356201172e+00,2.744332790374755859e+00
5.549168586730957031e+00,-6.627350449562072754e-01
-4.031998157501220703e+00,-1.165117383003234863e+00
-1.907902240753173828e+00,5.877763032913208008e-01
4.331041336059570312e+00,2.654011175036430359e-02
6.972259044647216797e+00,2.773225545883178711e+00
7.043136119842529297e+00,-5.071264266967773438e+00
5.461416721343994141e+00,-2.207909584045410156e+00
7.689534187316894531e+00,-4.428044319152832031e+00
7.540367126464843750e+00,3.444891452789306641e+00
-6.866447925567626953e+00,1.424802541732788086e+00
-1.121483802795410156e+00,-4.492675781250000000e+00
-8.044042587280273438e+00,-2.903072357177734375e+00
-4.431578159332275391e+00,-4.082899093627929688e-01
9.034445285797119141e-01,3.491274118423461914e+00
-3.477607965469360352e+00,1.994702696800231934e+00
-1.228638648986816406e+00,-2.842632293701171875e+00
1.248856306076049805e+00,3.981267690658569336e+00
-6.548606872558593750e+00,2.244832754135131836e+00
-4.902936935424804688e+00,-8.641594052314758301e-01
5.153512954711914062e+00,3.439357042312622070e+00
6.519003868103027344e+00,3.754281520843505859e+00
7.581386089324951172e+00,4.313368797302246094e+00
-2.134362459182739258e+00,-3.477906465530395508e+00
6.438501358032226562e+00,-8.298776149749755859e-01
-8.005132675170898438e+00,-3.547968626022338867e+00
-6.952120065689086914e-01,1.910611987113952637e+00
-1.547354936599731445e+00,-5.084832191467285156e+00
-4.032516479492187500e+00,-3.911966085433959961e+00
-3.438960790634155273e+00,-4.522058367729187012e-01
1.330798268318176270e+00,2.568176686763763428e-01
-8.309330940246582031e+00,-3.611326456069946289e+00
-1.285929918289184570e+00,-2.935992002487182617e+00
6.659417152404785156e+00,-3.714125871658325195e+00
-2.847051143646240234e+00,-1.066724181175231934e+00
-6.237652778625488281e+00,4.840035736560821533e-02
-7.608924865722656250e+00,-2.275894880294799805e+00
8.017719268798828125e+00,4.667097091674804688e+00
-3.657796382904052734e+00,-3.321805000305175781e+00
-7.967097759246826172e+00,-2.380674362182617188e+00
-8.604443550109863281e+00,-2.831608772277832031e+00
-2.805792808532714844e+00,-2.051889896392822266e+00
4.864394664764404297e+00,-2.809235095977783203e+00
-4.960221767425537109e+00,5.082421898841857910e-01
6.988935470581054688e+00,-1.350949883460998535e+00
-1.389381408691406250e+00,-2.831336975097656250e+00
5.052221298217773438e+00,-1.580762147903442383e+00
-2.432219743728637695e+00,-3.304450511932373047e+00
4.052995681762695312e+00,3.599957227706909180e+00
6.605885505676269531e+00,-3.481196403503417969e+00
-5.552023887634277344e+00,-1.330642461776733398e+00
-5.558200359344482422e+00,8.732161670923233032e-02
4.168947219848632812e+00,5.511204004287719727e-01
7.448991298675537109e+00,4.472444579005241394e-02
5.217232704162597656e+00,3.393702507019042969e+00
7.753734111785888672e+00,-5.295112609863281250e+00
-4.073900699615478516e+00,-1.817781567573547363e+00
-4.837402343750000000e+00,2.580218791961669922e+00
-1.042355179786682129e+00,1.363802194595336914e+00
-5.397519469261169434e-01,1.049610018730163574e+00
-4.249348640441894531e+00,1.150930285453796387e+00
-4.413339138031005859e+00,-3.765603542327880859e+00
6.815254688262939453e+00,-2.504731416702270508e-01
4.745530128479003906e+00,3.863271474838256836e+00
-1.921684384346008301e+00,-4.310773849487304688e+00
-4.344086647033691406e+00,-1.487168908119201660e+00
-4.898283004760742188e+00,-2.480229854583740234e+00
8.291206359863281250e+00,-1.079961061477661133e+00
-2.289970159530639648e+00,-3.099222183227539062e+00
-8.886817932128906250e+00,-3.296574115753173828e+00
-2.144531965255737305e+00,-3.401145696640014648e+00
-4.019783496856689453e+00,9.488123655319213867e-01
6.288136959075927734e+00,-3.102520704269409180e+00
-4.544137477874755859e+00,-1.654115915298461914e+00
-5.305904865264892578e+00,1.139258027076721191e+00
-4.792550563812255859e+00,5.160500407218933105e-01
5.553390502929687500e+00,-2.983428716659545898e+00
8.257874488830566406e+00,-1.091565966606140137e+00
4.928429126739501953e-01,2.898188114166259766e+00
-2.741500854492187500e+00,1.097558975219726562e+00
-5.579430103302001953e+00,1.678657531738281250e+00
7.164742469787597656e+00,-4.625930309295654297e+00
-6.063776493072509766e+00,4.897310435771942139e-01
-7.151215076446533203e+00,-2.994925498962402344e+00
-7.417135715484619141e+00,-2.432169437408447266e+00
-2.300485134124755859e+00,6.186608672142028809e-01
-3.623335123062133789e+00,-2.767404079437255859e+00
-9.159221649169921875e+00,-3.238158464431762695e+00
7.971302986145019531e+00,4.134220123291015625e+00
8.392351150512695312e+00,4.625362396240234375e+00
4.675486087799072266e+00,4.881981387734413147e-02
-7.419657707214355469e+00,-1.404913663864135742e+00
-7.950984001159667969e+00,-1.625517249107360840e+00
5.294534683227539062e+00,-3.584303140640258789e+00
1.898619890213012695e+00,4.155596733093261719e+00
-1.327549815177917480e+00,-4.504811286926269531e+00
-8.062506675720214844e+00,3.133368492126464844e+00
7.521952152252197266e+00,4.804217815399169922e+00
-1.437123775482177734e+00,7.557001709938049316e-01
5.135099411010742188e+00,-3.161633968353271484e+00
-5.581822395324707031e+00,2.259670943021774292e-01
7.524693489074707031e+00,4.743345260620117188e+00
6.190959453582763672e+00,-4.819554328918457031e+00
-4.138159275054931641e+00,-1.276084899902343750e+00
-3.041104316711425781e+00,6.367902755737304688e-01
-7.611554622650146484e+00,2.694439649581909180e+00
4.224295139312744141e+00,4.580638408660888672e+00
-4.488461017608642578e+00,-5.676990747451782227e-01
4.766212940216064453e+00,1.909100651741027832e+00
6.927525997161865234e+00,-3.555473685264587402e-01
-6.661825656890869141e+00,2.446901559829711914e+00
-2.994982957839965820e+00,1.090536952018737793e+00
7.299510478973388672e+00,3.934468269348144531e+00
-2.880970716476440430e+00,1.023702383041381836e+00
5.676405906677246094e+00,-4.317264556884765625e+00
7.200089931488037109e+00,-2.980042807757854462e-02
4.225831508636474609e+00,4.269297122955322266e+00
-4.939693927764892578e+00,-2.491642713546752930e+00
-4.959322929382324219e+00,-1.866374850273132324e+00
5.665482044219970703e+00,3.111386537551879883e+00
-3.747675657272338867e+00,-2.018366813659667969e+00
6.013253688812255859e+00,-5.277662277221679688e-01
4.120647907257080078e+00,4.056672573089599609e+00
-2.130456209182739258e+00,-2.552054882049560547e+00
6.481974124908447266e+00,-1.433093547821044922e+00
6.357900619506835938e+00,4.206193923950195312e+00
-1.716103076934814453e+00,-4.966336727142333984e+00
6.186613559722900391e+00,-4.452980041503906250e+00
-6.322546005249023438e+00,-2.158375024795532227e+00
-2.629122972488403320e+00,-1.497620105743408203e+00
6.350615024566650391e+00,-2.219381570816040039e+00
-5.384231805801391602e-01,8.982880115509033203e-01
-5.111426830291748047e+00,1.456276297569274902e+00
8.017232894897460938e+00,-6.856198906898498535e-01
5.218875408172607422e-01,-1.053705573081970215e+00
-6.795411109924316406e+00,-2.141421794891357422e+00
-2.354841709136962891e+00,-3.523315429687500000e+00
-6.750367641448974609e+00,1.855049490928649902e+00
5.720574855804443359e+00,-4.205463886260986328e+00
5.575433731079101562e+00,-3.472055673599243164e+00
-3.010892629623413086e+00,2.571606040000915527e-01
-4.713263988494873047e+00,-2.705242395401000977e+00
-1.640705347061157227e+00,4.309505522251129150e-01
3.993856668472290039e+00,4.783491611480712891e+00
-7.425747871398925781e+00,-3.065316200256347656e+00
7.496551036834716797e+00,4.321935653686523438e+00
3.261553049087524414e+00,-2.029540985822677612e-01
-7.502051353454589844e+00,-2.036944389343261719e+00
-3.665411710739135742e+00,-2.212339788675308228e-01
-4.361611366271972656e+00,1.112891077995300293e+00
7.089290142059326172e+00,-1.434775441884994507e-01
-3.661785274744033813e-02,1.731034994125366211e+00
-2.332302808761596680e+00,4.217574000358581543e-01
9.514897316694259644e-02,1.547179579734802246e+00
1.569529771804809570e+00,4.118088722229003906e+00
1.463131070137023926e+00,2.154106378555297852e+00
-7.155020713806152344e+00,2.709327220916748047e+00
8.204899787902832031e+00,4.583630084991455078e+00
-8.302408218383789062e+00,-2.673826932907104492e+00
7.293617248535156250e+00,4.003300666809082031e+00
-1.382632732391357422e+00,4.378352165222167969e-01
-1.790442109107971191e+00,-4.679956436157226562e+00
-2.375775098800659180e+00,-2.035485982894897461e+00
-2.953163385391235352e+00,-7.596741914749145508e-01
4.296393871307373047e+00,1.751319050788879395e+00
8.323679924011230469e+00,4.639618396759033203e+00
7.070369243621826172e+00,-4.929124832153320312e+00
-7.813545227050781250e+00,-1.795432090759277344e+00
-6.045783042907714844e+00,1.929204106330871582e+00
7.921455860137939453e+00,-4.606260061264038086e-01
-1.517816901206970215e+00,-2.795825242996215820e+00
6.470999717712402344e+00,2.640349388122558594e+00
7.002200603485107422e+00,-6.804288178682327271e-02
-7.574981212615966797e+00,-1.073864221572875977e+00
-6.058413982391357422e+00,2.161024332046508789e+00
8.139389038085937500e+00,4.723116397857666016e+00
5.399302005767822266e+00,-2.994815587997436523e+00
5.604646682739257812e+00,1.807634681463241577e-01
-4.593061923980712891e+00,-2.530413389205932617e+00
2.605648994445800781e+00,4.560305118560791016e+00
-3.143788099288940430e+00,-1.713591694831848145e+00
6.175715446472167969e+00,-2.124774932861328125e+00
-3.526957035064697266e+00,-3.338876485824584961e+00
-5.085807323455810547e+00,2.329269647598266602e+00
-8.029116630554199219e+00,-3.395231485366821289e+00
-6.420317888259887695e-01,8.614087104797363281e-01
-4.052949905395507812e+00,1.283386349678039551e+00
2.807184696197509766e+00,3.491112709045410156e+00
1.459784150123596191e+00,4.268757820129394531e+00
4.952682018280029297e+00,-4.928259849548339844e-01
-1.186663508415222168e+00,-2.289337396621704102e+00
3.536617755889892578e+00,5.032432556152343750e+00
-2.572072505950927734e+00,-2.163280725479125977e+00
-2.776252269744873047e+00,3.948918879032135010e-01
-6.980514526367187500e+00,9.627974629402160645e-01
-3.629355669021606445e+00,-2.509234189987182617e+00
-1.456475138664245605e+00,-4.826636314392089844e+00
-1.383305549621582031e+00,-3.603499412536621094e+00
-3.581969738006591797e+00,-1.479045867919921875e+00
-5.152555942535400391e+00,2.591821908950805664e+00
-3.472433090209960938e+00,-9.788417220115661621e-01
-5.980268955230712891e+00,9.595259428024291992e-01
-4.662887096405029297e+00,1.456995606422424316e+00
-7.712489604949951172e+00,3.379624128341674805e+00
-4.903634071350097656e+00,-2.479259967803955078e+00
-1.568177700042724609e+00,-8.904328346252441406e-01
4.526229858398437500e+00,9.971809983253479004e-01
4.087391853332519531e+00,4.115485191345214844e+00
-2.619592666625976562e+00,-2.118903875350952148e+00
-2.992323398590087891e+00,-7.121602296829223633e-01
6.312630653381347656e+00,-4.955636024475097656e+00
-8.553820610046386719e+00,-2.241851329803466797e+00
-6.510729789733886719e+00,2.177344083786010742e+00
3.603837966918945312e+00,4.132774353027343750e+00
-6.109480261802673340e-01,-1.005476713180541992e+00
-1.566444993019104004e+00,-4.714011192321777344e+00
-3.598132610321044922e+00,-2.191564798355102539e+00
-6.432949542999267578e+00,-1.961222290992736816e+00
7.208934783935546875e+00,-4.591552257537841797e+00
6.863517761230468750e+00,3.436273336410522461e+00
-5.828648090362548828e+00,1.678767681121826172e+00
6.929490566253662109e+00,-5.402944087982177734e-01
-2.721055507659912109e+00,6.348131895065307617e-01
-7.230805873870849609e+00,3.480746984481811523e+00
-6.630608081817626953e+00,-2.535349130630493164e+00
-2.793563127517700195e+00,1.269863605499267578e+00
-3.156505584716796875e+00,1.229040145874023438e+00
-2.202434301376342773e+00,-3.601156234741210938e+00
-5.759212493896484375e+00,1.764766335487365723e+00
-7.604890346527099609e+00,2.885257959365844727e+00
8.257515907287597656e+00,4.486113071441650391e+00
7.686322689056396484e+00,-5.561487674713134766e+00
4.430770874023437500e+00,3.064743995666503906e+00
-8.155415534973144531e+00,-2.758779764175415039e+00
7.300501823425292969e+00,4.252633094787597656e+00
-1.775442242622375488e+00,-4.406323909759521484e+00
5.177658557891845703e+00,2.931025981903076172e+00
6.780412197113037109e+00,3.776480674743652344e+00
-6.758398056030273438e+00,3.469133615493774414e+00
-1.951584815979003906e+00,-4.217856884002685547e+00
-5.517472267150878906e+00,2.776360988616943359e+00
-4.704209804534912109e+00,-1.926989793777465820e+00
6.562708377838134766e+00,-7.672102451324462891e-01
-1.840179562568664551e+00,-3.120777845382690430e+00
-6.335963249206542969e+00,8.301500231027603149e-02
-5.703191280364990234e+00,2.072831392288208008e+00
5.679306030273437500e+00,3.266152858734130859e+00
8.006816864013671875e+00,4.482035636901855469e+00
-5.063174247741699219e+00,1.516126036643981934e+00
6.731209754943847656e+00,-3.886743783950805664e-01
-3.974647521972656250e+00,-1.723688840866088867e+00
-1.909382224082946777e+00,-4.606581687927246094e+00
-3.754351377487182617e+00,-9.092395305633544922e-01
2.607782602310180664e+00,3.960558891296386719e+00
5.919143199920654297e+00,4.376947879791259766e+00
7.308709621429443359e-01,2.894116401672363281e+00
-1.414987564086914062e+00,-5.011053562164306641e+00
5.739753246307373047e+00,4.147488117218017578e+00
-6.825888156890869141e+00,1.092902898788452148e+00
-1.291277170181274414e+00,1.073111891746520996e+00
-6.562837123870849609e+00,2.497066259384155273e+00
-4.198944568634033203e+00,-1.226668238639831543e+00
-1.479808449745178223e+00,1.713142156600952148e+00
-5.981976985931396484e+00,2.983499050140380859e+00
3.114252567291259766e+00,5.004641056060791016e+00
-4.425907135009765625e+00,-2.952240943908691406e+00
6.498316764831542969e+00,3.433507442474365234e+00
-2.023395299911499023e+00,1.592526882886886597e-01
-3.957187891006469727e+00,-3.787455320358276367e+00
9.038176536560058594e-01,3.476046562194824219e+00
-8.340510368347167969e+00,-2.087381839752197266e+00
-4.338960170745849609e+00,-3.868162631988525391e+00
-3.764011621475219727e+00,-4.632171392440795898e-01
-6.916856288909912109e+00,-1.261863708496093750e+00
1.829954504966735840e+00,4.138647556304931641e+00
7.193164825439453125e+00,2.761045455932617188e+00
2.193167924880981445e+00,1.439465641975402832e+00
2.879790544509887695e+00,3.722193956375122070e+00
-6.732968807220458984e+00,-2.190814733505249023e+00
5.672013282775878906e+00,-3.937349319458007812e+00
6.234501361846923828e+00,-4.467267036437988281e+00
-8.708379745483398438e+00,-2.838826894760131836e+00
7.834916114807128906e+00,-4.920589923858642578e+00
-4.447259902954101562e+00,-3.928293704986572266e+00
-2.835522890090942383e+00,1.167734026908874512e+00
6.186692237854003906e+00,-4.499545574188232422e+00
4.297926902770996094e+00,-1.871302485466003418e+00
-6.985634565353393555e-01,1.538297176361083984e+00
-5.017933368682861328e+00,-4.159577190876007080e-01
-2.427103996276855469e+00,-3.667157888412475586e-01
-4.114461421966552734e+00,-9.654893875122070312e-01
-4.782622337341308594e+00,1.353151798248291016e+00
7.855488777160644531e+00,3.885486602783203125e+00
7.190762519836425781e+00,2.809511899948120117e+00
-5.878783702850341797e+00,2.762933254241943359e+00
6.839790344238281250e+00,-4.761207580566406250e+00
8.013782501220703125e+00,4.201944351196289062e+00
-1.250853657722473145e+00,3.907631337642669678e-01
-4.685084819793701172e+00,2.617154121398925781e-01
-6.563814640045166016e+00,7.651011347770690918e-01
5.383117198944091797e+00,-7.754892706871032715e-01
-9.110454559326171875e+00,-3.333872795104980469e+00
-6.472913265228271484e+00,-1.108639717102050781e+00
3.115555047988891602e+00,-1.667284607887268066e+00
3.441371440887451172e+00,4.588428974151611328e+00
-1.356586575508117676e+00,-4.216346740722656250e+00
-5.171722888946533203e+00,6.437124013900756836e-01
-4.777160167694091797e+00,1.927604556083679199e+00
-9.653654694557189941e-02,1.755975484848022461e+00
-1.077221870422363281e+00,-2.779537677764892578e+00
-4.262055397033691406e+00,-2.290981769561767578e+00
-7.501655578613281250e+00,2.260599374771118164e+00
-8.921947479248046875e+00,-3.127291917800903320e+00
-2.120124846696853638e-01,2.376126289367675781e+00
-3.561813831329345703e+00,-2.531653046607971191e-01
4.737245082855224609e+00,-2.599643468856811523e+00
6.299121856689453125e+00,2.921695709228515625e+00
5.095248222351074219e+00,-2.644617080688476562e+00
3.389379262924194336e+00,4.380259037017822266e+00
7.772081851959228516e+00,-5.896242856979370117e-01
-4.707676410675048828e+00,2.077658653259277344e+00
5.852987766265869141e+00,-3.572822093963623047e+00
2.899848222732543945e+00,4.429208755493164062e+00
-7.035223484039306641e+00,3.081985950469970703e+00
-4.384972095489501953e+00,-2.087125062942504883e+00
-1.459318399429321289e+00,8.267037272453308105e-01
-2.925407409667968750e+00,7.127243876457214355e-01
-6.992254257202148438e+00,1.364520668983459473e+00
-8.774435043334960938e+00,-2.188451051712036133e+00
-2.210472822189331055e+00,-3.249265432357788086e+00
-6.688490867614746094e+00,-8.196215033531188965e-01
5.044754505157470703e+00,3.693340063095092773e+00
3.454396247863769531e+00,4.266002178192138672e+00
-7.119433403015136719e+00,2.171977996826171875e+00
-1.474721550941467285e+00,-5.047297954559326172e+00
-4.461409568786621094e+00,-1.761469006538391113e+00
-1.035836696624755859e+00,-2.706549167633056641e+00
-1.921741247177124023e+00,-4.774360179901123047e+00
2.251411437988281250e+00,4.369189739227294922e+00
-8.425975799560546875e+00,-3.624711275100708008e+00
6.752539634704589844e+00,-3.766948699951171875e+00
-2.953024148941040039e+00,-1.032084822654724121e+00
6.616214275360107422e+00,5.803894996643066406e-02
3.213002204895019531e+00,3.832521915435791016e+00
6.302929878234863281e+00,-4.613297991454601288e-03
1.398853421211242676e+00,3.240243673324584961e+00
-4.647877216339111328e+00,2.433181524276733398e+00
6.763646125793457031e+00,4.299370765686035156e+00
-4.179788589477539062e+00,-2.654684305191040039e+00
2.597274541854858398e+00,3.496417284011840820e+00
5.959815025329589844e+00,2.565116643905639648e+00
-4.631576061248779297e+00,-3.714432001113891602e+00
7.794868946075439453e+00,-5.425520896911621094e+00
1.425325751304626465e+00,2.985013008117675781e+00
-3.394801139831542969e+00,-1.519308239221572876e-01
-4.911992549896240234e+00,-1.019960403442382812e+00
-4.198598384857177734e+00,-2.988414287567138672e+00
7.694153785705566406e+00,-4.484298229217529297e+00
6.398397445678710938e+00,-3.265091419219970703e+00
-2.914891958236694336e+00,5.016535148024559021e-02
-2.644328594207763672e+00,-2.716095447540283203e+00
3.792562484741210938e+00,-3.165053427219390869e-01
-3.549901008605957031e+00,-3.694314718246459961e+00
6.599743366241455078e+00,-3.988564491271972656e+00
-3.582277297973632812e+00,-3.566468238830566406e+00
-2.121918916702270508e+00,-3.750758171081542969e+00
6.516004085540771484e+00,-4.334733963012695312e+00
2.932318925857543945e+00,4.241287231445312500e+00
1.597622275352478027e+00,3.848654270172119141e+00
8.310757637023925781e+00,-1.223810315132141113e+00
2.667608976364135742e+00,3.283411026000976562e+00
-1.558664917945861816e+00,2.228132486343383789e+00
1.880323410034179688e+00,2.742480039596557617e+00
7.288880825042724609e+00,4.389284610748291016e+00
2.912765502929687500e+00,3.922955036163330078e+00
-5.527884960174560547e+00,2.038263559341430664e+00
-4.886198043823242188e+00,1.291830778121948242e+00
3.714182853698730469e+00,4.986221313476562500e+00
-4.153039932250976562e+00,-2.676958799362182617e+00
4.312567710876464844e+00,3.231171846389770508e+00
6.698068141937255859e+00,4.566159248352050781e+00
-5.842929363250732422e+00,-5.835415720939636230e-01
-6.425383090972900391e-01,7.326554656028747559e-01
-8.315056800842285156e+00,3.016775608062744141e+00
8.278948783874511719e+00,-1.063795447349548340e+00
-8.659449815750122070e-01,5.453444123268127441e-01
7.639855861663818359e+00,-1.366031646728515625e+00
7.022724151611328125e+00,-4.047163009643554688e+00
5.848942756652832031e+00,-3.889647245407104492e+00
-5.175314426422119141e+00,2.178229808807373047e+00
-4.532412528991699219e+00,-3.689568996429443359e+00
-1.233893632888793945e+00,-4.271147251129150391e+00
-3.067825555801391602e+00,-1.711261034011840820e+00
5.613630294799804688e+00,3.864680290222167969e+00
-6.592201709747314453e+00,-1.331582814455032349e-01
-2.801777362823486328e+00,1.117308497428894043e+00
6.266722679138183594e+00,-2.108505487442016602e+00
-7.539419174194335938e+00,3.459448337554931641e+00
-3.287611961364746094e+00,-1.301869392395019531e+00
-4.767044067382812500e+00,2.564603328704833984e+00
-4.941153049468994141e+00,-2.451813936233520508e+00
5.085064411163330078e+00,-3.292865753173828125e+00
4.440981388092041016e+00,3.125581264495849609e+00
6.729038715362548828e+00,-1.412834882736206055e+00
7.440374374389648438e+00,-5.420957803726196289e-01
7.613998413085937500e+00,3.075480937957763672e+00
5.738984584808349609e+00,-6.390006542205810547e-01
8.084985733032226562e+00,4.842151641845703125e+00
-9.092139244079589844e+00,-3.359231233596801758e+00
4.755795478820800781e+00,3.668782711029052734e+00
-7.031622886657714844e+00,2.101821184158325195e+00
7.460333824157714844e+00,4.082771301269531250e+00
7.287170886993408203e+00,-4.243178069591522217e-01
-4.921355724334716797e+00,-3.213357448577880859e+00
-8.573945999145507812e+00,-2.949966430664062500e+00
-4.349696636199951172e+00,-4.226137399673461914e-01
-4.043080806732177734e+00,2.066463232040405273e+00
-5.112241744995117188e+00,1.543762683868408203e+00
-1.748711824417114258e+00,-1.471625447273254395e+00
-3.737594604492187500e+00,-3.859704256057739258e+00
4.095367431640625000e+00,3.454138517379760742e+00
1.435491442680358887e+00,2.929810523986816406e+00
7.719391822814941406e+00,-5.450894832611083984e+00
-1.437288999557495117e+00,-4.539604187011718750e+00
-4.870728492736816406e+00,2.537607669830322266e+00
5.023808956146240234e+00,-1.934877038002014160e+00
-4.816385746002197266e+00,1.567384004592895508e+00
5.666839599609375000e+00,-2.947901964187622070e+00
-3.320209264755249023e+00,-6.019211411476135254e-01
7.663969993591308594e+00,-5.516187667846679688e+00
-7.568987369537353516e+00,-3.269768238067626953e+00
5.762386798858642578e+00,3.276199817657470703e+00
-2.511182546615600586e+00,-1.525185108184814453e+00
-4.507488250732421875e+00,2.506458759307861328e+00
-7.882376194000244141e+00,-3.177832365036010742e+00
7.471678256988525391e+00,-1.486671566963195801e+00
5.269948482513427734e+00,-2.943910360336303711e+00
3.276734948158264160e-01,3.005800008773803711e+00
2.387912034988403320e+00,2.974687576293945312e+00
7.265392303466796875e+00,-4.549570083618164062e+00
-1.275619626045227051e+00,-1.610756039619445801e+00
-2.293837070465087891e+00,5.590354204177856445e-01
-4.760602474212646484e+00,-4.387063384056091309e-01
7.365622043609619141e+00,-5.501705646514892578e+00
6.019170761108398438e+00,-1.136297941207885742e+00
1.542294144630432129e+00,3.305528879165649414e+00
2.496577024459838867e+00,4.161197185516357422e+00
6.910560131072998047e+00,2.685754299163818359e+00
7.951868057250976562e+00,-1.327133417129516602e+00
7.368444919586181641e+00,-1.319895744323730469e+00
1.322143435478210449e+00,3.062689542770385742e+00
5.895640850067138672e+00,3.356792330741882324e-01
-5.001758098602294922e+00,-1.146189808845520020e+00
-6.416611194610595703e+00,2.083428621292114258e+00
-5.680799484252929688e+00,2.216270923614501953e+00
-1.513272404670715332e+00,2.105013847351074219e+00
2.504527807235717773e+00,3.182889938354492188e+00
-4.682388305664062500e+00,5.215520262718200684e-01
-6.713691711425781250e+00,1.270716786384582520e+00
1.584764838218688965e+00,3.354423284530639648e+00
-4.253900051116943359e+00,-1.599490761756896973e+00
-2.460977077484130859e+00,-2.806867599487304688e+00
-1.753766655921936035e+00,-4.385704517364501953e+00
-6.733309745788574219e+00,2.602612972259521484e+00
-3.977580547332763672e+00,-1.250508427619934082e+00
7.783093929290771484e+00,-5.388742923736572266e+00
-4.640215396881103516e+00,-7.092464566230773926e-01
7.999970436096191406e+00,4.308950424194335938e+00
8.112716674804687500e+00,4.322784900665283203e+00
7.051307678222656250e+00,-4.945697307586669922e+00
-1.082665085792541504e+00,5.154991149902343750e-01
4.754055500030517578e+00,1.016726255416870117e+00
-7.075383663177490234e+00,3.111050128936767578e+00
-3.538934230804443359e+00,-3.683489561080932617e+00
-8.363437652587890625e+00,2.988807201385498047e+00
7.757764816284179688e+00,-1.139544725418090820e+00
-5.980967044830322266e+00,-1.710231065750122070e+00
-1.377693295478820801e+00,-2.840701580047607422e+00
7.815036773681640625e+00,-5.307090759277343750e+00
4.211010932922363281e+00,4.744951248168945312e+00
-6.898597717285156250e+00,-2.014148712158203125e+00
7.456452846527099609e+00,-1.284093141555786133e+00
-3.553380966186523438e+00,-1.443879485130310059e+00
-1.808035612106323242e+00,-1.575062870979309082e+00
-1.644201517105102539e+00,-3.016102313995361328e+00
-2.666891336441040039e+00,-1.015677094459533691e+00
4.993035316467285156e+00,-1.795379444956779480e-02
7.808214664459228516e+00,-5.422954559326171875e-01
5.329606533050537109e+00,-1.926277279853820801e+00
5.970537185668945312e+00,2.353852242231369019e-01
-1.327224850654602051e+00,-4.568476200103759766e+00
3.812744855880737305e+00,4.670732975006103516e+00
6.953935146331787109e+00,-4.814695835113525391e+00
-4.147073745727539062e+00,2.393987417221069336e+00
-3.654032230377197266e+00,-3.681474924087524414e-01
-3.496636390686035156e+00,-3.658689498901367188e+00
-7.538793563842773438e+00,-2.892571449279785156e+00
-6.165686607360839844e+00,1.353651762008666992e+00
6.661693572998046875e+00,3.867580890655517578e+00
5.964130401611328125e+00,2.052262783050537109e+00
3.032553195953369141e+00,4.333734035491943359e+00
-4.021049976348876953e+00,-4.081449031829833984e+00
8.246207237243652344e+00,4.692208290100097656e+00
-5.667233467102050781e+00,1.632086932659149170e-01
-7.017227649688720703e+00,-1.134110093116760254e+00
-2.195147752761840820e+00,-9.832850098609924316e-01
-8.573646545410156250e-01,2.159382820129394531e+00
3.525915622711181641e+00,4.911333084106445312e+00
-3.794926166534423828e+00,-2.294889926910400391e+00
-5.659002304077148438e+00,1.629542946815490723e+00
-5.877057909965515137e-01,1.656255364418029785e+00
-8.037374496459960938e+00,-2.066240310668945312e+00
7.173580646514892578e+00,3.154605150222778320e+00
-4.603761672973632812e+00,-3.898698568344116211e+00
8.282159805297851562e+00,-1.187065005302429199e+00
7.982187271118164062e+00,-6.816963553428649902e-01
7.254090309143066406e+00,1.445614844560623169e-01
-4.547405242919921875e+00,-9.284282326698303223e-01
2.971414327621459961e+00,3.482383251190185547e+00
-4.110475063323974609e+00,-1.258959174156188965e+00
-2.711611270904541016e+00,7.719185352325439453e-01
6.029396533966064453e+00,3.994397878646850586e+00
7.302711486816406250e+00,-4.859933853149414062e+00
7.059858322143554688e+00,-4.128252029418945312e+00
2.703535079956054688e+00,3.271924972534179688e+00
4.148923873901367188e+00,4.457262516021728516e+00
-4.111544132232666016e+00,-1.611915707588195801e+00
-9.556477069854736328e-01,1.852083921432495117e+00
-4.722425937652587891e+00,-3.099349021911621094e+00
6.390409946441650391e+00,-3.170557975769042969e+00
6.540614128112792969e+00,-3.698062658309936523e+00
5.478743076324462891e+00,-7.645779848098754883e-01
-2.029121637344360352e+00,-2.928943157196044922e+00
-1.349794149398803711e+00,-4.329220771789550781e+00
-4.748736858367919922e+00,2.618180811405181885e-01
-8.076828002929687500e+00,-2.357620477676391602e+00
5.815678119659423828e+00,4.021246910095214844e+00
-7.844190120697021484e+00,-3.098327636718750000e+00
1.672878980636596680e+00,4.297834873199462891e+00
-5.788680315017700195e-01,9.742102622985839844e-01
8.325465202331542969e+00,4.574200153350830078e+00
-7.614671230316162109e+00,3.415589570999145508e+00
4.014966964721679688e+00,2.318770885467529297e-01
-5.108286380767822266e+00,1.712079286575317383e+00
-4.278829574584960938e+00,2.265127182006835938e+00
-8.246824264526367188e+00,3.190409183502197266e+00
-1.494655847549438477e+00,-5.096868515014648438e+00
7.288006305694580078e+00,-5.118878483772277832e-01
6.096150875091552734e+00,4.506422519683837891e+00
-1.805426955223083496e+00,-8.668697476387023926e-01
-3.837884426116943359e+00,-1.713700056076049805e+00
-6.127938747406005859e+00,1.630257487297058105e+00
5.507936000823974609e+00,-2.840057611465454102e+00
-4.312644481658935547e+00,-1.600908279418945312e+00
6.153013706207275391e+00,3.216906547546386719e+00
-4.723518848419189453e+00,-2.688407421112060547e+00
-8.062759399414062500e+00,-1.692777037620544434e+00
-6.751849651336669922e+00,2.493721723556518555e+00
-6.066192626953125000e+00,6.961526870727539062e-01
-7.387269735336303711e-01,1.890193700790405273e+00
5.907457351684570312e+00,2.473669052124023438e+00
3.761666297912597656e+00,-3.153165578842163086e-01
-6.664303779602050781e+00,2.486367940902709961e+00
-1.731881499290466309e+00,-1.142413258552551270e+00
-9.209340095520019531e+00,-2.732192993164062500e+00
-4.258464813232421875e+00,1.121313452720642090e+00
4.034909248352050781e+00,3.872717142105102539e+00
-4.677373886108398438e+00,-3.812599658966064453e+00
7.593585968017578125e+00,-1.090496420860290527e+00
7.489938735961914062e+00,-1.269893407821655273e+00
2.051724910736083984e+00,4.369756698608398438e+00
-7.764789581298828125e+00,2.695450067520141602e+00
-3.777538537979125977e+00,1.377262592315673828e+00
-5.985629558563232422e+00,1.267150878906250000e+00
-3.838997840881347656e+00,3.941434621810913086e-01
6.354116439819335938e+00,-4.725964069366455078e+00
6.364071846008300781e+00,-3.883801460266113281e+00
3.635530471801757812e+00,5.084012031555175781e+00
-1.037203311920166016e+00,4.706454277038574219e-01
6.247569561004638672e+00,4.489454746246337891e+00
-3.427220106124877930e+00,1.427977919578552246e+00
6.750790119171142578e+00,-3.723260402679443359e+00
6.210126876831054688e+00,-3.075812339782714844e+00
-2.571238517761230469e+00,-2.362892389297485352e+00
-8.245530128479003906e+00,3.151087999343872070e+00
-5.599550008773803711e-01,1.897811532020568848e+00
-4.638288974761962891e+00,1.103953957557678223e+00
-3.874221086502075195e+00,-1.826991796493530273e+00
5.736664295196533203e+00,-4.070507049560546875e+00
-5.114562511444091797e+00,2.731590569019317627e-01
5.924973487854003906e+00,-1.090326309204101562e+00
-4.280290126800537109e+00,-1.089146494865417480e+00
5.982709407806396484e+00,-2.158233642578125000e+00
-6.754655838012695312e-01,2.078834056854248047e+00
-4.797298431396484375e+00,-2.787504434585571289e+00
8.218066215515136719e+00,4.713710308074951172e+00
8.038444519042968750e+00,-5.013242959976196289e-01
4.938380241394042969e+00,1.469663262367248535e+00
3.795604467391967773e+00,3.949199914932250977e+00
-4.377274036407470703e+00,-2.462180376052856445e+00
4.752546787261962891e+00,1.476570665836334229e-01
3.172058343887329102e+00,4.412297725677490234e+00
-2.638699293136596680e+00,1.342064380645751953e+00
-4.929908275604248047e+00,2.550173521041870117e+00
1.547206282615661621e+00,4.211212158203125000e+00
-6.691459655761718750e+00,-2.487759113311767578e+00
7.356115341186523438e+00,4.360195636749267578e+00
-1.549735546112060547e+00,-3.197103261947631836e+00
-5.079719066619873047e+00,3.020290136337280273e-01
-4.701226234436035156e+00,2.012864112854003906e+00
6.787911415100097656e+00,4.333819389343261719e+00
5.427474498748779297e+00,-3.449082672595977783e-01
3.048114061355590820e+00,4.401922225952148438e+00
-7.146134853363037109e+00,2.717880010604858398e+00
-5.762663841247558594e+00,2.371013402938842773e+00
-7.094822406768798828e+00,-7.016620635986328125e-01
-7.965216159820556641e+00,-3.204570770263671875e+00
7.375829219818115234e+00,-5.205703258514404297e+00
-6.626829147338867188e+00,1.496608138084411621e+00
4.300000667572021484e+00,-3.575152456760406494e-01
-7.020100593566894531e+00,2.151825428009033203e+00
5.927290916442871094e+00,2.975616931915283203e+00
-6.222785472869873047e+00,2.192593574523925781e+00
-4.066128730773925781e+00,-3.989828586578369141e+00
-4.926322937011718750e+00,-3.491879224777221680e+00
5.060654640197753906e+00,1.494027137756347656e+00
6.735486030578613281e+00,-3.768378019332885742e+00
-2.819515228271484375e+00,1.625157356262207031e+00
-4.298760890960693359e+00,-7.751671671867370605e-01
5.354404926300048828e+00,-3.141655445098876953e+00
-2.749895811080932617e+00,-1.398007869720458984e+00
7.582034111022949219e+00,-1.425805330276489258e+00
7.158845424652099609e+00,-1.846484839916229248e-01
-6.740562438964843750e+00,-7.509159445762634277e-01
-1.158104538917541504e+00,-3.156819343566894531e-01
-4.832555770874023438e+00,-3.178064107894897461e+00
-4.382159233093261719e+00,9.961345195770263672e-01
6.365936279296875000e+00,2.037874937057495117e+00
-4.383145332336425781e+00,1.596519708633422852e+00
-4.468574047088623047e+00,-3.486848592758178711e+00
-1.727038383483886719e+00,-4.594812393188476562e+00
-5.834857225418090820e-01,-1.532717496156692505e-01
-3.034851074218750000e+00,1.145596742630004883e+00
7.354430198669433594e+00,3.340309143066406250e+00
-3.747156381607055664e+00,-1.269913911819458008e+00
5.910161972045898438e+00,2.666311979293823242e+00
-6.309361457824707031e+00,1.168171167373657227e+00
7.648324966430664062e+00,3.977312803268432617e+00
7.743874549865722656e+00,3.985236883163452148e+00
7.308068752288818359e+00,4.834683895111083984e+00
-6.107728004455566406e+00,1.339088320732116699e+00
-6.538722991943359375e+00,1.584660887718200684e+00
-7.536391735076904297e+00,2.741320848464965820e+00
-7.612497210502624512e-01,-3.574093341827392578e+00
-5.753423213958740234e+00,1.507119297981262207e+00
1.048389911651611328e+00,3.642799615859985352e+00
-4.869599819183349609e+00,-2.504966020584106445e+00
7.726393222808837891e+00,-4.624749183654785156e+00
-6.984672546386718750e+00,2.007363796234130859e+00
4.825974941253662109e+00,-7.569448207505047321e-04
-2.049524068832397461e+00,-2.072369813919067383e+00
2.850878477096557617e+00,3.902309894561767578e+00
-8.339146614074707031e+00,-2.652548551559448242e+00
6.379121303558349609e+00,4.401306152343750000e+00
-4.766333580017089844e+00,2.290753275156021118e-01
5.813912391662597656e+00,-9.546210765838623047e-01
2.771201610565185547e+00,3.641445875167846680e+00
6.651079177856445312e+00,-1.674904823303222656e+00
8.011572837829589844e+00,4.158037662506103516e+00
7.466655254364013672e+00,-2.542847692966461182e-01
-8.429518699645996094e+00,-2.192228317260742188e+00
-4.444238662719726562e+00,9.084728956222534180e-01
3.925722599029541016e+00,1.582669317722320557e-01
-1.171642899513244629e+00,7.954677343368530273e-01
3.110723197460174561e-01,2.056731700897216797e+00
-4.799907684326171875e+00,-2.813774347305297852e+00
3.720237016677856445e-01,1.986010432243347168e+00
-6.954041481018066406e+00,-6.103500127792358398e-01
-5.888112545013427734e+00,2.218271255493164062e+00
-1.830738067626953125e+00,-1.203868746757507324e+00
-4.208897590637207031e+00,-1.691843628883361816e+00
-4.562625408172607422e+00,4.809839129447937012e-01
6.209306716918945312e+00,-4.447707176208496094e+00
7.252528190612792969e+00,-4.656418323516845703e+00
7.085860252380371094e+00,3.103532552719116211e+00
-2.409544944763183594e+00,-9.243984520435333252e-02
-1.368917942047119141e+00,9.084965586662292480e-01
3.879484176635742188e+00,1.316081583499908447e-01
-5.687944889068603516e+00,1.948632359504699707e+00
-1.451224327087402344e+00,-3.844379663467407227e+00
6.603574752807617188e+00,2.556385040283203125e+00
6.434748649597167969e+00,-8.510089516639709473e-01
-4.284919738769531250e+00,-7.500491738319396973e-01
-6.121675968170166016e+00,5.622171759605407715e-01
5.853940486907958984e+00,-3.729489088058471680e+00
-4.002176761627197266e+00,-4.176380634307861328e+00
-6.232678890228271484e+00,4.787599146366119385e-01
1.644678592681884766e+00,4.175927162170410156e+00
-4.855670452117919922e+00,1.571488976478576660e+00
-1.587934345006942749e-01,1.793572187423706055e+00
6.359122276306152344e+00,-2.432677507400512695e+00
-5.961214303970336914e-01,1.951306939125061035e+00
-7.171216011047363281e+00,2.967535018920898438e+00
-5.585072517395019531e+00,2.890297889709472656e+00
-5.033679485321044922e+00,1.847352981567382812e+00
-3.554377555847167969e+00,-3.611131906509399414e+00
3.314069509506225586e+00,-3.111890554428100586e-01
-1.591208934783935547e+00,1.132231354713439941e+00
2.582677364349365234e+00,3.444540023803710938e+00
1.707804203033447266e+00,3.294567108154296875e+00
-6.549796104431152344e+00,-7.413707375526428223e-01
7.823289871215820312e+00,-5.147931575775146484e+00
-5.400752067565917969e+00,1.534194588661193848e+00
-3.035173177719116211e+00,-1.864725589752197266e+00
-6.623834133148193359e+00,2.967505931854248047e+00
-4.847121715545654297e+00,-3.468104839324951172e+00
-2.925862789154052734e+00,8.666600584983825684e-01
7.505506038665771484e+00,4.768479347229003906e+00
-3.673084020614624023e+00,-8.577386140823364258e-01
6.294781208038330078e+00,4.546354293823242188e+00
7.547439575195312500e+00,-4.670628905296325684e-01
5.893379688262939453e+00,-1.025444984436035156e+00
-3.977975130081176758e+00,-2.038290023803710938e+00
-2.885040998458862305e+00,5.170320868492126465e-01
-3.275562286376953125e+00,-1.072895884513854980e+00
-4.878555297851562500e+00,8.219762444496154785e-01
-8.496145248413085938e+00,-2.473114490509033203e+00
-5.295867919921875000e+00,-2.409819364547729492e+00
-6.185553550720214844e+00,-1.708280682563781738e+00
-4.950086116790771484e+00,-2.205352306365966797e+00
-7.847899913787841797e+00,-1.645462989807128906e+00
-7.865540504455566406e+00,-3.465590238571166992e+00
-5.291635036468505859e+00,1.514867663383483887e+00
6.520153045654296875e+00,2.393881320953369141e+00
-1.410119533538818359e+00,-4.062549591064453125e+00
-4.141575336456298828e+00,-2.623854875564575195e+00
7.169106960296630859e+00,2.767889976501464844e+00
2.569851875305175781e+00,3.448780775070190430e+00
-7.853452682495117188e+00,2.740824222564697266e+00
4.447133541107177734e+00,1.385716907680034637e-02
-5.708658695220947266e+00,1.449455857276916504e+00
-1.174730300903320312e+00,9.849888682365417480e-01
4.014297485351562500e+00,4.104700088500976562e+00
-2.523880958557128906e+00,-2.161305427551269531e+00
-5.676970958709716797e+00,2.883198738098144531e+00
5.640363216400146484e+00,-3.373324871063232422e+00
6.836468219757080078e+00,-1.578299045562744141e+00
-3.114415884017944336e+00,-1.753463029861450195e+00
5.494806289672851562e+00,-7.597556114196777344e-01
5.008020401000976562e+00,-3.075058221817016602e+00
4.470290184020996094e+00,1.212708950042724609e+00
-3.675674438476562500e+00,-3.782284021377563477e+00
-2.811596155166625977e+00,3.880582153797149658e-01
7.196403026580810547e+00,-4.696301937103271484e+00
-7.906988143920898438e+00,-3.557554483413696289e+00
-3.113152265548706055e+00,6.725471615791320801e-01
-4.207536220550537109e+00,-2.283451408147811890e-01
-1.994265615940093994e-01,1.816497921943664551e+00
5.520198822021484375e+00,-4.018384933471679688e+00
-4.421507835388183594e+00,-4.810032546520233154e-01
5.136236190795898438e+00,1.323999762535095215e+00
-6.653463363647460938e+00,-1.852880120277404785e+00
6.989782810211181641e+00,-4.481500148773193359e+00
1.428308963775634766e+00,1.095559477806091309e+00
5.678664207458496094e+00,-1.777984976768493652e+00
-4.520796775817871094e+00,2.010910272598266602e+00
-4.678722381591796875e+00,-1.591513156890869141e+00
-2.651176214218139648e+00,-2.531665086746215820e+00
-5.306087017059326172e+00,1.301214694976806641e+00
-5.708198070526123047e+00,-9.379170536994934082e-01
5.833274364471435547e+00,4.858482629060745239e-02
-2.349218606948852539e+00,-3.000371694564819336e+00
1.226819753646850586e+00,3.677766561508178711e+00
-9.638398289680480957e-01,1.069407701492309570e+00
-6.105880737304687500e+00,2.253015756607055664e+00
-5.496280670166015625e+00,1.327461242675781250e+00
-3.630818128585815430e+00,-2.261054039001464844e+00
-7.200004577636718750e+00,2.678306579589843750e+00
-4.676308155059814453e+00,-2.517556428909301758e+00
-5.010799884796142578e+00,1.402879476547241211e+00
-2.229320049285888672e+00,-3.253235101699829102e+00
-6.456433773040771484e+00,-1.338914990425109863e+00
-8.175149917602539062e+00,3.265496015548706055e+00
-2.752148866653442383e+00,1.008405208587646484e+00
7.715050697326660156e+00,-5.481660842895507812e+00
-3.025090694427490234e+00,-1.605180859565734863e+00
-1.711811780929565430e+00,-4.604362487792968750e+00
6.993110656738281250e+00,3.248780727386474609e+00
-6.443130016326904297e+00,1.716441512107849121e+00
-7.773382663726806641e+00,-3.257307291030883789e+00
4.192734718322753906e+00,1.076758146286010742e+00
-1.121381759643554688e+00,3.882251381874084473e-01
-7.727146148681640625e+00,2.477587223052978516e+00
-3.634933471679687500e+00,-1.365466952323913574e+00
-4.517066001892089844e+00,1.177813768386840820e+00
-1.560140013694763184e+00,-3.065657138824462891e+00
-3.499382734298706055e+00,-2.185160875320434570e+00
-5.249267578125000000e+00,1.715279221534729004e+00
6.767871379852294922e+00,-3.729187250137329102e+00
-7.140169620513916016e+00,-2.943678379058837891e+00
6.948135375976562500e+00,4.053205490112304688e+00
-4.867773532867431641e+00,-1.025115609169006348e+00
7.675854682922363281e+00,3.431341409683227539e+00
-5.355753898620605469e+00,1.602747291326522827e-01
-1.148244976997375488e+00,1.127045512199401855e+00
-2.795432090759277344e+00,-1.184477090835571289e+00
-3.176044940948486328e+00,-7.625834941864013672e-01
5.659450054168701172e+00,4.144181609153747559e-01
-1.557698011398315430e+00,-5.145066261291503906e+00
7.438853263854980469e+00,-4.381289482116699219e+00
-3.983403921127319336e+00,-2.373808622360229492e+00
-2.229949474334716797e+00,-3.613856315612792969e+00
-3.410846710205078125e+00,-5.543980598449707031e-01
-7.667874336242675781e+00,-3.380630970001220703e+00
7.834312438964843750e+00,-5.077983856201171875e+00
-5.448940277099609375e+00,-2.647633075714111328e+00
-5.845694541931152344e+00,1.303429365158081055e+00
4.698400020599365234e+00,4.297095775604248047e+00
3.394203662872314453e+00,4.511534214019775391e+00
-7.859707355499267578e+00,-1.945294380187988281e+00
-6.936003684997558594e+00,-2.318772792816162109e+00
6.722866058349609375e+00,2.839044094085693359e+00
-8.660458564758300781e+00,-2.217761278152465820e+00
-7.851997375488281250e+00,-3.186400175094604492e+00
2.391971111297607422e+00,4.620435237884521484e+00
-6.440315723419189453e+00,1.608454942703247070e+00
-3.563039064407348633e+00,-3.644020318984985352e+00
-1.045315980911254883e+00,-2.882818698883056641e+00
-3.981997251510620117e+00,-3.006856203079223633e+00
4.600892543792724609e+00,1.571110725402832031e+00
-3.635496377944946289e+00,-1.916290998458862305e+00
7.316393375396728516e+00,-1.533143281936645508e+00
6.542642116546630859e+00,-1.287741899490356445e+00
-4.369996547698974609e+00,2.106447458267211914e+00
-4.364799499511718750e+00,-1.676634073257446289e+00
5.181583404541015625e+00,-3.246504068374633789e+00
-4.651842117309570312e+00,-3.551355123519897461e+00
4.272536277770996094e+00,3.769702911376953125e+00
-4.958620548248291016e+00,1.139953851699829102e+00
-9.535258412361145020e-01,-3.135991334915161133e+00
6.950859069824218750e+00,-4.549161434173583984e+00
-8.493306636810302734e-01,1.017089843750000000e+00
-7.442934036254882812e+00,-3.100804567337036133e+00
2.586651563644409180e+00,3.066425085067749023e+00
-3.519778251647949219e+00,-3.602601766586303711e+00
-2.778450489044189453e+00,-1.090737342834472656e+00
6.122348785400390625e+00,3.286400318145751953e+00
-5.658798217773437500e+00,1.832292675971984863e+00
-6.201826572418212891e+00,2.255341053009033203e+00
-7.566219329833984375e+00,-1.721583366394042969e+00
-5.317252635955810547e+00,1.926624536514282227e+00
-7.604024887084960938e+00,-2.197610855102539062e+00
3.427547931671142578e+00,4.187479972839355469e+00
-8.329924583435058594e+00,-2.142698764801025391e+00
-4.262542724609375000e+00,-2.598596811294555664e+00
7.826671600341796875e+00,-8.670071363449096680e-01
-2.748847961425781250e+00,-9.391959905624389648e-01
-1.045249462127685547e+00,1.170903325080871582e+00
-1.642850518226623535e+00,-1.030177950859069824e+00
-7.002100467681884766e+00,1.184798359870910645e+00
6.443443775177001953e+00,2.617013931274414062e+00
-4.611646175384521484e+00,-4.938898682594299316e-01
6.417596817016601562e+00,-1.500955373048782349e-01
-4.707734584808349609e+00,-2.551820993423461914e+00
7.856975078582763672e+00,-5.140484809875488281e+00
-9.084720611572265625e+00,-2.517775058746337891e+00
7.026926040649414062e+00,-1.524090051651000977e+00
5.821959972381591797e+00,-3.982075154781341553e-01
-3.983468532562255859e+00,-1.558884382247924805e+00
-6.387424468994140625e+00,1.765369296073913574e+00
7.278698444366455078e+00,-1.142618656158447266e+00
5.544093608856201172e+00,3.945960998535156250e+00
4.832867622375488281e+00,-2.649752855300903320e+00
-7.472470283508300781e+00,-2.253946065902709961e+00
7.463216781616210938e+00,-1.296513915061950684e+00
-7.083807945251464844e+00,3.242647886276245117e+00
7.137406826019287109e+00,-1.278172492980957031e+00
4.039880752563476562e+00,4.742130756378173828e+00
7.430143356323242188e+00,-9.559817910194396973e-01
-1.659307003021240234e+00,-3.919260025024414062e+00
-4.885296344757080078e+00,1.494796395301818848e+00
-1.052312612533569336e+00,1.823688745498657227e+00
-4.362799167633056641e+00,-3.847025871276855469e+00
-4.564813613891601562e+00,-7.543814778327941895e-01
-5.963589191436767578e+00,-1.289195060729980469e+00
-4.993937492370605469e+00,-9.963716268539428711e-01
6.172444343566894531e+00,2.323674440383911133e+00
5.884534835815429688e+00,-3.711579561233520508e+00
6.509539604187011719e+00,-3.473944962024688721e-01
-5.599973678588867188e+00,2.079988479614257812e+00
-7.973324298858642578e+00,-1.641467571258544922e+00
-3.677328824996948242e+00,1.414572000503540039e+00
5.296557426452636719e+00,-2.806626796722412109e+00
6.757702827453613281e+00,4.452151775360107422e+00
-8.139486312866210938e+00,-3.375617980957031250e+00
-6.006224632263183594e+00,-1.459809541702270508e+00
-1.222793459892272949e+00,-2.824577808380126953e+00
-8.572157859802246094e+00,-3.162590742111206055e+00
-3.234575748443603516e+00,-1.369619965553283691e+00
4.570923328399658203e+00,-1.036557331681251526e-01
-3.202092170715332031e+00,1.037077069282531738e+00
4.354901313781738281e+00,3.845144510269165039e-01
-7.960708618164062500e+00,-3.549106121063232422e+00
5.227032661437988281e+00,-3.181535243988037109e+00
1.273028612136840820e+00,1.115757584571838379e+00
5.882702827453613281e+00,4.250671386718750000e+00
5.423043251037597656e+00,-3.448270082473754883e+00
-6.999590396881103516e+00,-2.747971773147583008e+00
-4.060204505920410156e+00,-4.263430595397949219e+00
5.938385963439941406e+00,-5.314552783966064453e-01
3.750252008438110352e+00,4.107467651367187500e+00
3.808223009109497070e+00,3.394978940486907959e-01
7.623349666595458984e+00,-1.064064741134643555e+00
6.702620506286621094e+00,-3.734079599380493164e+00
2.750990390777587891e+00,3.511601448059082031e+00
-5.853383541107177734e+00,2.359230756759643555e+00
-3.444984436035156250e+00,1.410277366638183594e+00
7.616596698760986328e+00,-4.617843151092529297e+00
-8.515437126159667969e+00,-1.986382603645324707e+00
7.621221542358398438e+00,-1.429248690605163574e+00
6.401814937591552734e+00,2.596837282180786133e+00
3.933943033218383789e+00,9.658738970756530762e-02
3.840836524963378906e+00,3.534089565277099609e+00
-7.765669345855712891e+00,-3.113801240921020508e+00
6.917278289794921875e+00,-5.137941360473632812e+00
-7.874712467193603516e+00,-3.476505279541015625e+00
-3.769120693206787109e+00,-9.870003461837768555e-01
-4.142697334289550781e+00,1.817739844322204590e+00
-8.151622772216796875e+00,3.287588834762573242e+00
-8.336987495422363281e+00,-1.925245642662048340e+00
5.889671325683593750e+00,-2.967216014862060547e+00
2.552900314331054688e+00,3.402132987976074219e+00
-1.846095800399780273e+00,-4.445864200592041016e+00
-2.753934860229492188e+00,1.343689799308776855e+00
-3.955857276916503906e+00,-2.049059629440307617e+00
6.945831775665283203e+00,4.763517379760742188e+00
-5.021227836608886719e+00,1.427195310592651367e+00
-3.916280269622802734e+00,3.368292748928070068e-01
8.228761672973632812e+00,4.844836235046386719e+00
-8.292924880981445312e+00,-3.482980489730834961e+00
5.738019466400146484e+00,-7.601760625839233398e-01
6.233767509460449219e+00,-2.612586975097656250e+00
4.627874851226806641e+00,5.725912004709243774e-02
1.119956016540527344e+00,1.864452004432678223e+00
1.097008824348449707e+00,-2.097322642803192139e-01
-4.126405715942382812e+00,-1.513548135757446289e+00
-6.895417213439941406e+00,1.485456824302673340e+00
3.880522727966308594e+00,4.579041004180908203e+00
-7.577756881713867188e+00,3.074642896652221680e+00
-3.866818189620971680e+00,-1.915437936782836914e+00
5.229187965393066406e+00,-1.742599844932556152e+00
7.590210437774658203e+00,-1.420998692512512207e+00
-2.290090799331665039e+00,3.591762185096740723e-01
1.763753652572631836e+00,4.229693889617919922e+00
-1.892691016197204590e+00,-3.735102653503417969e+00
-6.191400051116943359e+00,2.478481292724609375e+00
-5.263130187988281250e+00,4.228180348873138428e-01
6.360044002532958984e+00,-2.316576480865478516e+00
6.858608722686767578e+00,3.897380828857421875e+00
-5.569393157958984375e+00,1.420866250991821289e+00
2.187812089920043945e+00,4.433290481567382812e+00
-7.532775878906250000e+00,2.871726989746093750e+00
-4.302782416343688965e-01,1.665879964828491211e+00
5.885284423828125000e+00,2.232117414474487305e+00
7.489737510681152344e+00,4.653509140014648438e+00
-4.249916076660156250e+00,-5.421825647354125977e-01
4.253614425659179688e+00,4.043850898742675781e-01
-7.776496410369873047e+00,-3.449142932891845703e+00
1.906281709671020508e+00,3.951505184173583984e+00
-4.217891693115234375e+00,2.167539358139038086e+00
-6.491430759429931641e+00,2.928913354873657227e+00
-5.385570526123046875e+00,2.090255260467529297e+00
-3.968343019485473633e+00,-2.560413599014282227e+00
5.735285758972167969e+00,-3.724455833435058594e+00
-4.421484947204589844e+00,1.563788652420043945e+00
2.800223827362060547e+00,3.550196409225463867e+00
-2.540846824645996094e+00,-2.122155666351318359e+00
-4.619686603546142578e+00,3.319687843322753906e-01
7.402719497680664062e+00,-1.011782884597778320e+00
-4.330927371978759766e+00,-2.807845354080200195e+00
-7.275849819183349609e+00,3.003689765930175781e+00
-6.071743488311767578e+00,2.226365327835083008e+00
6.647918224334716797e+00,-3.977127075195312500e+00
-4.548704624176025391e+00,-1.105744481086730957e+00
-3.134462356567382812e+00,9.154076576232910156e-01
-3.894008159637451172e+00,-1.094862699508666992e+00
6.649090766906738281e+00,-1.294849991798400879e+00
7.262516021728515625e+00,3.753540664911270142e-02
-1.562464118003845215e+00,-5.162322521209716797e+00
5.949574470520019531e+00,-3.900175333023071289e+00
-1.897655606269836426e+00,-3.216774225234985352e+00
2.762651443481445312e+00,3.476814270019531250e+00
7.871329307556152344e+00,-5.170202255249023438e+00
-5.273686051368713379e-01,1.431710600852966309e+00
4.110103130340576172e+00,-1.891985893249511719e+00
-7.577651500701904297e+00,3.437502861022949219e+00
-4.726936817169189453e+00,2.051383972167968750e+00
6.328294754028320312e+00,4.284044265747070312e+00
-4.234029293060302734e+00,-2.324231147766113281e+00
7.848223209381103516e+00,-4.868690013885498047e+00
-5.538706302642822266e+00,2.692513227462768555e+00
5.833598613739013672e+00,-3.420935869216918945e+00
7.228576183319091797e+00,1.228746250271797180e-01
5.943384647369384766e+00,3.221909701824188232e-01
-8.457630872726440430e-01,-3.566143274307250977e+00
2.948711872100830078e+00,4.414916515350341797e+00
7.172370433807373047e+00,-4.662548542022705078e+00
-1.568213582038879395e+00,-5.087427139282226562e+00
-9.123470306396484375e+00,-3.325991868972778320e+00
1.861551165580749512e+00,4.349427223205566406e+00
-7.024039268493652344e+00,-2.838053464889526367e+00
-8.270339965820312500e+00,3.253430604934692383e+00
4.451747894287109375e+00,3.047297000885009766e+00
-2.353677272796630859e+00,1.555190563201904297e+00
5.567855358123779297e+00,-3.854870557785034180e+00
-4.695960998535156250e+00,5.900329351425170898e-01
5.850694656372070312e+00,3.139947354793548584e-01
7.219968795776367188e+00,-1.371551990509033203e+00
6.447365283966064453e+00,-1.901158571243286133e+00
-1.283257961273193359e+00,2.216996669769287109e+00
6.162895679473876953e+00,4.551025867462158203e+00
5.891392707824707031e+00,2.786487102508544922e+00
-5.529128551483154297e+00,1.172680854797363281e+00
6.674021720886230469e+00,-1.268128871917724609e+00
-9.804220795631408691e-01,1.569831609725952148e+00
7.252104759216308594e+00,-2.354566752910614014e-02
7.767400264739990234e+00,-4.533030986785888672e+00
-6.494954586029052734e+00,1.114029049873352051e+00
-8.776551246643066406e+00,-2.171002388000488281e+00
-1.879997968673706055e+00,-3.110672712326049805e+00
-7.249437332153320312e+00,-1.281971216201782227e+00
4.193795204162597656e+00,3.333570480346679688e+00
7.250786781311035156e+00,4.578101158142089844e+00
-7.797607898712158203e+00,-3.037650346755981445e+00
-2.815577745437622070e+00,1.401810526847839355e+00
-4.028576850891113281e+00,-2.963424682617187500e+00
-2.576660871505737305e+00,1.169505357742309570e+00
-6.883233547210693359e+00,8.983740806579589844e-01
-4.481665611267089844e+00,1.350062251091003418e+00
-6.479065895080566406e+00,2.035337686538696289e+00
-3.187448501586914062e+00,-1.736015439033508301e+00
7.672667026519775391e+00,-5.398973464965820312e+00
-9.240012168884277344e+00,-3.281692743301391602e+00
-3.115094900131225586e+00,-1.942615389823913574e+00
5.112668037414550781e+00,-3.134615659713745117e+00
-6.633934974670410156e+00,-2.488656044006347656e+00
5.556354045867919922e+00,-3.090036630630493164e+00
-1.404144644737243652e+00,-3.232517242431640625e+00
3.943156957626342773e+00,-1.290407419204711914e+00
-8.310944557189941406e+00,-3.574923038482666016e+00
-8.680298924446105957e-01,1.161859035491943359e+00
-6.799201488494873047e+00,9.241069555282592773e-01
4.130166053771972656e+00,3.992618799209594727e+00
-3.619406461715698242e+00,-1.261852025985717773e+00
-4.386149406433105469e+00,-1.459480762481689453e+00
-9.838639944791793823e-02,3.216424584388732910e-02
-1.613241195678710938e+00,-5.019629955291748047e+00
-4.348601341247558594e+00,2.216499567031860352e+00
-8.064581871032714844e+00,2.898528337478637695e+00
-6.302286982536315918e-01,-3.512085378170013428e-01
2.980230569839477539e+00,4.627225399017333984e+00
5.684252738952636719e+00,5.181186199188232422e-01
8.476456642150878906e+00,4.449015140533447266e+00
7.656105518341064453e+00,-5.457093715667724609e+00
6.032622337341308594e+00,-4.401632785797119141e+00
-6.304672241210937500e+00,1.338449239730834961e+00
-7.447571754455566406e+00,2.265461206436157227e+00
-7.487143516540527344e+00,-1.551834106445312500e+00
-5.583604335784912109e+00,2.167045593261718750e+00
-6.826168537139892578e+00,6.134005784988403320e-01
5.312715053558349609e+00,3.811871290206909180e+00
-1.687018513679504395e+00,-3.327374458312988281e+00
-4.131505966186523438e+00,2.434628486633300781e+00
4.553163528442382812e+00,1.644155621528625488e+00
-1.121961116790771484e+00,-2.247117519378662109e+00
-1.967857718467712402e+00,-2.777343034744262695e+00
-6.190059661865234375e+00,3.043513774871826172e+00
-1.362183213233947754e+00,-1.422092318534851074e+00
6.215412139892578125e+00,-4.377717018127441406e+00
6.378233909606933594e+00,-7.320392131805419922e-01
7.775863170623779297e+00,-1.060769081115722656e+00
6.588194847106933594e+00,-4.201684951782226562e+00
6.061612606048583984e+00,1.208907216787338257e-01
7.249598979949951172e+00,-1.187362432479858398e+00
-4.579204559326171875e+00,9.257059097290039062e-01
-5.813236713409423828e+00,3.175631523132324219e+00
-6.626151084899902344e+00,3.035813808441162109e+00
-4.732491016387939453e+00,1.154322385787963867e+00
3.930633544921875000e+00,3.444490909576416016e+00
-3.515530109405517578e+00,1.181473731994628906e+00
3.237756013870239258e+00,4.942269325256347656e+00
-7.097904205322265625e+00,-2.882024049758911133e+00
-8.126431465148925781e+00,-2.220238685607910156e+00
-2.626301288604736328e+00,-4.390925168991088867e-01
-6.409953117370605469e+00,-1.713237166404724121e+00
7.983105659484863281e+00,4.733633995056152344e+00
7.238907814025878906e+00,-1.565967798233032227e+00
-4.902676105499267578e+00,-1.346283674240112305e+00
-7.666065216064453125e+00,2.743497371673583984e+00
7.595769405364990234e+00,-5.482605934143066406e+00
6.288911342620849609e+00,-4.858841419219970703e+00
-2.487663030624389648e+00,7.197328209877014160e-01
-3.183485269546508789e+00,2.692664973437786102e-02
6.504132270812988281e+00,-1.606632947921752930e+00
4.182423591613769531e+00,4.118760585784912109e+00
4.935786724090576172e+00,-6.488339304924011230e-01
5.156359672546386719e-01,2.749503850936889648e+00
-6.232614994049072266e+00,3.313915729522705078e+00
-4.135057926177978516e+00,-1.435711145401000977e+00
-4.245210647583007812e+00,-3.155420303344726562e+00
-1.687827467918395996e+00,-1.510947465896606445e+00
-4.455391407012939453e+00,-2.924573421478271484e+00
7.961469650268554688e+00,3.891516208648681641e+00
3.955948352813720703e+00,-1.595953464508056641e+00
-1.514837980270385742e+00,-1.068619370460510254e+00
-4.954192638397216797e+00,5.156927108764648438e-01
-4.669374465942382812e+00,-3.255207538604736328e+00
-6.305771827697753906e+00,1.648180603981018066e+00
-2.420346498489379883e+00,1.680075824260711670e-01
3.641254901885986328e+00,5.008872032165527344e+00
4.893838405609130859e+00,-3.023677587509155273e+00
-3.746604442596435547e+00,4.924850761890411377e-01
8.083183288574218750e+00,-5.839576721191406250e-01
6.167788505554199219e+00,4.130395412445068359e+00
5.990180969238281250e+00,3.266390413045883179e-02
-1.186958551406860352e+00,-1.839092254638671875e+00
-6.141899108886718750e+00,1.481324315071105957e+00
-7.077741146087646484e+00,2.983048915863037109e+00
6.023598194122314453e+00,-1.080211400985717773e+00
6.375174999237060547e+00,-5.029426574707031250e+00
7.442790508270263672e+00,-3.855283856391906738e-01
6.723906993865966797e+00,-4.275691032409667969e+00
6.117437839508056641e+00,-2.913959503173828125e+00
-4.192309379577636719e+00,6.228987500071525574e-02
-7.251111507415771484e+00,-1.469724416732788086e+00
-5.580735683441162109e+00,1.123787283897399902e+00
-4.100563049316406250e+00,-4.250784590840339661e-02
4.764536380767822266e+00,1.417617678642272949e+00
-3.605974912643432617e+00,7.241958975791931152e-01
-5.851602554321289062e+00,2.841519355773925781e+00
-8.596606254577636719e+00,-2.325696468353271484e+00
-4.443288803100585938e+00,8.419034481048583984e-01
3.438954591751098633e+00,5.107132911682128906e+00
7.818645954132080078e+00,-5.055231094360351562e+00
-1.398232221603393555e+00,-1.186633348464965820e+00
-1.222523808479309082e+00,-4.661083221435546875e+00
-5.411725521087646484e+00,2.055787563323974609e+00
-6.144942760467529297e+00,3.207236528396606445e+00
-5.121494770050048828e+00,1.612167000770568848e+00
-5.606681346893310547e+00,1.952468752861022949e+00
6.209693431854248047e+00,-4.578527927398681641e+00
-8.879635930061340332e-01,-3.473390340805053711e+00
-8.064468383789062500e+00,-2.920721530914306641e+00
5.003112792968750000e+00,2.772010087966918945e+00
-4.877991676330566406e+00,-2.243702173233032227e+00
-4.576389312744140625e+00,-3.933892965316772461e+00
-7.194109916687011719e+00,2.276093006134033203e+00
-3.611546993255615234e+00,-1.013313293457031250e+00
-5.041938781738281250e+00,5.006182789802551270e-01
-4.552093029022216797e+00,-2.143354177474975586e+00
-2.109617233276367188e+00,-3.246892452239990234e+00
-8.282046318054199219e-01,-2.795318603515625000e+00
-5.780713081359863281e+00,-1.242953419685363770e+00
-8.765255928039550781e+00,-2.308335781097412109e+00
-2.091504573822021484e+00,-7.469662930816411972e-03
-9.216036200523376465e-01,-4.098855495452880859e+00
-2.243490457534790039e+00,1.119848251342773438e+00
-7.879272460937500000e+00,-2.136607408523559570e+00
-1.507001399993896484e+00,-8.060541152954101562e-01
-2.620086431503295898e+00,-2.819514989852905273e+00
7.862782001495361328e+00,-4.813981533050537109e+00
7.725804328918457031e+00,4.176874160766601562e+00
3.024461984634399414e+00,4.869319915771484375e+00
2.146028280258178711e+00,3.516336202621459961e+00
-2.351589202880859375e+00,2.028761655092239380e-01
6.823063373565673828e+00,-5.067731857299804688e+00
-5.524824142456054688e+00,2.474527835845947266e+00
-4.675478935241699219e+00,-1.992201328277587891e+00
9.996382892131805420e-02,2.435214042663574219e+00
5.719041347503662109e+00,-1.059957027435302734e+00
-6.604434490203857422e+00,-3.197523057460784912e-01
1.376402497291564941e+00,2.999629497528076172e+00
-3.387025356292724609e+00,-1.935520768165588379e+00
-5.586071014404296875e-01,1.596144199371337891e+00
-6.845718860626220703e+00,1.277408957481384277e+00
5.855275630950927734e+00,3.895493030548095703e+00
-5.919605255126953125e+00,1.027180075645446777e+00
2.353873252868652344e+00,4.417407035827636719e+00
4.027493000030517578e+00,3.875950813293457031e+00
-4.214797019958496094e+00,-2.330424070358276367e+00
-8.507473945617675781e+00,-3.573673009872436523e+00
-4.290022373199462891e+00,-1.897884011268615723e-01
6.482313632965087891e+00,-1.772329688072204590e+00
-4.474777698516845703e+00,-1.696965575218200684e+00
3.922427654266357422e+00,3.123700380325317383e+00
-7.409196853637695312e+00,2.285264492034912109e+00
-1.247439026832580566e+00,-4.429824829101562500e+00
-5.883998870849609375e+00,-3.022055923938751221e-01
-6.645413398742675781e+00,3.477722883224487305e+00
5.746339321136474609e+00,-3.238457202911376953e+00
-2.612461805343627930e+00,-1.662379741668701172e+00
-6.244314670562744141e+00,2.005654335021972656e+00
5.555559635162353516e+00,-1.541597962379455566e+00
-8.065268516540527344e+00,-2.731942653656005859e+00
-3.198536157608032227e+00,6.660370230674743652e-01
8.294102668762207031e+00,-1.199198007583618164e+00
2.115170478820800781e+00,4.387197494506835938e+00
3.491023480892181396e-01,1.935637593269348145e+00
-2.111710548400878906e+00,5.105619430541992188e-01
5.073158264160156250e+00,-2.977748155593872070e+00
2.679170668125152588e-01,1.817418456077575684e+00
-4.576574802398681641e+00,1.048648476600646973e+00
4.311264991760253906e+00,-1.997807025909423828e+00
-4.865264415740966797e+00,2.648405075073242188e+00
4.661517143249511719e+00,1.084263801574707031e+00
-8.284746170043945312e+00,2.887242078781127930e+00
3.432669878005981445e+00,5.022185802459716797e+00
-4.392875194549560547e+00,-4.042066574096679688e+00
6.000729560852050781e+00,-5.362778306007385254e-01
-4.014048099517822266e+00,-1.253262877464294434e+00
5.438970565795898438e+00,8.978667110204696655e-02
-2.805083036422729492e+00,-1.979867219924926758e+00
5.387660980224609375e+00,-2.328999996185302734e+00
-8.035350799560546875e+00,-3.110142469406127930e+00
7.511753559112548828e+00,3.322148084640502930e+00
2.420884132385253906e+00,3.162798404693603516e+00
-6.531230926513671875e+00,-2.425874948501586914e+00
-8.199238777160644531e+00,3.202859640121459961e+00
1.625648975372314453e+00,4.157655239105224609e+00
8.293288230895996094e+00,4.713068962097167969e+00
6.713449478149414062e+00,-4.606362819671630859e+00
-2.496223926544189453e+00,-2.903610944747924805e+00
-6.407522678375244141e+00,3.365848541259765625e+00
-7.035242557525634766e+00,-1.018482923507690430e+00
7.866551876068115234e+00,-1.014833092689514160e+00
-4.966314315795898438e+00,1.536344528198242188e+00
-1.059322118759155273e+00,5.050829648971557617e-01
-3.975016593933105469e+00,-2.297042170539498329e-03
5.765546798706054688e+00,-4.175695180892944336e-01
-1.469089508056640625e+00,1.958006739616394043e+00
-7.072482585906982422e+00,-2.085848808288574219e+00
6.516977310180664062e+00,-3.330451250076293945e+00
2.782729625701904297e+00,3.686200857162475586e+00
4.266217231750488281e+00,-3.799614310264587402e-01
4.192862033843994141e+00,3.344479799270629883e+00
7.326655864715576172e+00,-1.535034775733947754e+00
7.949773788452148438e+00,4.792973041534423828e+00
-2.035794496536254883e+00,-2.210052013397216797e+00
-1.805332064628601074e+00,-4.484430789947509766e+00
-7.640552520751953125e-01,1.713555216789245605e+00
-2.075231075286865234e+00,6.365391612052917480e-01
-6.516194343566894531e+00,8.528124690055847168e-01
-5.740170955657958984e+00,1.452838778495788574e+00
-4.669092655181884766e+00,6.504181623458862305e-01
-1.264509320259094238e+00,-7.900814414024353027e-01
6.776507854461669922e+00,2.617524862289428711e+00
-8.789939284324645996e-01,-3.461352586746215820e+00
-5.208214759826660156e+00,1.732965469360351562e+00
6.409725666046142578e+00,-3.065780103206634521e-01
7.251995086669921875e+00,-4.892414093017578125e+00
6.444316387176513672e+00,1.452725082635879517e-01
7.529686450958251953e+00,4.761516571044921875e+00
-6.640685558319091797e+00,-1.524990200996398926e+00
-4.825454711914062500e+00,1.949837684631347656e+00
-8.211152076721191406e+00,-3.253997325897216797e+00
-8.549928069114685059e-01,-3.717772006988525391e+00
-3.613899946212768555e+00,1.604598402976989746e+00
-7.861380100250244141e+00,-1.549347758293151855e+00
-2.727932929992675781e+00,-1.141153454780578613e+00
-1.507847905158996582e+00,1.830438494682312012e+00
-4.078487396240234375e+00,1.119794487953186035e+00
5.180414199829101562e+00,-1.457670629024505615e-01
-7.989108085632324219e+00,-2.483173131942749023e+00
-6.884357929229736328e+00,-9.157111644744873047e-01
-2.772218227386474609e+00,-1.348882913589477539e+00
4.169872283935546875e+00,3.560957908630371094e+00
5.348448753356933594e+00,-3.316753625869750977e+00
4.705853462219238281e+00,8.400431871414184570e-01
6.355933189392089844e+00,-3.176667451858520508e+00
-3.525469064712524414e+00,1.985069394111633301e+00
-4.488621234893798828e+00,-6.853261590003967285e-01
-3.288620471954345703e+00,1.621634364128112793e+00
-7.106851100921630859e+00,-2.800400257110595703e+00
5.356544971466064453e+00,-3.314129590988159180e+00
-8.596757054328918457e-01,8.359739184379577637e-01
-7.092610836029052734e+00,-1.099177241325378418e+00
7.811714172363281250e+00,-5.251042842864990234e+00
6.609396934509277344e+00,-1.476419210433959961e+00
6.840984821319580078e+00,-6.181436777114868164e-02
7.769163131713867188e+00,4.380310058593750000e+00
-9.085449218750000000e+00,-2.533530950546264648e+00
7.099982738494873047e+00,4.622557163238525391e+00
-6.278855800628662109e+00,-1.304048061370849609e+00
7.588610649108886719e+00,3.123306751251220703e+00
8.134563446044921875e+00,-1.297115445137023926e+00
4.348915576934814453e+00,1.410719990730285645e+00
-4.562100887298583984e+00,-2.166134119033813477e+00
4.275481700897216797e+00,3.204514026641845703e+00
-5.837235927581787109e+00,1.155518531799316406e+00
-6.429009914398193359e+00,2.968169689178466797e+00
-8.729499816894531250e+00,-3.174190044403076172e+00
-4.470728397369384766e+00,-2.900336742401123047e+00
-5.365686893463134766e+00,2.944011986255645752e-01
5.202418804168701172e+00,-4.127066954970359802e-02
-1.294226646423339844e+00,-1.690855264663696289e+00
-3.792220592498779297e+00,-2.608159482479095459e-01
-6.532425403594970703e+00,2.179746150970458984e+00
-5.374292373657226562e+00,2.796802043914794922e+00
-8.725597381591796875e+00,-2.307065486907958984e+00
-5.658616065979003906e+00,-1.539101451635360718e-01
-4.958284854888916016e+00,-1.411445617675781250e+00
3.965085506439208984e+00,4.024056911468505859e+00
-6.825170516967773438e+00,1.067365407943725586e+00
-3.944170475006103516e+00,1.262341290712356567e-01
-5.143392086029052734e+00,1.764544844627380371e+00
2.226554155349731445e+00,4.395547866821289062e+00
-4.638931274414062500e+00,-6.179965734481811523e-01
4.791671276092529297e+00,1.341917872428894043e+00
-2.105112075805664062e+00,5.919122695922851562e-01
-1.572534203529357910e+00,-4.467182636260986328e+00
-4.658586084842681885e-01,1.255739569664001465e+00
5.428376197814941406e+00,-7.442108988761901855e-01
-4.143353462219238281e+00,-1.552073121070861816e+00
-3.907541513442993164e+00,-8.280846476554870605e-01
4.205559730529785156e+00,4.619755268096923828e+00
-8.783454895019531250e+00,-3.568241357803344727e+00
-9.158816337585449219e+00,-2.684276580810546875e+00
5.073688983917236328e+00,-3.360841870307922363e-01
-6.035832405090332031e+00,-1.764375090599060059e+00
-7.375250816345214844e+00,2.450576782226562500e+00
-6.360569477081298828e+00,1.647385954856872559e+00
5.097964286804199219e+00,-1.656534552574157715e+00
5.643711566925048828e+00,-3.964833736419677734e+00
4.428552150726318359e+00,3.899747878313064575e-02
-4.126897811889648438e+00,-6.504414677619934082e-01
-6.594534397125244141e+00,2.581322193145751953e+00
-3.243589162826538086e+00,1.058637976646423340e+00
-6.324782371520996094e+00,3.376287460327148438e+00
-4.240635395050048828e+00,-2.049820899963378906e+00
6.348660469055175781e+00,4.458201885223388672e+00
2.581784486770629883e+00,4.557135105133056641e+00
1.545321106910705566e+00,3.331673145294189453e+00
-4.861339569091796875e+00,-5.460105836391448975e-02
7.319434642791748047e+00,-1.540496945381164551e+00
-4.989410400390625000e+00,-3.138479590415954590e-01
-2.363826036453247070e+00,-1.765848398208618164e+00
-2.687262058258056641e+00,-2.557497024536132812e+00
-5.525865554809570312e-01,1.227321505546569824e+00
6.572616577148437500e+00,2.443017959594726562e+00
-5.362087488174438477e-01,2.078361272811889648e+00
-6.587607860565185547e+00,-1.425087094306945801e+00
-2.241411924362182617e+00,2.275632619857788086e+00
6.775203704833984375e+00,-3.761371612548828125e+00
8.193927764892578125e+00,-9.458303451538085938e-01
-6.491447925567626953e+00,-4.979417100548744202e-02
-4.903414249420166016e+00,2.228680372238159180e+00
6.098091125488281250e+00,4.460393905639648438e+00
-2.580112934112548828e+00,1.364307165145874023e+00
-2.745486974716186523e+00,7.669665217399597168e-01
-4.519011497497558594e+00,-1.816407442092895508e+00
-1.066038370132446289e+00,-4.301381587982177734e+00
-4.355081558227539062e+00,1.505071282386779785e+00
-2.945376634597778320e+00,-1.847836017608642578e+00
-6.530271053314208984e+00,3.291455030441284180e+00
-2.819769144058227539e+00,3.260277807712554932e-01
5.654827594757080078e+00,-3.161705493927001953e+00
-5.978812217712402344e+00,-1.285842180252075195e+00
-8.492663383483886719e+00,-2.030369997024536133e+00
6.970891952514648438e+00,-5.056765079498291016e+00
-7.671568870544433594e+00,2.656064987182617188e+00
-3.950189113616943359e+00,-6.156966686248779297e-01
3.025397300720214844e+00,4.059819698333740234e+00
-1.279423713684082031e+00,-1.602787375450134277e+00
-6.544291496276855469e+00,3.423290252685546875e+00
1.796971082687377930e+00,3.933422803878784180e+00
-7.502781748771667480e-01,2.389384269714355469e+00
3.979236602783203125e+00,4.861241817474365234e+00
7.272061347961425781e+00,-5.031630992889404297e+00
-4.804914951324462891e+00,-1.174048542976379395e+00
-4.476818084716796875e+00,2.083642721176147461e+00
-5.561660289764404297e+00,2.032713651657104492e+00
7.155617237091064453e+00,3.064231157302856445e+00
-4.252472400665283203e+00,-4.206363201141357422e+00
-5.693530082702636719e+00,2.695266723632812500e+00
4.908870697021484375e+00,-2.381721973419189453e+00
-1.580685257911682129e+00,-9.503173232078552246e-01
-7.947402000427246094e+00,-1.844314694404602051e+00
3.577474832534790039e+00,4.407077789306640625e+00
-3.795958280563354492e+00,-1.126020669937133789e+00
1.278177499771118164e+00,3.604896783828735352e+00
-2.496258735656738281e+00,5.607191324234008789e-01
5.103939533233642578e+00,-1.640343785285949707e+00
-6.260853767395019531e+00,-2.009108781814575195e+00
2.130607128143310547e+00,4.416684627532958984e+00
6.377036571502685547e+00,-4.035792827606201172e+00
-2.107572078704833984e+00,1.005139276385307312e-01
7.650872230529785156e+00,-4.675904750823974609e+00
-1.993599653244018555e+00,-2.705372810363769531e+00
-1.775786042213439941e+00,-3.104143142700195312e+00
6.639937400817871094e+00,-1.389562010765075684e+00
7.321272373199462891e+00,3.423362255096435547e+00
-3.138773918151855469e+00,-1.396815061569213867e+00
-6.961412906646728516e+00,2.202236413955688477e+00
-4.019965171813964844e+00,-2.993426322937011719e+00
3.472786664962768555e+00,3.780726194381713867e+00
6.931487560272216797e+00,-3.323514461517333984e-01
3.006750822067260742e+00,4.467217922210693359e+00
3.186926603317260742e+00,4.415611743927001953e+00
6.667927265167236328e+00,3.709518432617187500e+00
-6.206004142761230469e+00,-1.283535718917846680e+00
4.026270866394042969e+00,4.809571266174316406e+00
1.166756987571716309e+00,3.760982275009155273e+00
3.313659906387329102e+00,1.995260119438171387e+00
-4.713103771209716797e+00,-2.800817966461181641e+00
7.382165908813476562e+00,4.660584926605224609e+00
-7.681297302246093750e+00,-3.113228321075439453e+00
-1.653801441192626953e+00,8.003388047218322754e-01
-1.292801856994628906e+00,1.766144633293151855e+00
-8.185052871704101562e+00,-3.361430644989013672e+00
-6.734427452087402344e+00,8.266571164131164551e-01
-6.833386898040771484e+00,2.450908899307250977e+00
7.053636074066162109e+00,-4.783905982971191406e+00
-5.507244110107421875e+00,1.224937558174133301e+00
-2.764371871948242188e+00,4.997710287570953369e-01
-4.427698612213134766e+00,1.001461267471313477e+00
-4.152639389038085938e+00,-8.562824130058288574e-01
1.760376334190368652e+00,1.359885811805725098e+00
6.663558006286621094e+00,4.830114170908927917e-02
6.860770702362060547e+00,2.605555057525634766e+00
8.799238204956054688e-01,2.755658626556396484e+00
4.470048904418945312e+00,2.319627285003662109e+00
1.924805402755737305e+00,2.688371181488037109e+00
-6.296897888183593750e+00,7.217916846275329590e-01
-4.209950447082519531e+00,-4.263353347778320312e+00
-3.674213886260986328e+00,-1.257729053497314453e+00
-8.969516754150390625e+00,-2.978984355926513672e+00
6.650965690612792969e+00,-4.472503185272216797e+00
-8.911442756652832031e+00,-3.192444324493408203e+00
-2.699552297592163086e+00,-1.249251723289489746e+00
-3.850228786468505859e+00,-1.726889610290527344e+00
-3.610353469848632812e+00,-4.480876028537750244e-01
-3.031001806259155273e+00,-8.302512168884277344e-01
4.562697887420654297e+00,1.989809609949588776e-02
-2.727773189544677734e+00,-2.404183387756347656e+00
2.970028638839721680e+00,4.017963886260986328e+00
7.773876667022705078e+00,3.281470537185668945e+00
2.751154184341430664e+00,3.651657819747924805e+00
-4.272137165069580078e+00,-2.055107593536376953e+00
-4.338303089141845703e+00,-1.277442574501037598e+00
-5.560518741607666016e+00,1.443701267242431641e+00
-1.454903483390808105e+00,-4.123821735382080078e+00
8.027629852294921875e+00,-1.161035180091857910e+00
-2.236470699310302734e+00,-3.611705541610717773e+00
1.432587742805480957e+00,3.574720382690429688e+00
-7.206417560577392578e+00,3.028059959411621094e+00
-2.192382097244262695e+00,-2.871219396591186523e+00
-1.670467972755432129e+00,-3.230837106704711914e+00
-6.684589385986328125e+00,1.303172349929809570e+00
4.879080295562744141e+00,-2.988482713699340820e+00
7.086562156677246094e+00,3.199722990393638611e-02
-3.818509340286254883e+00,-5.074225366115570068e-02
5.105266571044921875e+00,3.403534889221191406e+00
4.979713916778564453e+00,-7.732082605361938477e-01
-7.244263648986816406e+00,3.471129179000854492e+00
-6.576981544494628906e+00,1.074012160301208496e+00
-1.216701984405517578e+00,-2.121176242828369141e+00
8.208239555358886719e+00,-9.573419094085693359e-01
-4.270676136016845703e+00,-2.658704042434692383e+00
-3.598917722702026367e+00,-3.714632034301757812e+00
4.902729511260986328e+00,-4.743641018867492676e-01
-9.709149599075317383e-01,-2.449347019195556641e+00
-1.600586175918579102e+00,-3.106257915496826172e+00
6.701083660125732422e+00,-4.731592655181884766e+00
-3.520701408386230469e+00,-2.102056980133056641e+00
6.409445762634277344e+00,-4.959670066833496094e+00
5.207136631011962891e+00,2.886142730712890625e+00
8.319803237915039062e+00,4.544036388397216797e+00
-2.439827919006347656e+00,-1.657481908798217773e+00
5.107927322387695312e+00,2.765978813171386719e+00
3.118602931499481201e-01,2.347990989685058594e+00
-4.219345569610595703e+00,-3.762029170989990234e+00
-4.285612106323242188e+00,7.262935042381286621e-01
-1.037996053695678711e+00,1.140103578567504883e+00
6.550823688507080078e+00,-2.462783455848693848e-01
-1.780035734176635742e+00,-3.706300735473632812e+00
-8.681949615478515625e+00,-3.330337047576904297e+00
5.716931819915771484e+00,-1.149168372154235840e+00
-6.805398941040039062e+00,7.456621527671813965e-01
-7.031153202056884766e+00,1.771985530853271484e+00
5.602328777313232422e+00,2.808300971984863281e+00
4.142546653747558594e+00,3.885611057281494141e+00
-4.233900547027587891e+00,-3.730396270751953125e+00
-8.394739151000976562e+00,-3.113156080245971680e+00
5.814306735992431641e+00,4.241320610046386719e+00
-6.570592880249023438e+00,9.845080971717834473e-01
-1.133532285690307617e+00,8.541568517684936523e-01
-4.553602695465087891e+00,-1.796683669090270996e+00
-1.378016114234924316e+00,-3.056852579116821289e+00
6.268666267395019531e+00,-4.931844711303710938e+00
6.404579162597656250e+00,-3.924714565277099609e+00
-7.079850673675537109e+00,1.395306468009948730e+00
6.441889286041259766e+00,-1.561699748039245605e+00
-1.777962565422058105e+00,-4.287089347839355469e+00
-4.208367824554443359e+00,1.828661084175109863e+00
5.998279571533203125e+00,-3.826002597808837891e+00
2.518355846405029297e+00,3.023201227188110352e+00
6.596322059631347656e+00,3.307794094085693359e+00
-9.365834593772888184e-01,-3.069771766662597656e+00
3.606676757335662842e-01,2.528280019760131836e+00
6.184319496154785156e+00,-4.561320304870605469e+00
-7.714281558990478516e+00,-3.327534198760986328e+00
7.725208282470703125e+00,-1.099695205688476562e+00
-1.551209807395935059e+00,2.206657648086547852e+00
-4.090402603149414062e+00,-7.209410667419433594e-01
-1.828099846839904785e+00,-3.985733270645141602e+00
1.558479189872741699e+00,3.677488267421722412e-01
6.369778633117675781e+00,2.627581119537353516e+00
5.296314716339111328e+00,-2.718045949935913086e+00
1.121796846389770508e+00,1.789799928665161133e+00
-5.596740722656250000e+00,6.618481278419494629e-01
-3.947578430175781250e+00,-8.934448957443237305e-01
-6.492103576660156250e+00,-2.701165080070495605e-01
-2.228296518325805664e+00,-3.625419139862060547e+00
-3.496803045272827148e+00,1.614552736282348633e+00
-2.057598114013671875e+00,1.129539132118225098e+00
3.372748851776123047e+00,3.509009122848510742e+00
7.041278362274169922e+00,-4.396179199218750000e+00
-6.991504669189453125e+00,3.076593399047851562e+00
-3.321126461029052734e+00,4.388513565063476562e-01
5.455034732818603516e+00,-3.900110960006713867e+00
-4.576355934143066406e+00,-3.785247087478637695e+00
6.752320766448974609e+00,-3.722174644470214844e+00
-7.029090404510498047e+00,1.394374370574951172e+00
3.145053386688232422e+00,4.269626140594482422e+00
6.963332653045654297e+00,3.729647874832153320e+00
-8.778626441955566406e+00,-2.211046934127807617e+00
-3.777420282363891602e+00,1.126092448830604553e-01
7.115291595458984375e+00,-4.107345581054687500e+00
-4.541658401489257812e+00,-1.313718676567077637e+00
-4.869735717773437500e+00,1.580309867858886719e+00
-1.859434604644775391e+00,-9.071149230003356934e-01
6.443833351135253906e+00,-4.951049804687500000e+00
7.195118904113769531e+00,-9.915009140968322754e-02
4.569016456604003906e+00,2.425063610076904297e+00
-4.169172286987304688e+00,-2.457813501358032227e+00
6.744747161865234375e+00,-3.812037229537963867e+00
4.271919727325439453e+00,3.208658933639526367e+00
5.646893978118896484e+00,-1.952726960182189941e+00
6.587196826934814453e+00,-4.725851118564605713e-01
-3.988545536994934082e-01,2.223333835601806641e+00
-7.565815448760986328e+00,-2.000971078872680664e+00
7.312584877014160156e+00,-4.647305309772491455e-01
5.383529663085937500e-01,3.106739759445190430e+00
-3.676521301269531250e+00,-1.048696994781494141e+00
-1.184225320816040039e+00,-3.559871912002563477e+00
-7.126204490661621094e+00,-2.976348638534545898e+00
1.496409893035888672e+00,4.011832714080810547e+00
-1.062116980552673340e+00,-2.509593009948730469e+00
-3.390707969665527344e+00,-3.070865631103515625e+00
5.849123477935791016e+00,3.853865861892700195e-01
5.590085506439208984e+00,-2.151293277740478516e+00
-5.023964405059814453e+00,1.709445238113403320e+00
-4.956069469451904297e+00,-1.188618540763854980e+00
-9.052418708801269531e+00,-2.466512203216552734e+00
-6.140883922576904297e+00,3.144935607910156250e+00
-5.003369808197021484e+00,-1.597949862480163574e+00
-3.552596092224121094e+00,-3.472003221511840820e+00
6.902717590332031250e+00,-4.019273757934570312e+00
-5.136609554290771484e+00,5.846136212348937988e-01
6.782101154327392578e+00,3.227770566940307617e+00
-5.068502426147460938e+00,-3.368825614452362061e-01
-8.830403327941894531e+00,-2.422749996185302734e+00
-8.075147628784179688e+00,-3.373911619186401367e+00
7.287659645080566406e+00,-4.540771961212158203e+00
-8.317663192749023438e+00,-3.618239164352416992e+00
-5.101190090179443359e+00,4.330640733242034912e-01
-6.737196922302246094e+00,-7.494983077049255371e-01
-4.808873176574707031e+00,4.482847452163696289e-01
5.681674480438232422e+00,3.697964668273925781e+00
-3.829818010330200195e+00,-2.131093025207519531e+00
-8.432690620422363281e+00,-3.072982788085937500e+00
-1.832879543304443359e+00,-2.605588912963867188e+00
7.237783908843994141e+00,-5.099807739257812500e+00
6.924281120300292969e+00,-9.152425080537796021e-02
-5.071814060211181641e+00,7.065463066101074219e-01
-8.912509918212890625e+00,-2.384474754333496094e+00
1.361679077148437500e+00,3.599818646907806396e-01
-8.311992645263671875e+00,-2.189201354980468750e+00
4.541037559509277344e+00,1.985459685325622559e+00
-2.546248197555541992e+00,-1.283213615417480469e+00
8.055715560913085938e+00,-1.339948892593383789e+00
8.194231986999511719e+00,-8.878238797187805176e-01
-4.551716327667236328e+00,1.701780796051025391e+00
-9.268456101417541504e-01,8.767150044441223145e-01
-5.680213928222656250e+00,-1.160814285278320312e+00
-8.055292367935180664e-01,-3.365701913833618164e+00
-1.714862704277038574e+00,-3.500849485397338867e+00
-8.005537033081054688e+00,-2.297840595245361328e+00
-5.397544384002685547e+00,2.858764410018920898e+00
6.233137130737304688e+00,-7.988467812538146973e-01
7.689878940582275391e+00,-4.578856468200683594e+00
-5.608595371246337891e+00,2.266223907470703125e+00
-8.461741447448730469e+00,-1.947131752967834473e+00
4.197812080383300781e+00,3.143204212188720703e+00
2.222670465707778931e-01,1.907202720642089844e+00
2.350435733795166016e+00,4.513997554779052734e+00
4.673619270324707031e+00,-2.697983682155609131e-01
4.352682113647460938e+00,-3.544263839721679688e-01
7.576032638549804688e+00,4.683994293212890625e+00
-5.626367092132568359e+00,1.026647165417671204e-01
-7.802695274353027344e+00,2.777637481689453125e+00
-3.072650432586669922e+00,1.461175084114074707e+00
-2.194081783294677734e+00,6.011332273483276367e-01
-4.022655010223388672e+00,4.136984795331954956e-02
-6.137609481811523438e+00,2.452694654464721680e+00
-2.575090169906616211e+00,-2.826343536376953125e+00
-1.908274412155151367e+00,-2.905918121337890625e+00
-4.525883197784423828e+00,-5.954613089561462402e-01
-4.660032272338867188e+00,1.403750419616699219e+00
-5.399665355682373047e+00,1.533758044242858887e+00
-4.458014488220214844e+00,2.095698356628417969e+00
5.816416263580322266e+00,-4.254003047943115234e+00
-8.155254364013671875e+00,-2.992618799209594727e+00
6.547191143035888672e+00,-3.389803647994995117e+00
-6.473290920257568359e+00,2.384510040283203125e+00
5.631271839141845703e+00,-4.087496757507324219e+00
1.769665718078613281e+00,2.905475378036499023e+00
-8.398228645324707031e+00,-3.565816402435302734e+00
-4.698782444000244141e+00,-2.117340564727783203e+00
-6.779090881347656250e+00,7.816839218139648438e-01
-3.036358356475830078e+00,1.341119647026062012e+00
7.447480201721191406e+00,-5.364619255065917969e+00
-2.555789709091186523e+00,-1.901140809059143066e+00
-5.858712196350097656e+00,3.104166030883789062e+00
6.227667331695556641e+00,-4.561731338500976562e+00
8.062605857849121094e+00,-8.325734138488769531e-01
6.646754741668701172e+00,4.639911174774169922e+00
-6.935689926147460938e+00,1.132258772850036621e+00
-5.809095382690429688e+00,-1.055208563804626465e+00
5.792992115020751953e+00,-5.571452379226684570e-01
-1.313565135002136230e+00,-1.508539199829101562e+00
-4.839601516723632812e+00,2.308689117431640625e+00
1.952220559120178223e+00,2.794411182403564453e+00
-3.516530692577362061e-01,1.840622901916503906e+00
-4.823831081390380859e+00,-4.351725578308105469e-01
7.997822761535644531e+00,-7.503020167350769043e-01
-4.770786762237548828e+00,4.514337703585624695e-02
-6.297286987304687500e+00,-2.083480596542358398e+00
-6.750730037689208984e+00,7.516618371009826660e-01
4.631512641906738281e+00,-6.574745774269104004e-01
-6.733456611633300781e+00,-4.437951147556304932e-01
6.944507598876953125e+00,2.531824827194213867e+00
-7.632300853729248047e+00,-1.573070287704467773e+00
-7.251867771148681641e+00,-1.567430615425109863e+00
6.596343994140625000e+00,3.453500032424926758e+00
-5.268745899200439453e+00,1.567409515380859375e+00
-5.015698432922363281e+00,-2.825983047485351562e+00
-5.196402072906494141e+00,1.797413706779479980e+00
-7.291030883789062500e+00,-1.634672999382019043e+00
-2.805172920227050781e+00,-9.638871550559997559e-01
-2.538347005844116211e+00,-2.278595685958862305e+00
-4.209399223327636719e+00,-1.665635466575622559e+00
-8.749436378479003906e+00,-3.521003723144531250e+00
5.792037010192871094e+00,-2.218666672706604004e-02
-7.887998104095458984e+00,-2.378900051116943359e+00
-9.333168864250183105e-01,1.242850065231323242e+00
-4.233075618743896484e+00,-3.649166107177734375e+00
5.012533187866210938e+00,3.752695798873901367e+00
4.922854423522949219e+00,-2.933590888977050781e+00
-3.111125946044921875e+00,8.440299034118652344e-01
-8.601021766662597656e+00,-3.512109756469726562e+00
-3.962823390960693359e+00,-3.648112714290618896e-01
5.114862918853759766e+00,-8.057122230529785156e-01
-1.855013728141784668e+00,5.349089503288269043e-01
-9.162044525146484375e+00,-3.295160531997680664e+00
3.287850141525268555e+00,4.691502094268798828e+00
-3.408239364624023438e+00,-7.318272590637207031e-01
7.945796489715576172e+00,3.707972764968872070e+00
-1.042110204696655273e+00,-4.298038005828857422e+00
-6.259235858917236328e+00,3.320682764053344727e+00
-2.959451675415039062e+00,2.085970640182495117e+00
-4.501834869384765625e+00,2.084237337112426758e+00
1.773343086242675781e+00,3.589197874069213867e+00
-5.889249801635742188e+00,5.840135216712951660e-01
-7.228308320045471191e-01,1.651841878890991211e+00
-6.777531147003173828e+00,-4.877683818340301514e-01
-7.796175956726074219e+00,2.785243272781372070e+00
-7.800635337829589844e+00,-3.033925294876098633e+00
-6.442159175872802734e+00,2.934652090072631836e+00
1.264583110809326172e+00,2.860485017299652100e-01
-4.897460937500000000e+00,-2.134089469909667969e+00
-7.265615940093994141e+00,2.246940612792968750e+00
-1.031428933143615723e+00,-4.488654136657714844e+00
7.936064243316650391e+00,-4.856528043746948242e-01
3.185247659683227539e+00,4.957504749298095703e+00
-1.470672041177749634e-01,1.214260220527648926e+00
-8.426846504211425781e+00,-2.166872024536132812e+00
-1.943147420883178711e+00,-3.462365388870239258e+00
4.580523490905761719e+00,3.470118045806884766e+00
4.147141933441162109e+00,4.628276824951171875e+00
-6.417453289031982422e+00,2.757719516754150391e+00
-5.533465385437011719e+00,8.660207390785217285e-01
-4.168870449066162109e+00,8.514007329940795898e-01
-5.410880565643310547e+00,2.806863307952880859e+00
-7.611812114715576172e+00,3.018543243408203125e+00
2.563812971115112305e+00,7.571591138839721680e-01
-4.875913143157958984e+00,-1.840014338493347168e+00
-7.852919101715087891e+00,-1.978116989135742188e+00
-5.044329643249511719e+00,9.065185189247131348e-01
-3.137047290802001953e+00,-7.821612954139709473e-01
-2.003437042236328125e+00,2.075510978698730469e+00
-4.853324413299560547e+00,1.606216192245483398e+00
-8.078246116638183594e+00,-3.327278137207031250e+00
-3.315183877944946289e+00,-3.062734127044677734e+00
4.251681327819824219e+00,-1.652525663375854492e+00
-8.741322517395019531e+00,-3.001558303833007812e+00
-5.547824382781982422e+00,1.492630243301391602e-01
7.055543422698974609e+00,-4.233211040496826172e+00
-8.210563659667968750e+00,-3.058515071868896484e+00
-1.819923043251037598e+00,-4.706335544586181641e+00
-2.094029486179351807e-01,2.482519626617431641e+00
-7.107449054718017578e+00,2.094897747039794922e+00
3.692663669586181641e+00,3.163983821868896484e+00
5.606429576873779297e+00,-3.676849126815795898e+00
4.426664829254150391e+00,-6.651481986045837402e-01
-1.284281373023986816e+00,-4.246829986572265625e+00
-5.908428192138671875e+00,2.096144437789916992e+00
-6.541741371154785156e+00,2.457776784896850586e+00
-2.187011480331420898e+00,4.477824568748474121e-01
-5.475383758544921875e+00,1.417154967784881592e-01
4.823354244232177734e+00,4.283718764781951904e-03
-5.957104682922363281e+00,3.011052608489990234e+00
-4.482634544372558594e+00,8.465144634246826172e-01
-1.344087123870849609e+00,1.931473374366760254e+00
3.802232265472412109e+00,4.770134449005126953e+00
2.324718713760375977e+00,3.533429384231567383e+00
9.024090170860290527e-01,3.422585487365722656e+00
4.049016952514648438e+00,4.134437084197998047e+00
3.989743947982788086e+00,4.871962547302246094e+00
-5.339987754821777344e+00,1.252275586128234863e+00
-6.320851445198059082e-01,1.117563128471374512e+00
-4.931407451629638672e+00,-2.419581413269042969e+00
-4.720489025115966797e+00,1.739158630371093750e+00
-4.824872970581054688e+00,7.111166715621948242e-01
-1.382882595062255859e+00,-3.253159046173095703e+00
7.843113899230957031e+00,-1.443586200475692749e-01
-6.676567077636718750e+00,-2.556928873062133789e+00
8.124384880065917969e+00,-5.694471597671508789e-01
-2.607193946838378906e+00,1.622756242752075195e+00
5.733027458190917969e+00,-1.685811042785644531e+00
-5.617847442626953125e-01,1.102800250053405762e+00
-6.554368972778320312e+00,-1.498969197273254395e+00
-1.584822177886962891e+00,-3.733870744705200195e+00
-4.056465625762939453e+00,-4.148222923278808594e+00
-2.608162164688110352e+00,-1.664286017417907715e+00
7.633235454559326172e+00,-5.528484821319580078e+00
-6.931877136230468750e+00,1.176755905151367188e+00
-9.184853434562683105e-01,-2.710033178329467773e+00
9.846480488777160645e-01,2.056059360504150391e+00
6.875197887420654297e+00,-1.447755098342895508e+00
-2.741221666336059570e+00,-1.077368617057800293e+00
5.605425357818603516e+00,3.182079076766967773e+00
-3.690931797027587891e+00,1.520518779754638672e+00
7.683177471160888672e+00,3.334233522415161133e+00
-7.049278736114501953e+00,2.113892793655395508e+00
6.237501621246337891e+00,4.556778907775878906e+00
-6.247821807861328125e+00,2.197761297225952148e+00
-8.326879501342773438e+00,-3.248391389846801758e+00
-5.574279308319091797e+00,1.291330218315124512e+00
4.366065979003906250e+00,2.186164140701293945e+00
6.856563091278076172e+00,2.959111452102661133e+00
-6.569778442382812500e+00,-2.232098877429962158e-01
6.893994808197021484e+00,3.102926492691040039e+00
5.293524742126464844e+00,-3.346367120742797852e+00
7.275205135345458984e+00,2.747609853744506836e+00
5.800395488739013672e+00,-4.317101955413818359e+00
-4.653819561004638672e+00,7.129976749420166016e-01
1.528757929801940918e+00,3.786299705505371094e+00
5.958506584167480469e+00,-1.113148570060729980e+00
4.961004734039306641e+00,-1.605720281600952148e+00
-7.037130832672119141e+00,-1.347215056419372559e+00
-6.956071376800537109e+00,1.311468720436096191e+00
-6.764186859130859375e+00,-8.420783281326293945e-01
-4.346478462219238281e+00,1.787381887435913086e+00
-4.619276523590087891e+00,-2.922564506530761719e+00
-4.714392662048339844e+00,-2.765414714813232422e+00
-1.512571215629577637e+00,-3.099185228347778320e+00
-2.608504533767700195e+00,-2.812501192092895508e+00
-2.099745035171508789e+00,-2.843354463577270508e+00
-4.820510864257812500e+00,-2.772287845611572266e+00
-4.249801158905029297e+00,7.851689457893371582e-01
-2.876606225967407227e+00,7.357458472251892090e-01
-3.946120023727416992e+00,-3.940700769424438477e+00
-4.022160530090332031e+00,-2.900876998901367188e+00
-6.165604591369628906e+00,3.217913866043090820e+00
-2.649900436401367188e+00,1.067238077521324158e-01
-7.040200233459472656e+00,2.822836399078369141e+00
1.210767865180969238e+00,2.951586961746215820e+00
-5.130240440368652344e+00,2.586066484451293945e+00
6.137435913085937500e+00,4.519821643829345703e+00
2.577197074890136719e+00,7.720248401165008545e-02
-6.011399745941162109e+00,2.255387544631958008e+00
-4.501330375671386719e+00,-3.705886125564575195e+00
3.001575469970703125e+00,3.820233583450317383e+00
-7.486842155456542969e+00,2.496813058853149414e+00
-4.669301033020019531e+00,-8.759334683418273926e-01
-5.753015518188476562e+00,1.096701174974441528e-01
-2.332642555236816406e+00,1.611891388893127441e+00
-2.736843585968017578e+00,1.262421965599060059e+00
-2.802497386932373047e+00,2.772227823734283447e-01
-3.131680250167846680e+00,1.044013023376464844e+00
5.084284782409667969e+00,1.399717032909393311e-01
-2.641838550567626953e+00,-2.551349878311157227e+00
6.536821365356445312e+00,3.473914623260498047e+00
7.447836875915527344e+00,3.869472503662109375e+00
-8.083451271057128906e+00,-3.465371847152709961e+00
1.209482908248901367e+00,3.833867549896240234e+00
-6.566680908203125000e+00,-2.300848245620727539e+00
5.356886863708496094e+00,-3.082603693008422852e+00
-1.539368271827697754e+00,-5.174691677093505859e+00
3.028901338577270508e+00,2.006969928741455078e+00
-4.145158767700195312e+00,-2.390528917312622070e+00
-1.965813994407653809e+00,2.082441568374633789e+00
6.939702033996582031e+00,4.630689144134521484e+00
-7.246141910552978516e+00,2.167303562164306641e+00
4.592822074890136719e+00,9.537653997540473938e-03
-2.063332796096801758e+00,-2.615387916564941406e+00
-6.918731689453125000e+00,-2.673291921615600586e+00
-1.371463298797607422e+00,-1.461196064949035645e+00
5.126055717468261719e+00,-3.258971214294433594e+00
1.685779690742492676e+00,3.298090219497680664e+00
-4.643648624420166016e+00,-6.430712938308715820e-01
-4.366362571716308594e+00,2.324049711227416992e+00
-7.046865940093994141e+00,2.766819715499877930e+00
-7.367365837097167969e+00,-2.898251771926879883e+00
-1.598346710205078125e+00,-4.548081874847412109e+00
7.676856040954589844e+00,-4.677795410156250000e+00
-8.144538879394531250e+00,-3.266909122467041016e+00
5.652875900268554688e-01,3.239333868026733398e+00
6.717097282409667969e+00,4.019881725311279297e+00
-7.019806861877441406e+00,1.437792897224426270e+00
-2.465879917144775391e+00,-2.556697845458984375e+00
-2.109692335128784180e+00,1.683975815773010254e+00
-6.647606372833251953e+00,2.403257608413696289e+00
-4.246769905090332031e+00,-4.143845558166503906e+00
-6.590934276580810547e+00,-1.230193674564361572e-01
-1.288427948951721191e+00,-4.741809368133544922e+00
-1.506434917449951172e+00,-3.700804233551025391e+00
6.509801864624023438e+00,-5.126926422119140625e+00
-2.499894618988037109e+00,-1.849882721900939941e+00
-4.613437175750732422e+00,-3.821798324584960938e+00
-1.212751507759094238e+00,-8.502582907676696777e-01
-5.790025711059570312e+00,9.922835826873779297e-01
-4.879726886749267578e+00,-2.547863006591796875e+00
1.882669329643249512e+00,1.296835184097290039e+00
-3.573431730270385742e+00,-3.766075372695922852e+00
-3.002405643463134766e+00,7.587296962738037109e-01
-1.388033509254455566e+00,-4.648495674133300781e+00
4.219546318054199219e+00,4.315474987030029297e+00
-2.956847667694091797e+00,-8.721296191215515137e-01
-3.359634637832641602e+00,1.598404407501220703e+00
-8.873603820800781250e+00,-2.301267623901367188e+00
-8.681880950927734375e+00,-2.481482267379760742e+00
-1.819848418235778809e+00,9.171993136405944824e-01
-5.840794563293457031e+00,3.060589551925659180e+00
-4.589983463287353516e+00,-2.807039499282836914e+00
-8.250510215759277344e+00,-2.672690629959106445e+00
2.217904806137084961e+00,4.527491092681884766e+00
-4.797099113464355469e+00,4.590502940118312836e-03
5.186883926391601562e+00,-1.608863472938537598e+00
-6.547407627105712891e+00,3.417499065399169922e+00
5.691703319549560547e+00,5.152363181114196777e-01
2.262296915054321289e+00,4.487969875335693359e+00
1.217476844787597656e+00,3.916100025177001953e+00
6.636785507202148438e+00,-4.001940250396728516e+00
-5.264340877532958984e+00,2.022949695587158203e+00
-7.106438159942626953e+00,3.263677120208740234e+00
4.899731159210205078e+00,-2.883487462997436523e+00
-6.819131374359130859e+00,-2.329365253448486328e+00
-1.462450742721557617e+00,-3.107206106185913086e+00
5.898571491241455078e+00,3.216130733489990234e+00
-6.104698181152343750e-01,1.766686439514160156e+00
-8.155292510986328125e+00,-3.277217626571655273e+00
-5.372105121612548828e+00,6.645503044128417969e-01
-5.505676746368408203e+00,2.821213006973266602e+00
-4.917619228363037109e+00,6.907706260681152344e-01
3.309570074081420898e+00,5.050599098205566406e+00
4.570720195770263672e+00,-4.055670499801635742e-01
5.802227973937988281e+00,9.625047445297241211e-03
-2.077959060668945312e+00,4.691748023033142090e-01
-7.399929046630859375e+00,-2.344058752059936523e+00
-7.027866363525390625e+00,-2.868686199188232422e+00
5.045798778533935547e+00,5.223815441131591797e-01
-3.734431266784667969e+00,-2.276536226272583008e+00
-8.358090400695800781e+00,-2.747622013092041016e+00
-7.383901476860046387e-01,9.132621884346008301e-01
-5.508568286895751953e+00,1.353935956954956055e+00
-1.469963073730468750e+00,-4.560764312744140625e+00
3.338966846466064453e+00,4.565248489379882812e+00
6.702247142791748047e+00,2.616378068923950195e+00
-4.801117897033691406e+00,2.127124309539794922e+00
-7.131652355194091797e+00,-1.548992156982421875e+00
-4.185809612274169922e+00,-1.441887736320495605e+00
-4.083186626434326172e+00,2.441215515136718750e+00
-1.535470604896545410e+00,4.674524366855621338e-01
-6.472660541534423828e+00,2.121243000030517578e+00
-5.767715930938720703e+00,-7.035157680511474609e-01
-4.057549476623535156e+00,-4.229349136352539062e+00
-3.922622680664062500e+00,-3.464562177658081055e+00
7.192015171051025391e+00,3.520523786544799805e+00
5.942277908325195312e+00,-1.160613894462585449e+00
-6.836556792259216309e-01,1.668601870536804199e+00
-7.772987842559814453e+00,-2.838865280151367188e+00
3.635335445404052734e+00,4.622692584991455078e+00
5.721255302429199219e+00,4.112899303436279297e-01
-1.242923974990844727e+00,-1.963291287422180176e+00
7.135085582733154297e+00,-4.238994121551513672e-01
7.346318244934082031e+00,3.669094085693359375e+00
-1.499076366424560547e+00,-5.143795967102050781e+00
-1.608492732048034668e+00,-4.989531517028808594e+00
-6.772943496704101562e+00,6.618180274963378906e-01
7.818097114562988281e+00,4.879497051239013672e+00
-3.228230714797973633e+00,6.278166770935058594e-01
8.071155548095703125e+00,-7.676787972450256348e-01
-6.552962779998779297e+00,-2.135853290557861328e+00
-4.870209217071533203e+00,2.642495155334472656e+00
-1.347960948944091797e+00,-4.388951301574707031e+00
-7.418221950531005859e+00,2.296547174453735352e+00
7.965276241302490234e+00,3.791532039642333984e+00
-1.244073629379272461e+00,-4.782119750976562500e+00
-4.883187770843505859e+00,6.576361060142517090e-01
-9.400278925895690918e-01,-4.099767208099365234e+00
3.937714815139770508e+00,3.724313735961914062e+00
-3.184918165206909180e+00,-1.520061373710632324e+00
5.097290515899658203e+00,-9.846243858337402344e-01
-7.262172698974609375e+00,-1.659441113471984863e+00
-1.188950657844543457e+00,3.893244564533233643e-01
-3.650459051132202148e+00,-3.066832780838012695e+00
2.195985555648803711e+00,1.818883538246154785e+00
2.971624135971069336e+00,4.815212249755859375e+00
-1.965003013610839844e+00,1.506529688835144043e+00
4.505359649658203125e+00,3.406045138835906982e-01
4.535993576049804688e+00,4.365050196647644043e-01
-2.503476619720458984e+00,-1.456619203090667725e-01
7.066597461700439453e+00,4.439314842224121094e+00
-2.507282733917236328e+00,-1.252717617899179459e-02
-1.224313616752624512e+00,-2.039351463317871094e+00
-5.598153591156005859e+00,8.621527552604675293e-01
-2.929766416549682617e+00,1.453730225563049316e+00
2.654372215270996094e+00,4.527022838592529297e+00
5.151388168334960938e+00,-3.301454305648803711e+00
-2.269209146499633789e+00,7.130858302116394043e-01
7.994746685028076172e+00,-7.794138193130493164e-01
-5.136507511138916016e+00,-1.213439106941223145e+00
6.264326095581054688e+00,-2.269064903259277344e+00
3.939972162246704102e+00,3.764300346374511719e+00
6.747273921966552734e+00,-4.136292457580566406e+00
5.328586101531982422e+00,3.854344606399536133e+00
-9.131974220275878906e+00,-3.255378723144531250e+00
-4.587449073791503906e+00,1.033486843109130859e+00
-1.748145341873168945e+00,2.287027120590209961e+00
-7.339940547943115234e+00,2.862659215927124023e+00
-2.135388612747192383e+00,-3.543283939361572266e+00
-4.186907291412353516e+00,-2.724851846694946289e+00
-4.782649517059326172e+00,-1.621307015419006348e+00
5.249103546142578125e+00,3.052651882171630859e+00
-4.400374412536621094e+00,2.374615430831909180e+00
-6.660885334014892578e+00,3.445821762084960938e+00
-4.638548851013183594e+00,1.727349519729614258e+00
-1.330594539642333984e+00,-4.392393589019775391e+00
1.116114377975463867e+00,3.499249696731567383e+00
-6.100214481353759766e+00,1.517287373542785645e+00
4.944229602813720703e+00,3.161725521087646484e+00
-6.818647384643554688e+00,9.234750270843505859e-01
-7.789028644561767578e+00,3.412889242172241211e+00
-1.100498437881469727e+00,-2.672031879425048828e+00
-4.341451644897460938e+00,8.168846964836120605e-01
-2.699817180633544922e+00,-2.254011154174804688e+00
1.696739912033081055e+00,3.618994712829589844e+00
-7.219288825988769531e+00,3.509522914886474609e+00
-4.994723796844482422e+00,-3.292580604553222656e+00
-4.599027156829833984e+00,2.165989875793457031e+00
-6.476625919342041016e+00,-8.764153718948364258e-01
4.700924396514892578e+00,1.170450970530509949e-01
-4.735160350799560547e+00,9.985352158546447754e-01
-7.431142807006835938e+00,2.392066001892089844e+00
-5.458171844482421875e+00,1.091587781906127930e+00
6.880255699157714844e+00,2.593918323516845703e+00
-4.288166522979736328e+00,-3.246434330940246582e-01
-9.287946820259094238e-01,-2.691428959369659424e-01
-5.999800205230712891e+00,-1.301858544349670410e+00
-3.043550014495849609e+00,1.041756033897399902e+00
-4.765969276428222656e+00,-1.045022845268249512e+00
-5.674245834350585938e+00,2.177124977111816406e+00
-8.730432510375976562e+00,-2.396284580230712891e+00
2.451338052749633789e+00,4.345601558685302734e+00
-7.769883632659912109e+00,2.535938739776611328e+00
-6.985825061798095703e+00,2.670152425765991211e+00
7.635864734649658203e+00,3.980853796005249023e+00
-3.920289754867553711e+00,-3.069223403930664062e+00
-5.905075073242187500e+00,2.119729518890380859e+00
-7.294891834259033203e+00,-1.841298460960388184e+00
5.488284587860107422e+00,-2.225000381469726562e+00
-6.459791660308837891e+00,6.443669646978378296e-02
-6.825798988342285156e+00,3.481115818023681641e+00
-4.000247955322265625e+00,-2.534945964813232422e+00
-2.559098482131958008e+00,-2.118768930435180664e+00
-6.211353302001953125e+00,1.727696537971496582e+00
2.031147956848144531e+00,4.233922958374023438e+00
-1.215601086616516113e+00,-3.916260480880737305e+00
-3.655627489089965820e+00,-2.416952848434448242e-01
3.333380222320556641e+00,4.043178081512451172e+00
6.593017101287841797e+00,-1.904530167579650879e+00
-5.442465782165527344e+00,2.342217445373535156e+00
-4.223291397094726562e+00,-4.276170253753662109e+00
5.671387672424316406e+00,-1.101959824562072754e+00
-8.015586853027343750e+00,-3.199192285537719727e+00
-4.317121505737304688e+00,-3.464502811431884766e+00
-3.379069089889526367e+00,-7.109475135803222656e-01
4.548997879028320312e+00,4.501361846923828125e-01
-2.307335376739501953e+00,-2.059397220611572266e+00
-2.800483226776123047e+00,-3.535145521163940430e-01
-5.889083862304687500e+00,-9.732393622398376465e-01
-2.595653295516967773e+00,-2.497964859008789062e+00
-3.375485181808471680e+00,-2.121700048446655273e+00
-6.170556068420410156e+00,8.368656039237976074e-01
6.829536437988281250e+00,-4.239559173583984375e+00
-8.018538475036621094e+00,-1.587766289710998535e+00
8.329283714294433594e+00,-1.309171557426452637e+00
-3.831940889358520508e+00,-9.341643452644348145e-01
7.031311035156250000e+00,3.106121540069580078e+00
3.199715852737426758e+00,4.752910614013671875e+00
-5.724296092987060547e+00,2.747684955596923828e+00
5.942203521728515625e+00,-3.030891656875610352e+00
-5.129120349884033203e+00,-1.586649537086486816e+00
-4.166638851165771484e+00,-2.915518760681152344e+00
-4.250279903411865234e+00,-3.037994146347045898e+00
-4.358178138732910156e+00,-5.609450936317443848e-01
6.804943561553955078e+00,-4.376471042633056641e+00
-4.187023162841796875e+00,-2.286038398742675781e+00
-6.962003707885742188e+00,-9.256386160850524902e-01
-1.322683453559875488e+00,-1.995889246463775635e-01
2.282886981964111328e+00,3.624848365783691406e+00
7.132811546325683594e+00,4.686663627624511719e+00
4.476550579071044922e+00,1.438948035240173340e+00
-2.392064809799194336e+00,-2.213867187500000000e+00
-9.077025413513183594e+00,-2.587869167327880859e+00
5.970815658569335938e+00,3.250180045142769814e-03
-5.478285312652587891e+00,-1.427899479866027832e+00
6.693215370178222656e+00,3.412535905838012695e+00
6.513728141784667969e+00,-4.864225387573242188e+00
-3.524701595306396484e+00,-9.799582511186599731e-02
-6.235073566436767578e+00,3.249424695968627930e+00
7.025920867919921875e+00,-1.199347078800201416e-01
-4.345053672790527344e+00,-2.485727787017822266e+00
-1.403873920440673828e+00,-3.261936426162719727e+00
5.416589260101318359e+00,-3.879378318786621094e+00
-4.562812328338623047e+00,-3.912206649780273438e+00
-7.127006053924560547e+00,2.659008026123046875e+00
-2.771163940429687500e+00,1.290682435035705566e+00
5.075424671173095703e+00,-2.113300412893295288e-01
-5.665626525878906250e+00,2.453881025314331055e+00
-7.203819274902343750e+00,-2.823025465011596680e+00
-4.787844181060791016e+00,-8.375558853149414062e-01
-8.857293725013732910e-01,-3.873025178909301758e+00
5.813559055328369141e+00,-2.883194446563720703e+00
-6.241674423217773438e+00,2.428399801254272461e+00
6.482181072235107422e+00,-1.078900456428527832e+00
-4.924123287200927734e+00,-1.869812011718750000e+00
7.838701248168945312e+00,-5.088344097137451172e+00
7.845512032508850098e-01,2.137436151504516602e+00
5.945075035095214844e+00,4.593346118927001953e+00
-2.782778501510620117e+00,-1.123932123184204102e+00
-2.917889356613159180e+00,-1.853590846061706543e+00
4.302593708038330078e+00,3.010997533798217773e+00
-4.483150482177734375e+00,-3.026192665100097656e+00
-4.998908519744873047e+00,1.015971541404724121e+00
-8.672580122947692871e-01,-2.113194167613983154e-01
-6.452967166900634766e+00,-1.149840593338012695e+00
-2.194662809371948242e+00,-1.879664659500122070e+00
-2.304973125457763672e+00,-3.579130887985229492e+00
-2.678242206573486328e+00,-2.184712886810302734e+00
-4.994002819061279297e+00,-3.308834314346313477e+00
-4.196382522583007812e+00,-1.779276847839355469e+00
-4.195466041564941406e+00,-2.985597610473632812e+00
-5.602016448974609375e+00,8.937387466430664062e-01
-8.564303398132324219e+00,-2.157818794250488281e+00
-8.360022544860839844e+00,-2.777523994445800781e+00
6.417153358459472656e+00,-4.766048908233642578e+00
5.841464042663574219e+00,2.942785918712615967e-01
7.311012744903564453e+00,5.410220474004745483e-02
-3.255100965499877930e+00,2.295977473258972168e-01
5.876091957092285156e+00,-1.001723527908325195e+00
-3.448585987091064453e+00,-2.164963483810424805e+00
-4.672273635864257812e+00,2.451932907104492188e+00
-2.891345500946044922e+00,2.346223741769790649e-01
5.446494579315185547e+00,-6.257546544075012207e-01
1.201696991920471191e+00,1.853084802627563477e+00
-7.618353366851806641e+00,2.931196928024291992e+00
3.672015666961669922e+00,4.518299102783203125e+00
-7.879009246826171875e+00,-2.352085351943969727e+00
7.327686309814453125e+00,9.693192690610885620e-02
3.610402345657348633e+00,4.906114101409912109e+00
6.575304508209228516e+00,-1.358658194541931152e+00
-1.600620508193969727e+00,-5.054965019226074219e+00
6.226167678833007812e+00,2.768931150436401367e+00
-3.731387376785278320e+00,1.473932266235351562e+00
-4.062002182006835938e+00,-1.786496758460998535e+00
-3.204192399978637695e+00,-7.972900271415710449e-01
6.806722164154052734e+00,-1.593636035919189453e+00
1.346894741058349609e+00,2.903471708297729492e+00
-4.924273014068603516e+00,5.694638490676879883e-01
-5.889775276184082031e+00,-1.202286839485168457e+00
-7.918738365173339844e+00,-1.882845401763916016e+00
6.221640110015869141e+00,-1.166062116622924805e+00
6.780591011047363281e+00,-1.387010455131530762e+00
-1.069243669509887695e+00,-4.424765110015869141e+00
8.049140930175781250e+00,-5.415700674057006836e-01
8.307914733886718750e+00,-1.203701138496398926e+00
-1.324572920799255371e+00,2.255087852478027344e+00
-2.454927682876586914e+00,-1.619995832443237305e+00
6.438430309295654297e+00,-4.900562763214111328e+00
5.745526313781738281e+00,-3.499390125274658203e+00
5.155965328216552734e+00,3.283534049987792969e+00
-7.870141983032226562e+00,-2.053643941879272461e+00
5.760521411895751953e+00,-1.072773337364196777e+00
6.393281459808349609e+00,1.778450012207031250e-01
-6.095698833465576172e+00,3.231596708297729492e+00
-7.899813175201416016e+00,-2.291772603988647461e+00
-6.352547645568847656e+00,2.612763404846191406e+00
-5.777319431304931641e+00,3.043535470962524414e+00
7.795295715332031250e+00,-7.102376818656921387e-01
-2.228324174880981445e+00,-2.626772880554199219e+00
4.543025493621826172e+00,-3.453035652637481689e-01
-3.532364130020141602e+00,-3.450461387634277344e+00
-5.635009765625000000e+00,2.182256698608398438e+00
-3.633961439132690430e+00,-1.945533871650695801e+00
-3.154431819915771484e+00,4.967061281204223633e-01
-2.617973327636718750e+00,1.123293757438659668e+00
8.093115806579589844e+00,-5.373171567916870117e-01
7.154061794281005859e+00,4.339462757110595703e+00
6.986456871032714844e+00,4.099806785583496094e+00
-4.682910919189453125e+00,1.072356224060058594e+00
-1.518094301223754883e+00,-1.253554344177246094e+00
6.959412574768066406e+00,2.826177358627319336e+00
-4.146858215332031250e+00,-1.162702366709709167e-01
3.928177833557128906e+00,4.253643512725830078e+00
-4.460716724395751953e+00,-1.846654891967773438e+00
4.018859863281250000e+00,3.752970218658447266e+00
-1.080023050308227539e+00,-4.154525279998779297e+00
-9.339914470911026001e-02,1.715963006019592285e+00
5.470252513885498047e+00,2.876871109008789062e+00
4.910269737243652344e+00,-5.102838873863220215e-01
-5.374725341796875000e+00,-3.252240419387817383e-01
3.885402917861938477e+00,4.078909397125244141e+00
-9.174838066101074219e-01,-3.876115560531616211e+00
-4.198642730712890625e+00,-4.258696556091308594e+00
4.372812747955322266e+00,2.162045240402221680e+00
-8.976498603820800781e+00,-2.447967767715454102e+00
-4.042094230651855469e+00,-5.732710659503936768e-02
-4.780025482177734375e+00,4.566002786159515381e-01
1.882796764373779297e+00,4.762802422046661377e-01
-2.705415964126586914e+00,-1.094674468040466309e+00
-3.760572195053100586e+00,-9.402451515197753906e-01
-8.653075218200683594e+00,-2.786629915237426758e+00
-6.269750118255615234e+00,-9.698003530502319336e-01
4.623285293579101562e+00,3.643739700317382812e+00
-4.629838943481445312e+00,-7.192253470420837402e-01
4.385740280151367188e+00,-1.646753847599029541e-01
-8.279045104980468750e+00,3.025434494018554688e+00
-6.795243740081787109e+00,-2.214569568634033203e+00
-9.161410331726074219e+00,-3.153853893280029297e+00
2.288080692291259766e+00,4.463657379150390625e+00
2.878494739532470703e+00,3.787273645401000977e+00
-5.843237876892089844e+00,1.174351930618286133e+00
-4.166717052459716797e+00,4.108197689056396484e-01
-5.252938747406005859e+00,2.424923181533813477e-01
-6.280675888061523438e+00,2.677259445190429688e+00
-5.506973743438720703e+00,5.751605629920959473e-01
4.191327571868896484e+00,2.809822320938110352e+00
2.723456382751464844e+00,3.743970155715942383e+00
6.712524414062500000e+00,3.258214950561523438e+00
-4.959130287170410156e+00,2.181978702545166016e+00
-4.012576103210449219e+00,-2.698289632797241211e+00
-1.972685337066650391e+00,1.777061671018600464e-01
8.146744728088378906e+00,-1.292740225791931152e+00
-4.925697803497314453e+00,8.799739480018615723e-01
4.057734966278076172e+00,3.887693881988525391e+00
-6.807665824890136719e+00,3.532525539398193359e+00
-4.728167057037353516e+00,-9.132375717163085938e-01
6.632704257965087891e+00,2.430584192276000977e+00
-2.234032392501831055e+00,4.065331220626831055e-01
3.130158185958862305e+00,-9.396362304687500000e-01
-7.969698429107666016e+00,-3.306567192077636719e+00
-6.541442871093750000e+00,2.853628873825073242e+00
-1.235130310058593750e+00,-1.606583833694458008e+00
6.537729263305664062e+00,2.744179248809814453e+00
-2.687780380249023438e+00,8.572912812232971191e-01
3.833929061889648438e+00,5.013448715209960938e+00
6.748299598693847656e+00,-5.189517021179199219e+00
8.228314399719238281e+00,4.194248676300048828e+00
-3.032474994659423828e+00,1.091490030288696289e+00
-4.898896217346191406e+00,9.793620705604553223e-01
7.649171352386474609e+00,4.702636241912841797e+00
-4.917036056518554688e+00,-1.456672430038452148e+00
-4.610117435455322266e+00,2.078100204467773438e+00
3.885712623596191406e+00,4.643951416015625000e+00
-4.672820568084716797e+00,-1.921934843063354492e+00
1.653863906860351562e+00,3.265927314758300781e+00
7.614463806152343750e+00,-5.470952987670898438e+00
8.285303115844726562e+00,-1.060455083847045898e+00
1.004699707031250000e+00,2.684900999069213867e+00
4.005150318145751953e+00,3.995432853698730469e+00
-4.910709381103515625e+00,3.235926032066345215e-01
-4.888790607452392578e+00,-2.102344512939453125e+00
-6.738036155700683594e+00,2.604843854904174805e+00
-4.910715103149414062e+00,1.468285679817199707e+00
-6.677358150482177734e+00,-2.112315416336059570e+00
6.345271587371826172e+00,4.243371009826660156e+00
-4.600105762481689453e+00,1.617625951766967773e+00
4.088204860687255859e+00,3.919381380081176758e+00
5.077104091644287109e+00,2.049362897872924805e+00
-3.780830383300781250e+00,-3.335574865341186523e+00
-4.297492504119873047e+00,2.873358428478240967e-01
-1.146184325218200684e+00,5.175440311431884766e-01
-4.003257274627685547e+00,-3.877472639083862305e+00
-6.686662673950195312e+00,7.630967497825622559e-01
-2.370744943618774414e+00,-2.789802551269531250e+00
1.023096323013305664e+00,2.683353662490844727e+00
-8.719326853752136230e-01,5.769186019897460938e-01
-3.284806013107299805e+00,1.321735382080078125e+00
7.300919055938720703e+00,-4.649865627288818359e+00
1.734039664268493652e+00,3.950850248336791992e+00
4.575725555419921875e+00,3.382024526596069336e+00
-4.249145030975341797e+00,1.529064893722534180e+00
6.403625965118408203e+00,-4.428560256958007812e+00
-6.684911251068115234e+00,-6.927917599678039551e-01
6.406070709228515625e+00,-5.076689720153808594e+00
-4.777060508728027344e+00,-2.890232801437377930e+00
-6.672089099884033203e+00,-2.363774299621582031e+00
-2.593054771423339844e+00,-2.213945627212524414e+00
6.258335113525390625e+00,-4.559578895568847656e+00
3.352090597152709961e+00,4.347824573516845703e+00
-6.141382217407226562e+00,2.441892623901367188e+00
-6.532474994659423828e+00,-2.083693504333496094e+00
-6.533945083618164062e+00,2.594574928283691406e+00
6.303612709045410156e+00,-1.909586071968078613e+00
-1.917238116264343262e+00,1.188156723976135254e+00
-6.870154380798339844e+00,2.537389516830444336e+00
-7.361031055450439453e+00,-1.743993639945983887e+00
-1.988300442695617676e+00,-3.292263031005859375e+00
5.353137969970703125e+00,-2.797284603118896484e+00
4.110455513000488281e+00,1.287337392568588257e-01
2.773728370666503906e+00,4.177061021327972412e-01
-9.004943847656250000e+00,-3.320272922515869141e+00
6.516359806060791016e+00,-5.118888378143310547e+00
3.155015707015991211e+00,5.009926795959472656e+00
-2.523176193237304688e+00,1.291233301162719727e+00
7.035465717315673828e+00,-6.606809496879577637e-01
-4.087580204010009766e+00,-3.859698295593261719e+00
-1.200291872024536133e+00,4.742083251476287842e-01
7.174990653991699219e+00,-5.342441201210021973e-01
-4.550803303718566895e-01,1.646060824394226074e+00
6.438051223754882812e+00,2.975746154785156250e+00
3.324948072433471680e+00,2.210495710372924805e+00
7.545320987701416016e+00,-8.163489103317260742e-01
6.027943134307861328e+00,4.456354618072509766e+00
-6.260098457336425781e+00,1.609458923339843750e+00
5.829690456390380859e+00,-3.191867113113403320e+00
2.317843675613403320e+00,4.521056175231933594e+00
6.468698501586914062e+00,-3.782559633255004883e+00
-8.193415641784667969e+00,3.091106414794921875e+00
-2.390143871307373047e+00,1.976189732551574707e+00
-6.587184429168701172e+00,1.585953593254089355e+00
-8.521493911743164062e+00,-2.858642339706420898e+00
5.637320995330810547e+00,2.866122961044311523e+00
5.815498828887939453e+00,3.586318969726562500e+00
-4.804650306701660156e+00,1.929770231246948242e+00
-5.337613582611083984e+00,-2.813311815261840820e-01
1.857002854347229004e+00,4.307824134826660156e+00
-4.553966999053955078e+00,-3.445318222045898438e+00
6.452971458435058594e+00,-3.645561456680297852e+00
-6.996270656585693359e+00,1.321419954299926758e+00
-1.861572504043579102e+00,-4.362449645996093750e+00
5.419279098510742188e+00,2.802060365676879883e+00
-2.867567300796508789e+00,6.932261586189270020e-01
-4.125029563903808594e+00,1.369795799255371094e+00
5.120496749877929688e+00,-3.943265974521636963e-02
-2.778585910797119141e+00,8.788234591484069824e-01
-2.443824052810668945e+00,1.633453130722045898e+00
5.652134418487548828e+00,-1.101824998855590820e+00
6.570776462554931641e+00,-6.837894320487976074e-01
5.488131523132324219e+00,3.922687053680419922e+00
-5.779839515686035156e+00,2.930178403854370117e+00
6.618729114532470703e+00,-1.809732556343078613e+00
-3.102721214294433594e+00,-1.388420581817626953e+00
-5.362156867980957031e+00,2.001015424728393555e+00
4.472332000732421875e+00,7.748999595642089844e-01
6.046616554260253906e+00,-1.048810720443725586e+00
-4.877790451049804688e+00,-2.007981538772583008e+00
-2.048946857452392578e+00,-3.990041732788085938e+00
7.405955791473388672e+00,-5.004067897796630859e+00
-4.700345516204833984e+00,-2.707638502120971680e+00
-7.972881793975830078e+00,-1.664682984352111816e+00
-2.702922344207763672e+00,-2.245541334152221680e+00
-4.083059310913085938e+00,-1.938235282897949219e+00
5.258268833160400391e+00,3.335137367248535156e+00
5.527517795562744141e+00,-7.638083100318908691e-01
1.771443247795104980e+00,3.036602497100830078e+00
-1.878569841384887695e+00,-2.183653354644775391e+00
6.477466106414794922e+00,-5.063482284545898438e+00
-9.383894801139831543e-01,2.070712089538574219e+00
-6.901651382446289062e+00,-2.757902860641479492e+00
3.748943090438842773e+00,2.087723970413208008e+00
-7.270440101623535156e+00,-9.291639924049377441e-01
-2.983937025070190430e+00,-1.564142853021621704e-01
-5.757771492004394531e+00,2.870137453079223633e+00
7.283634662628173828e+00,-4.196129798889160156e+00
5.142020702362060547e+00,-6.995780020952224731e-02
-5.703163623809814453e+00,9.301077723503112793e-01
-4.943058967590332031e+00,9.382165968418121338e-02
-2.614652872085571289e+00,-8.861694484949111938e-02
-4.645297050476074219e+00,-2.988809347152709961e+00
5.156128406524658203e+00,-3.234672784805297852e+00
6.389029979705810547e+00,-3.916139841079711914e+00
-5.804450511932373047e+00,3.080523729324340820e+00
-6.497769355773925781e+00,1.424033164978027344e+00
6.105398178100585938e+00,-1.158096671104431152e+00
-2.463687181472778320e+00,1.166927337646484375e+00
-3.082281827926635742e+00,-7.724526524543762207e-01
7.656396865844726562e+00,3.427962541580200195e+00
4.769703865051269531e+00,3.631271839141845703e+00
6.766520977020263672e+00,3.272794246673583984e+00
6.332207202911376953e+00,-4.283740043640136719e+00
-6.541031837463378906e+00,2.497115612030029297e+00
5.544211387634277344e+00,-3.850669622421264648e+00
-5.843019485473632812e+00,2.529574632644653320e+00
5.952913761138916016e+00,-1.138834595680236816e+00
3.807187557220458984e+00,3.894992113113403320e+00
7.888099193572998047e+00,-3.590364158153533936e-01
3.529513776302337646e-01,3.133743524551391602e+00
-4.469368457794189453e+00,1.784741878509521484e+00
1.193385124206542969e+00,3.294692754745483398e+00
-8.703177452087402344e+00,-2.429243326187133789e+00
5.237217903137207031e+00,-6.334801912307739258e-01
5.690807819366455078e+00,-2.750480651855468750e+00
2.808694839477539062e+00,-9.475347995758056641e-01
-2.056807756423950195e+00,2.278920888900756836e+00
-4.370935440063476562e+00,1.381210833787918091e-01
8.248544692993164062e+00,-1.010627746582031250e+00
-7.122326374053955078e+00,3.512823343276977539e+00
-4.929473400115966797e+00,2.530358314514160156e+00
-5.837637424468994141e+00,9.068599939346313477e-01
-4.614130020141601562e+00,4.492844343185424805e-01
-6.367503166198730469e+00,1.218068599700927734e+00
-3.277638912200927734e+00,-1.525193452835083008e+00
7.516969203948974609e+00,-4.266364097595214844e+00
-5.423881053924560547e+00,1.505241543054580688e-01
5.789673805236816406e+00,-6.443371623754501343e-02
8.205565452575683594e+00,4.863618373870849609e+00
-1.977900147438049316e+00,-3.526039123535156250e+00
-4.902389526367187500e+00,1.656313538551330566e+00
8.031169891357421875e+00,4.336650371551513672e+00
-1.410871505737304688e+00,-2.897003173828125000e+00
-6.015476226806640625e+00,-1.311740279197692871e+00
-7.214175224304199219e+00,2.774099588394165039e+00
-1.510841131210327148e+00,1.000134587287902832e+00
-7.504122734069824219e+00,2.376763820648193359e+00
7.590187549591064453e+00,3.127609968185424805e+00
4.374932289123535156e+00,-2.389137297868728638e-01
-2.618328094482421875e+00,-2.931978702545166016e+00
-7.201688289642333984e+00,2.637879848480224609e+00
3.649020671844482422e+00,5.023895263671875000e+00
1.912198185920715332e+00,4.275934696197509766e+00
-1.786557793617248535e+00,-4.692553520202636719e+00
-6.542271614074707031e+00,2.558868646621704102e+00
-6.182713985443115234e+00,6.988484859466552734e-01
-6.089981555938720703e+00,2.744733333587646484e+00
-2.460044384002685547e+00,-1.666294932365417480e+00
-1.088048696517944336e+00,-1.727500915527343750e+00
-6.951677322387695312e+00,-2.299798965454101562e+00
-9.181275963783264160e-01,7.654314041137695312e-01
7.118927478790283203e+00,2.714115142822265625e+00
3.438969135284423828e+00,2.420243263244628906e+00
-1.086814999580383301e+00,-4.322358131408691406e+00
-2.137538194656372070e+00,-1.086108565330505371e+00
-6.458837509155273438e+00,-7.799921631813049316e-01
6.439010620117187500e+00,-3.432123899459838867e+00
-4.688151359558105469e+00,3.994480073451995850e-01
7.730224609375000000e+00,4.146320819854736328e+00
-6.766882419586181641e+00,-1.476068735122680664e+00
2.969130277633666992e+00,3.604478120803833008e+00
2.690693616867065430e+00,4.387968063354492188e+00
1.837064981460571289e+00,1.349831581115722656e+00
-6.119771003723144531e+00,-1.529931068420410156e+00
6.779710292816162109e+00,4.259003162384033203e+00
-4.237258911132812500e+00,5.263906121253967285e-01
-4.040643215179443359e+00,-3.021083354949951172e+00
4.024321556091308594e+00,2.737777948379516602e+00
-9.851623177528381348e-01,1.448236942291259766e+00
-7.440074920654296875e+00,2.969280242919921875e+00
-4.451835155487060547e+00,-1.971573829650878906e+00
4.552857398986816406e+00,1.163290739059448242e+00
-1.990641593933105469e+00,1.041338562965393066e+00
-5.940926551818847656e+00,2.147802114486694336e+00
-3.714781284332275391e+00,-1.304717659950256348e+00
-7.754511833190917969e+00,-1.832364559173583984e+00
7.132936000823974609e+00,-1.322489678859710693e-01
-2.807519674301147461e+00,7.054391503334045410e-01
3.044720888137817383e+00,3.821680068969726562e+00
-7.534904479980468750e+00,3.445900440216064453e+00
-1.760769367218017578e+00,1.010353446006774902e+00
2.979887485504150391e+00,3.728401422500610352e+00
7.818165302276611328e+00,4.373795509338378906e+00
-6.137055754661560059e-01,1.210422754287719727e+00
-4.600744724273681641e+00,-7.826783657073974609e-01
-2.959946870803833008e+00,-1.063851594924926758e+00
-2.264493942260742188e+00,-3.598738431930541992e+00
8.179456710815429688e+00,-1.187455177307128906e+00
-6.430344581604003906e+00,2.663733482360839844e+00
-1.246349811553955078e+00,-2.663923740386962891e+00
-6.959062576293945312e+00,-1.048440456390380859e+00
-4.712800979614257812e+00,-5.536205172538757324e-01
-3.320914506912231445e+00,7.080239653587341309e-01
5.284226417541503906e+00,1.878236174583435059e+00
7.260480880737304688e+00,-9.449322819709777832e-01
7.311446666717529297e+00,-3.736396133899688721e-01
-2.027136802673339844e+00,-2.207408666610717773e+00
-4.122917652130126953e+00,-3.906937241554260254e-01
-6.460093498229980469e+00,2.010823488235473633e+00
6.894239425659179688e+00,-4.908015727996826172e+00
3.931876659393310547e+00,1.699016690254211426e+00
7.137540340423583984e+00,-4.504948139190673828e+00
-7.034616947174072266e+00,-2.356595754623413086e+00
-4.783861637115478516e+00,9.295901060104370117e-01
1.089630603790283203e+00,2.659226894378662109e+00
5.545870304107666016e+00,3.995028257369995117e+00
6.659347534179687500e+00,2.567687749862670898e+00
-7.726048469543457031e+00,3.358754158020019531e+00
-7.642955303192138672e+00,-3.832710504531860352e+00
7.249062061309814453e+00,-1.334138363599777222e-01
4.377459049224853516e+00,1.180622696876525879e+00
7.473673820495605469e+00,7.623288035392761230e-02
-7.413768291473388672e+00,-1.895212054252624512e+00
-7.093639373779296875e+00,1.283267617225646973e+00
3.183628082275390625e+00,4.495481014251708984e+00
6.334682464599609375e+00,4.524384021759033203e+00
7.210786342620849609e+00,4.466581821441650391e+00
-8.256754875183105469e+00,3.129720211029052734e+00
-4.675443172454833984e+00,-1.580566167831420898e+00
-4.346027374267578125e+00,-2.481344640254974365e-01
5.818432331085205078e+00,-3.240927696228027344e+00
7.303569793701171875e+00,-4.737005233764648438e+00
3.904375553131103516e+00,3.382442712783813477e+00
-2.114600658416748047e+00,-3.630436897277832031e+00
1.770551204681396484e+00,3.834606647491455078e+00
-6.238189697265625000e+00,-9.491525590419769287e-02
4.432661533355712891e+00,2.411462783813476562e+00
-3.677833080291748047e+00,-3.656715631484985352e+00
-3.762930631637573242e+00,-9.207316637039184570e-01
-8.448358535766601562e+00,-2.810390472412109375e+00
-8.252587318420410156e+00,3.259112119674682617e+00
-9.828146696090698242e-01,2.172561883926391602e+00
-3.536058187484741211e+00,-2.503787994384765625e+00
7.565742969512939453e+00,-4.998213052749633789e-01
-8.708203315734863281e+00,-3.357470273971557617e+00
-4.963055133819580078e+00,1.089038997888565063e-01
-1.293391942977905273e+00,-4.716068267822265625e+00
4.232731342315673828e+00,2.199954986572265625e+00
-1.335763692855834961e+00,-2.631802797317504883e+00
-8.935930132865905762e-01,-2.782396554946899414e+00
1.138502955436706543e+00,1.945392012596130371e+00
7.236796379089355469e+00,2.805908679962158203e+00
-2.438904523849487305e+00,-2.902373552322387695e+00
-1.089994907379150391e+00,8.564542531967163086e-01
-1.029924035072326660e+00,-3.953714132308959961e+00
-1.821847677230834961e+00,-4.565079212188720703e+00
2.983256578445434570e+00,1.857899665832519531e+00
-4.960101127624511719e+00,-2.425277233123779297e+00
3.069653511047363281e+00,4.122424602508544922e+00
3.265215873718261719e+00,-1.656158328056335449e+00
-3.614314079284667969e+00,-1.647633910179138184e-01
2.315846681594848633e+00,4.495910167694091797e+00
-4.847640037536621094e+00,1.628918409347534180e+00
-7.122411251068115234e+00,1.291324377059936523e+00
1.295008659362792969e+00,3.691834449768066406e+00
-3.101283311843872070e+00,4.905760660767555237e-02
-3.830325126647949219e+00,-2.023134231567382812e+00
7.127650737762451172e+00,-3.733915388584136963e-01
-2.024013280868530273e+00,-3.186675310134887695e+00
-4.547431945800781250e+00,1.278094410896301270e+00
-6.467013835906982422e+00,7.354112863540649414e-01
-8.726706504821777344e-01,1.611751675605773926e+00
7.858550548553466797e+00,4.302097320556640625e+00
6.771296501159667969e+00,4.168218612670898438e+00
-4.748951911926269531e+00,1.483665585517883301e+00
-6.468553543090820312e+00,9.656190872192382812e-01
8.059591293334960938e+00,4.272056579589843750e+00
4.202372074127197266e+00,4.045082569122314453e+00
8.216409683227539062e+00,4.426143646240234375e+00
9.040009975433349609e-01,2.686029434204101562e+00
1.704854369163513184e+00,3.192138433456420898e+00
3.251275777816772461e+00,5.020647048950195312e+00
-2.803946495056152344e+00,1.042235374450683594e+00
-2.709909677505493164e+00,1.086856007575988770e+00
5.053851604461669922e+00,-4.871751964092254639e-01
2.868981361389160156e+00,3.695820093154907227e+00
-1.938190579414367676e+00,-2.268271446228027344e+00
-1.825485229492187500e+00,-3.477038860321044922e+00
-1.312243223190307617e+00,-3.660934925079345703e+00
-2.939737796783447266e+00,2.255938649177551270e-01
-1.343739032745361328e+00,4.170713722705841064e-01
2.633248567581176758e+00,3.205888032913208008e+00
-4.501542091369628906e+00,-3.833909273147583008e+00
3.074204921722412109e+00,4.881661891937255859e+00
-4.026850700378417969e+00,2.443824291229248047e+00
-1.395332932472229004e+00,-4.844813346862792969e+00
6.270479679107666016e+00,4.460906028747558594e+00
-4.308540821075439453e+00,-1.512056589126586914e-01
-1.005440235137939453e+00,-2.611341953277587891e+00
5.869861125946044922e+00,-6.816993355751037598e-01
-6.988929271697998047e+00,-7.581295967102050781e-01
5.408131122589111328e+00,-2.265664100646972656e+00
7.007055759429931641e+00,-4.873907089233398438e+00
-6.441807746887207031e+00,-2.178443908691406250e+00
7.119662761688232422e+00,-2.849128842353820801e-01
-6.619625568389892578e+00,7.098155021667480469e-01
5.995639324188232422e+00,3.984597921371459961e+00
7.420793056488037109e+00,-1.250231266021728516e+00
-5.838940620422363281e+00,3.105447530746459961e+00
5.632046699523925781e+00,2.336140155792236328e+00
-4.625438213348388672e+00,7.156943678855895996e-01
6.731504917144775391e+00,-3.663714885711669922e+00
-4.416385173797607422e+00,6.886157393455505371e-01
-3.186262607574462891e+00,3.844722211360931396e-01
-2.285294532775878906e+00,-2.503805875778198242e+00
-6.173212051391601562e+00,3.129937171936035156e+00
-5.156589984893798828e+00,1.565783023834228516e+00
-4.926926612854003906e+00,1.080857753753662109e+00
-2.684986114501953125e+00,-1.274538516998291016e+00
-5.425395488739013672e+00,2.160302639007568359e+00
-1.563489317893981934e+00,-5.208027839660644531e+00
4.291038990020751953e+00,5.936022996902465820e-01
-8.100599288940429688e+00,-2.624009132385253906e+00
-3.179679870605468750e+00,1.276976466178894043e+00
4.290518283843994141e+00,3.847109317779541016e+00
8.030690193176269531e+00,4.825779438018798828e+00
-5.182404518127441406e+00,-1.533291101455688477e+00
-4.836876392364501953e+00,2.301234722137451172e+00
-6.548288822174072266e+00,-1.610435724258422852e+00
7.038898468017578125e+00,-4.034326076507568359e+00
3.057868480682373047e+00,3.606161117553710938e+00
-4.624333858489990234e+00,-5.486600399017333984e-01
6.129817008972167969e+00,4.409772872924804688e+00
-4.544976711273193359e+00,-3.869310140609741211e+00
-1.964538335800170898e+00,-3.490471363067626953e+00
4.948204040527343750e+00,-1.669700860977172852e+00
-4.320591926574707031e+00,2.516869544982910156e+00
-1.143434882164001465e+00,4.733170568943023682e-01
2.690420389175415039e+00,4.443435668945312500e+00
6.614198207855224609e+00,-3.384810090065002441e-01
7.170308113098144531e+00,-4.819998741149902344e+00
5.703673839569091797e+00,3.087493896484375000e+00
5.304961204528808594e+00,1.963744401931762695e+00
-8.596920013427734375e+00,-2.957565546035766602e+00
5.775538921356201172e+00,3.246852397918701172e+00
5.597076416015625000e+00,-2.985098361968994141e+00
-1.655489206314086914e+00,-4.815265655517578125e+00
6.324122428894042969e+00,-2.837114334106445312e+00
2.458352088928222656e+00,4.544203758239746094e+00
5.257621288299560547e+00,-1.573786377906799316e+00
-1.254020094871520996e+00,-2.259207248687744141e+00
-7.084566593170166016e+00,-2.829859256744384766e+00
-3.542686700820922852e+00,6.258693933486938477e-01
-3.435082674026489258e+00,-1.504589676856994629e+00
6.795489788055419922e+00,4.021472930908203125e+00
-2.554748535156250000e+00,1.340365052223205566e+00
7.242070198059082031e+00,-4.611849784851074219e+00
-7.800702452659606934e-01,1.052679777145385742e+00
-4.622182369232177734e+00,-3.917670845985412598e-01
6.677175521850585938e+00,2.827916860580444336e+00
4.847056388854980469e+00,-2.478721380233764648e+00
6.132543563842773438e+00,-3.122907876968383789e+00
5.056294441223144531e+00,3.639674425125122070e+00
6.620869636535644531e+00,3.929022550582885742e+00
5.083709239959716797e+00,3.394416332244873047e+00
6.052350997924804688e+00,2.479241341352462769e-01
2.653918027877807617e+00,3.358220100402832031e+00
1.588334560394287109e+00,3.403568267822265625e+00
-2.702913284301757812e+00,2.879643440246582031e-01
-3.710188627243041992e+00,-8.894122838973999023e-01
-1.636980652809143066e+00,-8.277400135993957520e-01
-4.667258262634277344e+00,1.532501339912414551e+00
-5.931829452514648438e+00,-1.381593704223632812e+00
-7.794958591461181641e+00,-2.494342803955078125e+00
-4.651786327362060547e+00,1.076712727546691895e+00
5.136776924133300781e+00,-1.686859846115112305e+00
-4.060469150543212891e+00,-6.376264691352844238e-01
-4.253443241119384766e+00,-2.664259910583496094e+00
-5.560903549194335938e+00,1.494960427284240723e+00
5.906369209289550781e+00,3.108967065811157227e+00
1.239763140678405762e+00,3.140823364257812500e+00
6.076701641082763672e+00,-3.875129938125610352e+00
-4.215464591979980469e+00,-1.038621187210083008e+00
5.343306064605712891e+00,2.863013029098510742e+00
-4.945336818695068359e+00,-2.033478975296020508e+00
-8.946510314941406250e+00,-2.352334737777709961e+00
-3.095328330993652344e+00,6.066121459007263184e-01
-2.922380685806274414e+00,1.360139727592468262e+00
-3.136281967163085938e+00,1.977106789126992226e-03
-9.157049179077148438e+00,-3.280225753784179688e+00
-6.215906620025634766e+00,4.183885827660560608e-02
-4.641906261444091797e+00,-9.935712218284606934e-01
3.004057645797729492e+00,3.915749549865722656e+00
6.591874599456787109e+00,4.312465667724609375e+00
5.311707496643066406e+00,-2.338778018951416016e+00
-5.040510177612304688e+00,9.323971271514892578e-01
-2.282052516937255859e+00,1.916064143180847168e+00
-7.133969783782958984e+00,-7.166774272918701172e-01
8.387277603149414062e+00,4.431025028228759766e+00
4.794729232788085938e+00,6.669711321592330933e-02
7.162543773651123047e+00,-4.444421291351318359e+00
-6.937613964080810547e+00,-1.369639635086059570e+00
6.112800598144531250e+00,-3.306747674942016602e+00
5.324611663818359375e+00,-2.390798181295394897e-01
6.974079132080078125e+00,3.612955808639526367e+00
-2.259105682373046875e+00,1.123380899429321289e+00
3.374999046325683594e+00,4.569427013397216797e+00
-3.139570474624633789e+00,-1.773584365844726562e+00
-2.079157590866088867e+00,-2.671648263931274414e+00
-3.649201631546020508e+00,-1.889236330986022949e+00
-2.339108943939208984e+00,-8.249514698982238770e-01
2.270276546478271484e+00,2.348767280578613281e+00
-1.838450431823730469e+00,-1.480074644088745117e+00
-8.181307792663574219e+00,-3.299802541732788086e+00
7.435785770416259766e+00,4.790031909942626953e+00
6.716309547424316406e+00,-6.069569587707519531e-01
2.938220024108886719e+00,1.738496184349060059e+00
-8.776202201843261719e+00,-2.504405975341796875e+00
-8.417724967002868652e-01,1.130083560943603516e+00
7.125704288482666016e+00,3.950732231140136719e+00
5.927000522613525391e+00,2.619461774826049805e+00
-3.199302911758422852e+00,1.258932471275329590e+00
6.387449741363525391e+00,-2.204756498336791992e+00
5.000343799591064453e+00,-2.779699087142944336e+00
1.830931067466735840e+00,4.289078712463378906e+00
-1.503711462020874023e+00,-5.051957130432128906e+00
-4.752248287200927734e+00,2.221705675125122070e+00
-4.069724082946777344e+00,-1.175560474395751953e+00
-5.674398422241210938e+00,-6.039512157440185547e-01
-2.253385543823242188e+00,-3.527439355850219727e+00
-2.609301090240478516e+00,-7.699614167213439941e-01
-1.134392499923706055e+00,1.196894407272338867e+00
-6.639145851135253906e+00,-2.670190036296844482e-01
-7.039878845214843750e+00,-1.061971068382263184e+00
-1.511219263076782227e+00,-4.396381378173828125e+00
-4.106708049774169922e+00,-2.547004938125610352e+00
-7.061915874481201172e+00,3.023439407348632812e+00
-4.306055545806884766e+00,-1.631912827491760254e+00
2.552252769470214844e+00,4.582354545593261719e+00
7.233454227447509766e+00,-1.543264031410217285e+00
-4.465580463409423828e+00,1.016899466514587402e+00
-1.131179809570312500e+00,-4.232387065887451172e+00
-8.362133502960205078e-01,8.225007057189941406e-01
-7.192002773284912109e+00,2.177619934082031250e+00
-5.007998943328857422e+00,3.588781654834747314e-01
-2.970032691955566406e+00,1.114661335945129395e+00
-3.195395946502685547e+00,9.132061600685119629e-01
-3.398494958877563477e+00,-3.193004429340362549e-01
-7.526358604431152344e+00,-2.922142505645751953e+00
-1.934466123580932617e+00,5.452784895896911621e-01
-7.252152442932128906e+00,-3.207148790359497070e+00
-3.504548072814941406e+00,-2.190894365310668945e+00
6.414578914642333984e+00,-4.906952857971191406e+00
-4.902680873870849609e+00,-1.665298342704772949e-01
6.124684333801269531e+00,4.533279418945312500e+00
-6.291679382324218750e+00,1.711290836334228516e+00
7.187591552734375000e+00,3.311076164245605469e+00
-6.573472499847412109e+00,2.676800251007080078e+00
-6.763289928436279297e+00,2.030583381652832031e+00
-1.099188446998596191e+00,9.391051530838012695e-01
-6.516412258148193359e+00,-5.203442275524139404e-02
-3.626099586486816406e+00,1.225625723600387573e-01
-2.903188467025756836e+00,-1.476286649703979492e+00
-3.356425762176513672e+00,1.695827364921569824e+00
-1.457222342491149902e+00,-5.011132240295410156e+00
-2.878844738006591797e+00,5.396265387535095215e-01
5.613588333129882812e+00,-4.094100952148437500e+00
-6.121675491333007812e+00,-3.963818773627281189e-03
-1.678814649581909180e+00,2.103149652481079102e+00
-1.378343105316162109e+00,-4.334796905517578125e+00
7.877954006195068359e+00,4.580271720886230469e+00
6.886832237243652344e+00,4.085490703582763672e+00
4.267199516296386719e+00,5.161434412002563477e-01
-4.381554126739501953e+00,8.159927129745483398e-01
3.194936037063598633e+00,4.055029869079589844e+00
5.588772296905517578e+00,2.901107072830200195e+00
-8.849153518676757812e-01,5.377813577651977539e-01
-6.595745086669921875e+00,-4.237288832664489746e-01
4.283646106719970703e+00,3.423633575439453125e+00
4.985491752624511719e+00,3.364754676818847656e+00
6.408135414123535156e+00,-4.164960861206054688e+00
-3.441112995147705078e+00,-2.901422500610351562e+00
5.701562404632568359e+00,-3.940318584442138672e+00
-6.181720256805419922e+00,2.216810941696166992e+00
-7.608025074005126953e+00,2.321515798568725586e+00
6.767193794250488281e+00,-5.272038459777832031e+00
6.221834182739257812e+00,4.166018009185791016e+00
6.306385993957519531e+00,-9.282445907592773438e-01
-8.640003204345703125e+00,-2.772819519042968750e+00
-4.507748126983642578e+00,-1.522735476493835449e+00
-6.405205249786376953e+00,-1.040536761283874512e+00
5.979582786560058594e+00,1.648564636707305908e-02
-4.931663513183593750e+00,2.851366996765136719e+00
-6.511639118194580078e+00,-1.826992273330688477e+00
-4.649611473083496094e+00,2.323300123214721680e+00
5.932960033416748047e+00,-1.057878613471984863e+00
4.946319103240966797e+00,-1.840764999389648438e+00
-3.830642461776733398e+00,1.093809399753808975e-02
-1.152517437934875488e+00,1.100012302398681641e+00
5.648931026458740234e+00,4.059666097164154053e-01
8.006501197814941406e+00,-9.699287414550781250e-01
-7.771952152252197266e+00,2.474209785461425781e+00
-4.887020587921142578e+00,-3.354445457458496094e+00
-2.567376136779785156e+00,-1.826087355613708496e+00
4.176468849182128906e+00,3.075004339218139648e+00
-6.626634120941162109e+00,1.461112976074218750e+00
-2.983485937118530273e+00,-5.696549415588378906e-01
5.560331821441650391e+00,-3.953494071960449219e+00
-7.470461368560791016e+00,-3.133864641189575195e+00
7.330717086791992188e+00,-1.272598981857299805e+00
1.854910850524902344e+00,5.872578024864196777e-01
4.916535854339599609e+00,-2.910413503646850586e+00
-4.531098842620849609e+00,-4.000857830047607422e+00
4.505267143249511719e+00,3.305427551269531250e+00
-5.317711353302001953e+00,1.690802812576293945e+00
6.549807548522949219e+00,-4.946466445922851562e+00
-7.222882270812988281e+00,-1.439072251319885254e+00
-4.976141452789306641e+00,1.833814382553100586e+00
5.909306049346923828e+00,3.941531896591186523e+00
-3.111826479434967041e-01,1.677361130714416504e+00
-2.468650579452514648e+00,-1.738269567489624023e+00
-6.213644027709960938e+00,3.277927637100219727e+00
-8.251674652099609375e+00,3.285057783126831055e+00
-1.188389062881469727e+00,1.061370491981506348e+00
3.641809940338134766e+00,2.222606420516967773e+00
4.798296988010406494e-01,3.079617261886596680e+00
-4.182241439819335938e+00,1.757043838500976562e+00
5.584126472473144531e+00,-2.253786802291870117e+00
-6.547912597656250000e+00,-1.368891239166259766e+00
-4.939898490905761719e+00,-1.465140104293823242e+00
-2.875947713851928711e+00,-1.939758062362670898e+00
2.967895746231079102e+00,3.768517494201660156e+00
6.788125991821289062e+00,3.853379011154174805e+00
7.023115634918212891e+00,-1.482290983200073242e+00
-5.317256927490234375e+00,2.160058259963989258e+00
-8.753773689270019531e+00,-2.496081352233886719e+00
-3.923200130462646484e+00,-7.956498265266418457e-01
-1.723127245903015137e+00,-1.444247841835021973e+00
-6.289576053619384766e+00,2.596278190612792969e+00
-6.183661937713623047e+00,2.464197397232055664e+00
7.337090969085693359e+00,4.063729286193847656e+00
7.612489223480224609e+00,4.045947551727294922e+00
-2.332659482955932617e+00,-2.098805189132690430e+00
7.531304836273193359e+00,3.258650064468383789e+00
-6.964344501495361328e+00,2.937280178070068359e+00
-1.892613291740417480e+00,-2.753723144531250000e+00
1.048922777175903320e+00,2.456999778747558594e+00
-4.205343723297119141e+00,-3.840237379074096680e+00
3.252140522003173828e+00,4.275436878204345703e+00
4.358322620391845703e+00,2.180826902389526367e+00
-2.221933603286743164e+00,-1.797626256942749023e+00
3.846297740936279297e+00,3.649101734161376953e+00
-3.998316287994384766e+00,-2.079484939575195312e+00
2.556648254394531250e+00,3.345576763153076172e+00
-4.505659103393554688e+00,-3.479949474334716797e+00
-5.304453849792480469e+00,-1.990835309028625488e+00
-3.457650423049926758e+00,1.270415663719177246e+00
-1.167894124984741211e+00,2.254111766815185547e+00
-3.596160411834716797e+00,-2.492173910140991211e+00
3.244156599044799805e+00,3.972873210906982422e+00
-8.516970276832580566e-01,-3.063913822174072266e+00
-2.759240150451660156e+00,6.002579331398010254e-01
-2.070214748382568359e+00,-3.002860307693481445e+00
3.323504447937011719e+00,4.417747974395751953e+00
-3.623383283615112305e+00,-9.656065106391906738e-01
-6.898980617523193359e+00,-7.695102691650390625e-01
6.923952698707580566e-02,2.141486883163452148e+00
5.084310054779052734e+00,2.155209302902221680e+00
5.577975273132324219e+00,-4.086231231689453125e+00
6.343707561492919922e+00,-2.851543664932250977e+00
-3.998491525650024414e+00,-1.175375699996948242e+00
4.471536874771118164e-01,1.964795947074890137e+00
3.913074254989624023e+00,9.900802373886108398e-02
7.511454582214355469e+00,-4.796030521392822266e+00
3.732473134994506836e+00,4.941243648529052734e+00
-9.030969619750976562e+00,-3.092151165008544922e+00
-4.452036380767822266e+00,1.484992742538452148e+00
-5.579852581024169922e+00,8.747389912605285645e-01
3.369835615158081055e+00,5.058687686920166016e+00
5.946208477020263672e+00,1.974400579929351807e-01
4.228490829467773438e+00,4.711301803588867188e+00
-7.208232879638671875e+00,-2.486445188522338867e+00
-3.406415700912475586e+00,6.989707052707672119e-02
-1.388868689537048340e-02,1.506429314613342285e+00
-5.422107696533203125e+00,-1.620589137077331543e+00
5.747980594635009766e+00,-2.924957752227783203e+00
-5.882684707641601562e+00,-9.007580876350402832e-01
-1.592207431793212891e+00,-4.717028141021728516e+00
-8.447225570678710938e+00,-2.168060302734375000e+00
6.277749538421630859e+00,-3.761885404586791992e+00
4.212901592254638672e+00,4.261775493621826172e+00
-4.245058059692382812e+00,-1.944695234298706055e+00
-6.205331325531005859e+00,-2.046100139617919922e+00
3.957197189331054688e+00,2.715819597244262695e+00
-3.952103376388549805e+00,-1.002938032150268555e+00
-3.577209949493408203e+00,-3.130692481994628906e+00
-4.341651916503906250e+00,-1.521536231040954590e+00
-2.991604804992675781e+00,-7.149952054023742676e-01
-6.668540000915527344e+00,-2.523522377014160156e+00
-4.446459293365478516e+00,-2.529528141021728516e+00
-3.633653402328491211e+00,1.791440844535827637e+00
-6.913295269012451172e+00,1.963547348976135254e+00
8.267374038696289062e+00,-1.162874698638916016e+00
-4.701878547668457031e+00,-2.747836828231811523e+00
-8.323719978332519531e+00,3.058558702468872070e+00
-6.141688227653503418e-01,9.470976591110229492e-01
2.303713083267211914e+00,3.965680599212646484e+00
-6.135915756225585938e+00,2.612723350524902344e+00
-3.713546991348266602e+00,-1.880738019943237305e+00
-7.913560271263122559e-01,1.080603837966918945e+00
-6.552651405334472656e+00,1.575555562973022461e+00
4.647604942321777344e+00,5.875275935977697372e-03
-3.422112941741943359e+00,-2.725129127502441406e+00
-7.171995162963867188e+00,2.601203441619873047e+00
6.849806308746337891e+00,2.541255474090576172e+00
5.361434936523437500e+00,-2.320608615875244141e+00
4.746698379516601562e+00,9.422971606254577637e-01
-6.684305191040039062e+00,7.618777751922607422e-01
1.572142362594604492e+00,3.519009649753570557e-01
6.433130741119384766e+00,2.818922758102416992e+00
-5.262741088867187500e+00,2.584080457687377930e+00
6.994096279144287109e+00,4.234446525573730469e+00
-8.569439888000488281e+00,-2.996109962463378906e+00
-6.510654926300048828e+00,-2.177752017974853516e+00
-6.955845355987548828e+00,1.034498095512390137e+00
-4.878511428833007812e+00,-2.454874038696289062e+00
1.022494316101074219e+00,2.317907094955444336e+00
-3.016222953796386719e+00,-8.592975735664367676e-01
-6.667374134063720703e+00,9.546163678169250488e-01
-9.263129234313964844e-01,5.403263568878173828e-01
-8.653673171997070312e+00,-2.325117588043212891e+00
7.735620975494384766e+00,-5.480126380920410156e+00
6.051708221435546875e+00,4.572367191314697266e+00
-4.894507884979248047e+00,-1.071155548095703125e+00
6.895486831665039062e+00,-4.587453365325927734e+00
-3.092372417449951172e+00,2.800403237342834473e-01
-6.673601150512695312e+00,-6.871673464775085449e-01
-3.589452266693115234e+00,-8.373637795448303223e-01
-1.812833786010742188e+00,5.089969038963317871e-01
-6.249929428100585938e+00,1.561607956886291504e+00
-4.620625495910644531e+00,2.308219671249389648e+00
-8.299815177917480469e+00,3.190074682235717773e+00
3.486800193786621094e+00,4.218821525573730469e+00
-2.723726272583007812e+00,1.143731951713562012e+00
7.808287620544433594e+00,-5.070616245269775391e+00
-3.007690668106079102e+00,8.924118429422378540e-02
7.433132648468017578e+00,4.657182693481445312e+00
4.412060260772705078e+00,2.287167310714721680e+00
6.752105712890625000e+00,2.741096973419189453e+00
-1.566544890403747559e+00,2.048851490020751953e+00
-5.477419853210449219e+00,-3.035802245140075684e-01
-2.786953449249267578e+00,4.009253680706024170e-01
-5.182455539703369141e+00,5.158479809761047363e-01
-3.377876520156860352e+00,-1.338660836219787598e+00
7.796833038330078125e+00,-7.590180039405822754e-01
7.749167442321777344e+00,3.746612071990966797e+00
-5.659154415130615234e+00,7.535907626152038574e-01
-7.054394721984863281e+00,-7.179622650146484375e-01
5.740846157073974609e+00,-3.903750181198120117e+00
4.401177406311035156e+00,4.582575559616088867e-01
5.781334400177001953e+00,2.698170423507690430e+00
-9.020071983337402344e+00,-3.425379276275634766e+00
-4.996160507202148438e+00,4.629325568675994873e-01
-8.317597389221191406e+00,3.053107261657714844e+00
7.840475559234619141e+00,4.610021114349365234e+00
4.715154170989990234e+00,2.888055443763732910e-01
-4.975061893463134766e+00,-3.313235521316528320e+00
5.374969959259033203e+00,2.921994209289550781e+00
2.670676708221435547e+00,4.583580017089843750e+00
2.271067619323730469e+00,3.140736341476440430e+00
-1.392417907714843750e+00,3.810579180717468262e-01
3.677359819412231445e+00,2.585979700088500977e+00
7.778555870056152344e+00,-5.651857852935791016e+00
7.269402980804443359e+00,3.694272041320800781e+00
-6.986673355102539062e+00,1.243461847305297852e+00
-1.557101607322692871e+00,-1.882250308990478516e+00
-4.100419044494628906e+00,1.849538564682006836e+00
6.350352287292480469e+00,4.302008628845214844e+00
-4.551230430603027344e+00,-1.792724609375000000e+00
6.418818950653076172e+00,-7.130591869354248047e-01
-4.931429862976074219e+00,-7.676121592521667480e-02
7.427192687988281250e+00,4.787096023559570312e+00
7.225393772125244141e+00,6.118627265095710754e-02
-6.734756469726562500e+00,-2.265673398971557617e+00
6.617496013641357422e+00,3.657335519790649414e+00
5.690272808074951172e+00,-1.763471841812133789e+00
-5.652312755584716797e+00,1.660305142402648926e+00
-4.151609420776367188e+00,-4.242704391479492188e+00
6.679275035858154297e+00,4.286544322967529297e+00
5.679844856262207031e+00,-1.068583607673645020e+00
-8.080491065979003906e+00,2.910396814346313477e+00
-2.662425041198730469e+00,-1.972024321556091309e+00
-6.201780796051025391e+00,1.248456239700317383e-01
-2.590716600418090820e+00,1.404088854789733887e+00
-4.520402908325195312e+00,1.286889433860778809e+00
5.554998397827148438e+00,1.878671050071716309e+00
6.150821208953857422e+00,4.503988265991210938e+00
6.076971054077148438e+00,-4.482275485992431641e+00
-4.074375629425048828e+00,-5.602610707283020020e-01
-4.976594448089599609e+00,-3.994410037994384766e-01
7.565241336822509766e+00,-4.741271495819091797e+00
-6.297523021697998047e+00,3.134319782257080078e+00
4.354433536529541016e+00,8.745497465133666992e-01
-2.675160408020019531e+00,-1.499169319868087769e-01
-4.358053207397460938e+00,3.836453855037689209e-01
1.607366204261779785e+00,4.216958999633789062e+00
5.335868835449218750e+00,2.973500728607177734e+00
-5.317750453948974609e+00,-1.328227281570434570e+00
-4.402870655059814453e+00,-7.778118252754211426e-01
7.120042324066162109e+00,2.768487453460693359e+00
-1.846181154251098633e+00,-4.640848636627197266e+00
-7.360103607177734375e+00,-1.708718061447143555e+00
-5.782417774200439453e+00,2.794652938842773438e+00
-7.206498622894287109e+00,-3.084377050399780273e+00
6.132143020629882812e+00,-8.157677054405212402e-01
-6.524852752685546875e+00,-3.113068044185638428e-01
-3.004071235656738281e+00,1.111280441284179688e+00
-7.123801231384277344e+00,3.119983434677124023e+00
7.607678890228271484e+00,-5.377882957458496094e+00
5.420193672180175781e+00,-3.221214056015014648e+00
-5.281433582305908203e+00,1.065168976783752441e+00
-1.939027547836303711e+00,-3.402181863784790039e+00
4.560933113098144531e+00,1.899620145559310913e-01
-5.980710506439208984e+00,6.793010234832763672e-01
7.620342254638671875e+00,4.017577171325683594e+00
4.425308704376220703e+00,-4.577172100543975830e-01
-6.722896099090576172e+00,-2.249537944793701172e+00
2.506981134414672852e+00,3.340607404708862305e+00
6.780043601989746094e+00,3.380725383758544922e+00
3.603686332702636719e+00,3.484710454940795898e+00
-6.922412872314453125e+00,-1.130890965461730957e+00
-9.079124450683593750e+00,-3.392040967941284180e+00
-3.499471426010131836e+00,-1.293034195899963379e+00
-8.219295501708984375e+00,-2.126094341278076172e+00
4.509243965148925781e+00,-2.944897115230560303e-01
6.895877361297607422e+00,-4.984864234924316406e+00
6.373993396759033203e+00,-4.978105545043945312e+00
-1.555235266685485840e+00,-5.174970626831054688e+00
3.981928348541259766e+00,3.879809141159057617e+00
-7.146338462829589844e+00,-6.957966685295104980e-01
7.297258853912353516e+00,4.254128456115722656e+00
4.524658203125000000e+00,-2.897302806377410889e-01
4.589914321899414062e+00,2.126255989074707031e+00
-6.226214408874511719e+00,-1.094715952873229980e+00
6.927189826965332031e+00,-3.883762121200561523e+00
3.423985958099365234e+00,4.480999469757080078e+00
6.759335517883300781e+00,-4.605302333831787109e+00
7.689913272857666016e+00,-4.602240085601806641e+00
-9.071677923202514648e-01,-3.801511049270629883e+00
-1.023098468780517578e+00,8.802745938301086426e-01
7.166923046112060547e+00,-4.975138664245605469e+00
3.556442499160766602e+00,4.054866790771484375e+00
-4.568780899047851562e+00,-2.557957172393798828e+00
-5.839677333831787109e+00,1.536778211593627930e+00
1.592306733131408691e+00,4.257232189178466797e+00
-5.518278121948242188e+00,1.435626506805419922e+00
-6.083289623260498047e+00,-1.768114924430847168e+00
-4.449319362640380859e+00,1.665433287620544434e+00
-6.838349819183349609e+00,8.850805163383483887e-01
6.954516887664794922e+00,2.688190221786499023e+00
5.724280834197998047e+00,-2.608409404754638672e+00
7.728983402252197266e+00,3.344580173492431641e+00
6.215027809143066406e+00,-3.887371063232421875e+00
-7.000788688659667969e+00,2.309638500213623047e+00
7.699086189270019531e+00,-5.208234310150146484e+00
-6.058591842651367188e+00,2.041136741638183594e+00
-3.613232374191284180e+00,-2.869052171707153320e+00
-5.430349349975585938e+00,7.706937193870544434e-01
6.740899562835693359e+00,-3.683998584747314453e+00
5.420670986175537109e+00,2.257292747497558594e+00
7.229201316833496094e+00,-1.494349837303161621e+00
5.490858554840087891e+00,-3.717246770858764648e+00
-4.183577060699462891e+00,6.040181517601013184e-01
6.224599838256835938e+00,-2.420489311218261719e+00
-1.526279926300048828e+00,-5.143143653869628906e+00
-2.266722917556762695e+00,3.492105305194854736e-01
6.309953689575195312e+00,-2.230981826782226562e+00
6.290205478668212891e+00,4.246369838714599609e+00
6.184482097625732422e+00,9.582334756851196289e-02
-3.274013280868530273e+00,-6.804227232933044434e-01
-7.045358657836914062e+00,-2.859188079833984375e+00
5.929219722747802734e+00,3.744479417800903320e+00
4.441310405731201172e+00,9.887490868568420410e-01
-3.700563192367553711e+00,-4.062463343143463135e-01
1.096608877182006836e+00,3.513420104980468750e+00
-4.167151451110839844e+00,-2.824131727218627930e+00
-5.878485202789306641e+00,2.126741886138916016e+00
-3.446455955505371094e+00,8.474377989768981934e-01
6.860649108886718750e+00,-5.114000320434570312e+00
4.089636802673339844e+00,-2.079731941223144531e+00
2.661792278289794922e+00,4.556135654449462891e+00
3.163404464721679688e+00,4.227818965911865234e+00
-6.615938663482666016e+00,2.976335048675537109e+00
-6.483458518981933594e+00,-2.046799898147583008e+00
4.841868877410888672e-01,2.166335344314575195e+00
-4.209050655364990234e+00,5.643216148018836975e-02
-3.416422128677368164e+00,-9.501202702522277832e-01
-7.915992259979248047e+00,-2.970867156982421875e+00
7.648639678955078125e+00,-5.925457552075386047e-02
-3.753250122070312500e+00,-1.274367213249206543e+00
-2.994301080703735352e+00,-1.581919431686401367e+00
3.927183389663696289e+00,1.191290318965911865e-01
-5.003774166107177734e+00,-8.789801001548767090e-01
-4.980988979339599609e+00,7.128723859786987305e-01
-8.748600006103515625e+00,-2.220035314559936523e+00
-6.368401527404785156e+00,3.256270647048950195e+00
-1.735617518424987793e+00,-9.082702398300170898e-01
5.356419086456298828e+00,3.028378486633300781e+00
-3.525685548782348633e+00,1.388089299201965332e+00
5.650730133056640625e+00,-2.440220117568969727e+00
-2.759253501892089844e+00,1.392757892608642578e+00
-1.770363450050354004e+00,6.323199272155761719e-01
6.612194061279296875e+00,-2.676618993282318115e-01
-1.864540815353393555e+00,-3.351845264434814453e+00
5.419047355651855469e+00,3.893537521362304688e+00
4.300939083099365234e+00,3.052722215652465820e+00
7.132688045501708984e+00,-4.517837524414062500e+00
-4.695711135864257812e+00,-8.061410188674926758e-01
-4.587449550628662109e+00,-3.970888614654541016e+00
-5.975247859954833984e+00,2.286197423934936523e+00
-7.803741455078125000e+00,2.602563381195068359e+00
8.246114730834960938e+00,-9.661830663681030273e-01
-9.133686065673828125e+00,-3.317591190338134766e+00
-7.043916225433349609e+00,1.183884978294372559e+00
-8.381834983825683594e+00,-3.575821876525878906e+00
-1.512583374977111816e+00,1.101344347000122070e+00
-4.617454051971435547e+00,-1.109433025121688843e-01
5.363730907440185547e+00,1.632406949996948242e+00
-4.650040149688720703e+00,2.631952524185180664e+00
-2.904273033142089844e+00,7.799127697944641113e-01
-4.733810901641845703e+00,2.692980051040649414e+00
4.099980354309082031e+00,1.317929506301879883e+00
-3.937389850616455078e+00,-2.681046962738037109e+00
5.134636878967285156e+00,-7.370122671127319336e-01
-4.151591777801513672e+00,2.389200478792190552e-01
-2.813320875167846680e+00,3.127763867378234863e-01
5.237506389617919922e+00,-3.208027362823486328e+00
-7.561710834503173828e+00,-1.709998130798339844e+00
-7.611578464508056641e+00,-2.305522680282592773e+00
-4.010143756866455078e+00,-4.075342655181884766e+00
-1.173940062522888184e+00,-4.392747402191162109e+00
-8.571354866027832031e+00,-3.048449277877807617e+00
-9.917472004890441895e-01,1.984767079353332520e+00
-4.905498981475830078e+00,-4.967964887619018555e-01
7.492017269134521484e+00,4.357430934906005859e+00
5.667522907257080078e+00,-4.043210506439208984e+00
-1.354247212409973145e+00,1.299109216779470444e-02
-7.983105182647705078e+00,-1.584131479263305664e+00
-4.635574340820312500e+00,-2.180689811706542969e+00
-4.446795463562011719e+00,-3.055811166763305664e+00
-6.943329811096191406e+00,-1.838438749313354492e+00
-8.735384941101074219e+00,-2.729943513870239258e+00
-5.626081466674804688e+00,-3.440918028354644775e-01
3.842739582061767578e+00,4.335391998291015625e+00
-4.308341979980468750e+00,2.041596412658691406e+00
-1.865411758422851562e+00,2.298039793968200684e-01
-3.069828987121582031e+00,-8.908122777938842773e-01
-5.802928924560546875e+00,3.023165225982666016e+00
-4.192052364349365234e+00,2.039595365524291992e+00
-7.970813274383544922e+00,3.068295717239379883e+00
1.286152720451354980e+00,4.017179012298583984e+00
-6.458036422729492188e+00,2.096753358840942383e+00
6.006537437438964844e+00,-1.515582323074340820e+00
4.948510229587554932e-01,1.968556523323059082e+00
-6.383079528808593750e+00,-2.135267496109008789e+00
-1.647668480873107910e+00,-3.713623046875000000e+00
5.537206649780273438e+00,-1.241171240806579590e+00
7.734628200531005859e+00,4.748491764068603516e+00
-4.673829555511474609e+00,2.250412106513977051e-01
-1.030625224113464355e+00,4.166435003280639648e-01
5.690354824066162109e+00,-4.142841815948486328e+00
-4.553047657012939453e+00,-2.318560600280761719e+00
-3.280878782272338867e+00,7.328435182571411133e-01
-4.569448947906494141e+00,-1.725020408630371094e+00
-6.067424774169921875e+00,3.230691194534301758e+00
-8.078834533691406250e+00,3.356561899185180664e+00
-7.180090427398681641e+00,-2.734324693679809570e+00
7.936631679534912109e+00,4.278576374053955078e+00
-3.972910404205322266e+00,-1.326846599578857422e+00
2.609210968017578125e+00,3.181625604629516602e+00
4.301404476165771484e+00,4.016382217407226562e+00
5.959010124206542969e+00,-6.639787554740905762e-01
1.549799561500549316e+00,3.064405202865600586e+00
4.717851161956787109e+00,1.433056831359863281e+00
2.035931587219238281e+00,2.885565996170043945e+00
-1.119920015335083008e+00,-4.075417995452880859e+00
-9.070274353027343750e+00,-2.918816566467285156e+00
-5.670804023742675781e+00,-7.833586335182189941e-01
2.702605485916137695e+00,1.014714956283569336e+00
-3.809254407882690430e+00,-1.038232207298278809e+00
6.795754432678222656e+00,-2.193645201623439789e-02
6.275655269622802734e+00,4.109640598297119141e+00
-3.464731931686401367e+00,-1.460109353065490723e+00
4.871326446533203125e+00,-4.278840869665145874e-02
-7.571368217468261719e+00,3.007007598876953125e+00
-6.314702033996582031e+00,-1.220785737037658691e+00
1.380464553833007812e+00,3.178791999816894531e+00
-4.102434158325195312e+00,-4.216392040252685547e+00
5.566838741302490234e+00,2.100868940353393555e+00
-6.835120677947998047e+00,-1.720356225967407227e+00
2.136519670486450195e+00,3.813175678253173828e+00
6.611350536346435547e+00,-7.477387785911560059e-01
7.151122570037841797e+00,-4.650487422943115234e+00
-4.870111465454101562e+00,5.671476125717163086e-01
5.709666728973388672e+00,-8.072272539138793945e-01
6.609002113342285156e+00,5.123291611671447754e-01
-2.277133941650390625e+00,1.383102774620056152e+00
-2.963317394256591797e+00,-7.799463272094726562e-01
-4.585286140441894531e+00,-5.087947845458984375e-01
-5.736756801605224609e+00,-1.078708529472351074e+00
5.138350963592529297e+00,3.114583492279052734e+00
-3.227938413619995117e+00,-4.201398193836212158e-01
6.482916355133056641e+00,-3.268444061279296875e+00
5.987870216369628906e+00,-7.939441800117492676e-01
6.143701076507568359e+00,-4.708615303039550781e+00
1.795423150062561035e+00,2.554643869400024414e+00
-5.716350078582763672e+00,2.836190350353717804e-02
7.733591556549072266e+00,3.221088647842407227e+00
-2.338503599166870117e+00,3.041908442974090576e-01
-2.266063690185546875e+00,-3.261953115463256836e+00
-6.699874401092529297e+00,1.498459577560424805e+00
6.789114952087402344e+00,-5.026740074157714844e+00
-3.978317022323608398e+00,-2.792751550674438477e+00
-6.062814235687255859e+00,1.921708941459655762e+00
-4.514450073242187500e+00,6.089906021952629089e-02
5.722824573516845703e+00,-2.869251251220703125e+00
3.835652589797973633e+00,3.965437650680541992e+00
-2.571777105331420898e+00,-8.448431491851806641e-01
5.844649314880371094e+00,3.920575380325317383e+00
6.156899929046630859e+00,2.696044206619262695e+00
6.142361640930175781e+00,4.352889060974121094e+00
6.998142242431640625e+00,-4.928758621215820312e+00
-5.744824409484863281e+00,-1.160595536231994629e+00
-2.054349660873413086e+00,-3.977202892303466797e+00
-2.175843000411987305e+00,1.456988215446472168e+00
3.921810388565063477e+00,1.102924719452857971e-01
-8.039446830749511719e+00,-3.429247140884399414e+00
6.328480243682861328e+00,-2.125767469406127930e+00
6.877587318420410156e+00,-4.297028541564941406e+00
-6.736882686614990234e+00,-4.836594164371490479e-01
3.434047698974609375e+00,4.485319614410400391e+00
-3.231223583221435547e+00,-5.389901995658874512e-01
-9.331424832344055176e-01,-2.586890220642089844e+00
5.624525070190429688e+00,-3.827124357223510742e+00
-5.398420810699462891e+00,9.124640226364135742e-01
-6.270937442779541016e+00,1.730105280876159668e+00
-4.421767234802246094e+00,7.818310260772705078e-01
6.199758052825927734e+00,-3.561580181121826172e+00
2.553313493728637695e+00,4.108280658721923828e+00
-3.068205833435058594e+00,5.615966916084289551e-01
-8.223137259483337402e-01,-3.360693216323852539e+00
5.000889778137207031e+00,-1.490998029708862305e+00
1.561795473098754883e-01,2.840810537338256836e+00
-9.263738393783569336e-01,8.113492727279663086e-01
5.576068401336669922e+00,-7.295289635658264160e-01
-7.225866794586181641e+00,-3.152056455612182617e+00
-5.959194660186767578e+00,1.321887493133544922e+00
-5.793257713317871094e+00,3.027051687240600586e+00
7.195089340209960938e+00,-9.149894118309020996e-01
-3.770746231079101562e+00,-3.673643827438354492e+00
5.500534057617187500e+00,3.812655210494995117e+00
4.196637153625488281e+00,4.105189800262451172e+00
-4.628651618957519531e+00,-1.475408375263214111e-01
5.909186840057373047e+00,3.926425218582153320e+00
4.007013797760009766e+00,3.332120180130004883e+00
5.966111183166503906e+00,-2.061726331710815430e+00
-4.121008872985839844e+00,6.831387877464294434e-01
-3.695808172225952148e+00,-5.686815977096557617e-01
1.529153943061828613e+00,3.343049049377441406e+00
-4.262746810913085938e+00,-3.754505157470703125e+00
-1.974536061286926270e+00,-8.422384411096572876e-02
2.979992866516113281e+00,3.638561487197875977e+00
7.750164508819580078e+00,3.308020830154418945e+00
-7.975969791412353516e+00,-1.618657708168029785e+00
-4.176909446716308594e+00,-2.813820838928222656e+00
-5.998961448669433594e+00,1.273411273956298828e+00
5.889866352081298828e+00,2.512183785438537598e-01
8.224804878234863281e+00,4.843800067901611328e+00
-2.220858812332153320e+00,6.450738012790679932e-02
-1.120646119117736816e+00,4.610797762870788574e-01
7.192364692687988281e+00,3.209690093994140625e+00
-6.006756782531738281e+00,8.239216804504394531e-01
5.716098785400390625e+00,-4.046537876129150391e+00
6.997030735015869141e+00,-3.979384183883666992e+00
-2.322348356246948242e+00,1.200113534927368164e+00
4.369432449340820312e+00,3.576659440994262695e+00
-3.996353864669799805e+00,1.414397835731506348e+00
-7.953234195709228516e+00,-3.652005910873413086e+00
7.876049995422363281e+00,-2.652552425861358643e-01
-6.913221836090087891e+00,-2.780953407287597656e+00
7.721071243286132812e+00,4.377123832702636719e+00
-3.682280540466308594e+00,-1.331657648086547852e+00
-4.697055339813232422e+00,-2.740615367889404297e+00
5.713917732238769531e+00,-3.765651464462280273e+00
-8.197104454040527344e+00,3.294353008270263672e+00
-2.680096149444580078e+00,1.409700036048889160e+00
-7.917902946472167969e+00,-1.915640354156494141e+00
8.129043579101562500e+00,-8.915169239044189453e-01
1.975377202033996582e+00,4.006343841552734375e+00
3.825638532638549805e+00,4.159998416900634766e+00
-1.720734238624572754e+00,-3.582873344421386719e+00
6.402097702026367188e+00,-3.995707750320434570e+00
6.206418991088867188e+00,4.508469581604003906e+00
7.197040557861328125e+00,2.307494543492794037e-02
-8.915524482727050781e-01,2.361543655395507812e+00
7.241955280303955078e+00,-1.550952196121215820e+00
7.199142456054687500e+00,-1.103913307189941406e+00
2.203712940216064453e+00,4.300714492797851562e+00
-1.389903545379638672e+00,-4.348256587982177734e+00
-1.178560256958007812e+00,-4.654815673828125000e+00
-1.400178074836730957e+00,2.085327386856079102e+00
-3.977506637573242188e+00,-1.677665948867797852e+00
5.466258525848388672e+00,3.586904764175415039e+00
-5.702275753021240234e+00,-1.368834614753723145e+00
-4.341858863830566406e+00,-2.793282032012939453e+00
-5.312231063842773438e+00,1.665001273155212402e+00
-8.533080220222473145e-01,-3.433472633361816406e+00
-2.556714296340942383e+00,-2.208695888519287109e+00
7.634858608245849609e+00,3.146810054779052734e+00
-1.525919079780578613e+00,-2.776976108551025391e+00
-5.365334510803222656e+00,2.845239877700805664e+00
-8.016754150390625000e+00,-3.401379823684692383e+00
-2.855492591857910156e+00,1.292469978332519531e+00
-4.382148265838623047e+00,-1.487938523292541504e+00
-4.557710170745849609e+00,-3.046447515487670898e+00
-4.813448905944824219e+00,-3.583322763442993164e+00
3.054973602294921875e+00,4.083436965942382812e+00
-2.677459239959716797e+00,-2.189788579940795898e+00
7.506771087646484375e+00,-5.431978225708007812e+00
-6.686651229858398438e+00,2.954154729843139648e+00
5.118778347969055176e-01,8.171901106834411621e-01
-8.637125015258789062e+00,-3.612014055252075195e+00
2.200276374816894531e+00,4.266424655914306641e+00
3.875380277633666992e+00,4.167006015777587891e+00
-4.447369098663330078e+00,2.302555561065673828e+00
-2.717489957809448242e+00,1.694599509239196777e+00
5.813349246978759766e+00,4.125190734863281250e+00
-4.334408760070800781e+00,-1.915520876646041870e-01
-1.114752054214477539e+00,1.112970590591430664e+00
-4.550260543823242188e+00,-1.722944855690002441e+00
-6.604001998901367188e+00,1.014542341232299805e+00
-7.756235599517822266e+00,2.609139204025268555e+00
1.586033105850219727e+00,4.221866607666015625e+00
6.365322113037109375e+00,2.549432031810283661e-02
5.822187900543212891e+00,-4.024320602416992188e+00
2.258141040802001953e+00,4.331774234771728516e+00
1.543447613716125488e+00,4.030234813690185547e+00
-4.986672401428222656e+00,-6.210385560989379883e-01
-8.205967903137207031e+00,3.247239828109741211e+00
-2.615330457687377930e+00,6.675627231597900391e-01
-2.294876575469970703e+00,-1.807778120040893555e+00
7.782493114471435547e+00,-1.787052154541015625e-01
7.371341228485107422e+00,-1.564864158630371094e+00
-8.758959770202636719e+00,-2.266399383544921875e+00
-4.782781600952148438e+00,1.621489048004150391e+00
-8.073744773864746094e+00,3.052826404571533203e+00
3.975896358489990234e+00,1.693815469741821289e+00
-5.553738117218017578e+00,2.507016658782958984e+00
-5.015206336975097656e+00,1.234286427497863770e+00
6.809191226959228516e+00,-4.718776226043701172e+00
-8.045167922973632812e+00,-3.248431444168090820e+00
-6.873289108276367188e+00,-3.090013504028320312e+00
-4.221749782562255859e+00,-1.948814988136291504e+00
4.632752895355224609e+00,1.454373002052307129e-01
-4.418035030364990234e+00,-4.940296411514282227e-01
-4.818056106567382812e+00,-3.056575775146484375e+00
6.136353015899658203e+00,-3.289440631866455078e+00
-6.265109062194824219e+00,2.543068170547485352e+00
4.527233123779296875e+00,2.762793064117431641e+00
3.492796182632446289e+00,4.290484428405761719e+00
-4.160114288330078125e+00,-1.652521967887878418e+00
-6.388298034667968750e+00,2.370143651962280273e+00
8.406851768493652344e+00,4.357348918914794922e+00
-5.509578704833984375e+00,-9.723643064498901367e-01
7.626021862030029297e+00,4.008941173553466797e+00
-4.889268398284912109e+00,2.526475429534912109e+00
4.536130905151367188e+00,2.264695644378662109e+00
-5.641945362091064453e+00,2.322198629379272461e+00
1.574612855911254883e+00,3.928035974502563477e+00
-6.634225845336914062e+00,2.790312528610229492e+00
-4.492750644683837891e+00,2.376077175140380859e-01
7.698616504669189453e+00,-4.761636257171630859e+00
-6.521619319915771484e+00,-1.229759976267814636e-01
-1.817265987396240234e+00,-1.632894277572631836e+00
4.605518341064453125e+00,3.650900363922119141e+00
5.054101943969726562e+00,-1.883117109537124634e-02
6.989900112152099609e+00,-5.159282684326171875e+00
-6.601404666900634766e+00,2.663267374038696289e+00
-1.748136878013610840e+00,-4.184884071350097656e+00
-6.494049549102783203e+00,-1.606016635894775391e+00
-8.255385398864746094e+00,2.967406511306762695e+00
-4.907558917999267578e+00,1.393182277679443359e-01
-5.668454647064208984e+00,1.438415288925170898e+00
-7.988383769989013672e+00,-2.030273437500000000e+00
2.859630584716796875e+00,3.728225469589233398e+00
2.570806026458740234e+00,4.609384059906005859e+00
6.103225231170654297e+00,-4.496861934661865234e+00
-1.551111459732055664e+00,-3.537486076354980469e+00
-6.314895629882812500e+00,1.041597366333007812e+00
5.020034790039062500e+00,-9.874393939971923828e-01
6.082642078399658203e+00,-1.397358775138854980e+00
9.574242830276489258e-01,3.717613458633422852e+00
-4.699710369110107422e+00,-1.714711904525756836e+00
-5.338049888610839844e+00,-3.643822669982910156e-01
-5.790771484375000000e+00,-3.336881697177886963e-01
-2.547407627105712891e+00,-2.263960838317871094e+00
6.227299213409423828e+00,4.129436969757080078e+00
-2.356439352035522461e+00,4.177179038524627686e-01
4.567749500274658203e+00,3.445801496505737305e+00
6.494727611541748047e+00,-1.442367792129516602e+00
-7.605233192443847656e+00,-1.983252406120300293e+00
-6.703200340270996094e+00,-2.476698398590087891e+00
4.387500762939453125e+00,3.147293806076049805e+00
-4.193350315093994141e+00,-5.680239796638488770e-01
-6.152064323425292969e+00,1.921174645423889160e+00
6.456295967102050781e+00,4.512188434600830078e+00
-1.778153538703918457e+00,8.725210428237915039e-01
-1.697387337684631348e+00,-4.610239982604980469e+00
-3.282250881195068359e+00,-2.905109167098999023e+00
4.087718486785888672e+00,3.701916217803955078e+00
-8.709262013435363770e-01,6.578559279441833496e-01
-9.683434963226318359e-01,-2.471428155899047852e+00
-4.020787239074707031e+00,1.685348987579345703e+00
6.627441406250000000e+00,4.022038459777832031e+00
6.350572586059570312e+00,4.256256580352783203e+00
-2.364118814468383789e+00,-2.298781394958496094e+00
3.542602539062500000e+00,4.981416225433349609e+00
-3.014886617660522461e+00,-1.385669827461242676e+00
6.748686790466308594e+00,-3.148535192012786865e-01
5.074769020080566406e+00,-1.497463107109069824e+00
-4.286067962646484375e+00,-3.996268510818481445e+00
-4.144363403320312500e+00,-2.257122039794921875e+00
-5.655869960784912109e+00,2.160352468490600586e+00
-5.380833625793457031e+00,8.615032434463500977e-01
-3.487200498580932617e+00,-2.314007520675659180e+00
-8.197445869445800781e+00,-2.175627231597900391e+00
-1.504330873489379883e+00,1.041133403778076172e+00
-5.786819934844970703e+00,8.327054381370544434e-01
6.478501319885253906e+00,-5.022455215454101562e+00
3.927584171295166016e+00,4.829262733459472656e+00
-6.690279483795166016e+00,7.174604535102844238e-01
-1.781290054321289062e+00,1.933739066123962402e+00
-6.390217781066894531e+00,7.771598696708679199e-01
-3.608489036560058594e+00,1.076787188649177551e-01
-8.191282272338867188e+00,3.192783355712890625e+00
6.164659976959228516e+00,-4.745362281799316406e+00
-1.206770896911621094e+00,5.063873529434204102e-01
-5.507188439369201660e-01,1.967960357666015625e+00
4.723914623260498047e+00,1.768933057785034180e+00
-1.578685045242309570e+00,-3.189429044723510742e+00
5.062000274658203125e+00,3.302383795380592346e-02
-5.827424049377441406e+00,2.223825931549072266e+00
6.854613780975341797e+00,3.913572311401367188e+00
-2.356534004211425781e+00,2.054260969161987305e-01
-4.080318450927734375e+00,2.223118066787719727e+00
6.808668136596679688e+00,-4.461555004119873047e+00
-9.882098436355590820e-01,-2.492385864257812500e+00
-1.114598631858825684e+00,-2.481563806533813477e+00
-1.004841327667236328e+00,2.185276508331298828e+00
-3.208642244338989258e+00,9.596393108367919922e-01
-2.099336147308349609e+00,1.067450523376464844e+00
5.491227626800537109e+00,4.001684665679931641e+00
6.464425563812255859e+00,-1.508760452270507812e+00
-5.715594768524169922e+00,1.505348682403564453e+00
8.133811950683593750e+00,-1.271007418632507324e+00
-3.610627412796020508e+00,1.467321217060089111e-01
6.033616065979003906e+00,-1.883144140243530273e+00
-9.516722559928894043e-01,-3.999033212661743164e+00
-4.628297328948974609e+00,-3.438249349594116211e+00
-4.308897495269775391e+00,-4.115602016448974609e+00
2.673315048217773438e+00,4.078447818756103516e+00
-7.158110141754150391e+00,2.752497673034667969e+00
-5.180371284484863281e+00,2.104339897632598877e-01
5.074121475219726562e+00,-1.823358774185180664e+00
-6.312895298004150391e+00,1.797722458839416504e+00
-4.447942256927490234e+00,-1.765408277511596680e+00
1.240865588188171387e+00,3.985387802124023438e+00
7.524020195007324219e+00,3.049845933914184570e+00
-4.558475017547607422e+00,-1.128513455390930176e+00
6.208361148834228516e+00,-1.301562637090682983e-01
6.376679420471191406e+00,2.376806020736694336e+00
-1.072033643722534180e+00,-3.361339330673217773e+00
7.476457118988037109e+00,4.246304988861083984e+00
-4.329664707183837891e+00,-2.457335472106933594e+00
-1.635806918144226074e+00,1.035980105400085449e+00
-2.941635370254516602e+00,5.589169859886169434e-01
-4.851660251617431641e+00,-2.222579240798950195e+00
1.499320268630981445e+00,3.398996591567993164e+00
-6.484246253967285156e+00,2.777895689010620117e+00
-4.446913719177246094e+00,-2.711980104446411133e+00
7.217442035675048828e+00,-4.679028511047363281e+00
5.120872974395751953e+00,2.985200166702270508e+00
9.098698943853378296e-02,1.891618132591247559e+00
-7.812300682067871094e+00,2.604394912719726562e+00
-4.897807121276855469e+00,-3.434561491012573242e+00
-5.665176391601562500e+00,1.480246543884277344e+00
-2.137529611587524414e+00,5.278292298316955566e-01
-4.910275936126708984e+00,2.385675668716430664e+00
-5.984507083892822266e+00,8.398470282554626465e-01
-2.522455930709838867e+00,-1.700733065605163574e+00
8.045876502990722656e+00,-6.942781209945678711e-01
-2.601073265075683594e+00,-2.901078701019287109e+00
7.209896564483642578e+00,-4.580894470214843750e+00
-4.217479228973388672e+00,-4.262367248535156250e+00
5.856025218963623047e+00,-1.136834502220153809e+00
-2.699454069137573242e+00,1.249937772750854492e+00
5.072825908660888672e+00,-3.293583154678344727e+00
-4.808295726776123047e+00,-3.092929601669311523e+00
-5.877013683319091797e+00,2.855001688003540039e+00
-8.114878654479980469e+00,3.336982011795043945e+00
6.369779586791992188e+00,-2.071983575820922852e+00
-1.242451190948486328e+00,-4.658606529235839844e+00
5.375500679016113281e+00,-3.298690557479858398e+00
-3.528864383697509766e+00,-1.568649649620056152e+00
4.295236587524414062e+00,3.235588550567626953e+00
4.668578624725341797e+00,1.208754897117614746e+00
8.376730233430862427e-02,2.483213424682617188e+00
-5.959985256195068359e+00,2.034597396850585938e+00
-1.682003259658813477e+00,-3.686272859573364258e+00
1.723895430564880371e+00,3.984801054000854492e+00
-8.749289512634277344e+00,-3.003010988235473633e+00
-6.888380050659179688e+00,1.490278601646423340e+00
-5.734336376190185547e+00,2.854677438735961914e+00
-1.192888975143432617e+00,-2.405021190643310547e+00
-5.551383972167968750e+00,2.128947019577026367e+00
-8.187335014343261719e+00,3.032275199890136719e+00
7.389632701873779297e+00,4.329696178436279297e+00
6.480015277862548828e+00,-1.474090218544006348e+00
-3.573016405105590820e+00,-2.991458654403686523e+00
-8.809679985046386719e+00,-3.412256956100463867e+00
-6.173764705657958984e+00,1.212730169296264648e+00
-7.829395294189453125e+00,-3.381275892257690430e+00
-8.722799301147460938e+00,-2.843512535095214844e+00
8.254681587219238281e+00,4.743051528930664062e+00
-2.543442249298095703e+00,6.849447488784790039e-01
-8.448497772216796875e+00,-3.627799510955810547e+00
-3.868841886520385742e+00,6.203287243843078613e-01
7.877267837524414062e+00,3.384489059448242188e+00
-4.572287559509277344e+00,-3.093880176544189453e+00
7.767550945281982422e+00,-5.257579803466796875e+00
-4.920449733734130859e+00,4.335701465606689453e-01
5.557109355926513672e+00,1.877349019050598145e+00
-3.595792293548583984e+00,3.710195124149322510e-01
-2.638558626174926758e+00,1.633420705795288086e+00
-6.603784084320068359e+00,-1.677189320325851440e-01
-9.716345071792602539e-01,2.346148490905761719e+00
6.055120944976806641e+00,-3.207251548767089844e+00
-7.851676940917968750e+00,-1.806841611862182617e+00
-4.166449546813964844e+00,-3.218239545822143555e+00
-1.645296335220336914e+00,9.046902656555175781e-01
3.030227899551391602e+00,4.020277976989746094e+00
-9.226163625717163086e-01,1.446617007255554199e+00
-3.682195425033569336e+00,-2.847763776779174805e+00
-4.294673442840576172e+00,-1.762004733085632324e+00
6.124096393585205078e+00,-3.043632507324218750e+00
-3.920650959014892578e+00,-1.143219828605651855e+00
-5.950815200805664062e+00,-1.368643760681152344e+00
-4.532674789428710938e+00,-3.908232688903808594e+00
-4.405419349670410156e+00,-3.502035140991210938e+00
4.908601760864257812e+00,-1.860502839088439941e+00
-8.294115066528320312e+00,3.077768325805664062e+00
-6.625415802001953125e+00,3.482183218002319336e+00
-1.231929183006286621e+00,-2.627886772155761719e+00
-7.191620349884033203e+00,-2.542797088623046875e+00
-7.033568859100341797e+00,3.037777185440063477e+00
-4.453391551971435547e+00,-3.987663030624389648e+00
-5.514253616333007812e+00,2.191247940063476562e+00
-5.728212356567382812e+00,-1.506852269172668457e+00
-7.927042484283447266e+00,2.744451284408569336e+00
-7.296261310577392578e+00,-2.650775909423828125e+00
-2.419261217117309570e+00,1.042698025703430176e+00
-5.014479160308837891e+00,-1.947314888238906860e-01
-2.915085315704345703e+00,-8.616684675216674805e-01
-2.465002298355102539e+00,6.223976612091064453e-01
-6.227552890777587891e+00,-8.373265862464904785e-01
-8.716292381286621094e+00,-2.178288936614990234e+00
-6.527697563171386719e+00,2.734849452972412109e+00
3.033677101135253906e+00,4.845129966735839844e+00
-5.790025711059570312e+00,-1.192100405693054199e+00
-6.898792266845703125e+00,1.465609073638916016e+00
7.627260208129882812e+00,-5.795292928814888000e-02
-2.599594593048095703e+00,8.676943182945251465e-01
-6.470588207244873047e+00,1.512152910232543945e+00
5.418158531188964844e+00,3.216744184494018555e+00
2.593048095703125000e+00,4.503240108489990234e+00
-1.246496200561523438e+00,-2.361299514770507812e+00
1.455374121665954590e+00,4.051969528198242188e+00
-7.636119842529296875e+00,-2.441815853118896484e+00
5.821346759796142578e+00,2.878700017929077148e+00
5.585076808929443359e+00,-4.034070491790771484e+00
-3.104874610900878906e+00,1.356069564819335938e+00
5.764004230499267578e+00,3.152460098266601562e+00
6.271753787994384766e+00,-1.217395305633544922e+00
7.294497013092041016e+00,-4.561554431915283203e+00
-7.089532375335693359e+00,3.145525455474853516e+00
-3.847362995147705078e+00,-1.726844549179077148e+00
-4.709269046783447266e+00,1.683482408523559570e+00
-6.477416992187500000e+00,2.088720560073852539e+00
-5.892843246459960938e+00,3.044566392898559570e+00
-5.421030044555664062e+00,2.398101091384887695e+00
-2.798198223114013672e+00,6.042951345443725586e-01
-8.907131195068359375e+00,-3.378872156143188477e+00
-7.470201492309570312e+00,2.312878370285034180e+00
3.455430984497070312e+00,4.416239261627197266e+00
-6.350972652435302734e+00,1.773908257484436035e+00
-2.528786897659301758e+00,7.095047235488891602e-01
7.659479141235351562e+00,-5.138983726501464844e+00
-6.442365646362304688e+00,1.215985655784606934e+00
-6.369350910186767578e+00,1.956332921981811523e+00
-1.920031428337097168e+00,-2.954936265945434570e+00
-2.454175710678100586e+00,-2.939756155014038086e+00
-4.626236438751220703e+00,-2.497212409973144531e+00
4.664111137390136719e+00,1.827405333518981934e+00
-3.860603570938110352e+00,-4.045259475708007812e+00
-5.005634784698486328e+00,1.599072575569152832e+00
7.728940010070800781e+00,-1.669353842735290527e-01
-5.481464862823486328e+00,2.552859306335449219e+00
7.888522624969482422e+00,-5.102931976318359375e+00
-1.461439132690429688e+00,-4.885098457336425781e+00
-7.557892799377441406e+00,-2.007432699203491211e+00
-8.213568687438964844e+00,-1.968588352203369141e+00
-4.799252986907958984e+00,-2.743656158447265625e+00
6.373418807983398438e+00,3.447374582290649414e+00
-4.411426067352294922e+00,-2.949687480926513672e+00
5.878303050994873047e+00,-4.274503707885742188e+00
-5.158809185028076172e+00,2.019382715225219727e+00
6.795000553131103516e+00,2.586134195327758789e+00
-3.986737728118896484e+00,-8.216598033905029297e-01
-4.107800006866455078e+00,1.233002662658691406e+00
-5.260741233825683594e+00,2.719497442245483398e+00
-5.800934314727783203e+00,1.675651907920837402e+00
-4.060635566711425781e+00,2.458439588546752930e+00
4.392879486083984375e+00,3.163087368011474609e+00
-4.740145206451416016e+00,-2.464677333831787109e+00
5.673869609832763672e+00,3.637198925018310547e+00
-1.749197602272033691e+00,-4.576879978179931641e+00
-1.924814105033874512e+00,9.130579233169555664e-01
6.078842639923095703e+00,-1.372513890266418457e+00
-4.571979522705078125e+00,4.007906317710876465e-01
7.549970626831054688e+00,4.280496120452880859e+00
-4.356315135955810547e+00,-1.189649581909179688e+00
-4.548501014709472656e+00,1.646517395973205566e+00
8.104002952575683594e+00,-7.991197705268859863e-01
5.094374656677246094e+00,-3.042794942855834961e+00
4.478554725646972656e+00,3.184607744216918945e+00
-4.550253391265869141e+00,2.177553892135620117e+00
4.432165145874023438e+00,4.219818115234375000e-01
-6.844922065734863281e+00,6.461035609245300293e-01
6.546403884887695312e+00,4.013645172119140625e+00
6.084264516830444336e-01,1.911446690559387207e+00
-4.537930488586425781e+00,-3.827037811279296875e-01
-6.271970748901367188e+00,2.380538702011108398e+00
-4.890952587127685547e+00,3.505434691905975342e-01
-8.006114959716796875e+00,-2.675583600997924805e+00
7.254614830017089844e+00,-1.311593532562255859e+00
-1.385281205177307129e+00,4.295861423015594482e-01
-1.482920646667480469e+00,-4.952561855316162109e+00
-2.731685876846313477e+00,-2.406496703624725342e-01
4.373670578002929688e+00,3.167756080627441406e+00
-5.469227790832519531e+00,1.468796491622924805e+00
-3.741866111755371094e+00,7.496826052665710449e-01
5.755741119384765625e+00,1.538777500391006470e-01
-1.068434238433837891e+00,-4.153223037719726562e+00
-7.318876266479492188e+00,2.982208251953125000e+00
3.279138803482055664e+00,4.887643337249755859e+00
-1.401948332786560059e+00,-2.669265031814575195e+00
3.671016216278076172e+00,5.011665344238281250e+00
-3.077113151550292969e+00,1.870650768280029297e+00
-6.431788921356201172e+00,-6.150357797741889954e-02
-3.152827262878417969e+00,1.643505215644836426e+00
-5.000874996185302734e+00,4.434807300567626953e-01
6.960218906402587891e+00,2.526391029357910156e+00
-1.225113034248352051e+00,-2.491085529327392578e+00
-2.081602096557617188e+00,-3.118419647216796875e+00
6.469386100769042969e+00,-4.420083522796630859e+00
-5.952589988708496094e+00,2.068034172058105469e+00
-5.211008071899414062e+00,4.767787456512451172e-01
6.893143653869628906e+00,4.478184700012207031e+00
6.659747123718261719e+00,-1.608353018760681152e+00
-5.687995433807373047e+00,-1.139686107635498047e+00
6.328691005706787109e+00,-4.934199810028076172e+00
5.770650863647460938e+00,-1.132998704910278320e+00
-3.535233020782470703e+00,-3.579069375991821289e+00
4.547292232513427734e+00,-1.060608848929405212e-01
3.435921192169189453e+00,4.908554553985595703e+00
6.734530448913574219e+00,-1.778409004211425781e+00
1.603735089302062988e+00,9.485114812850952148e-01
-1.746974468231201172e+00,8.169266581535339355e-01
-3.422757148742675781e+00,1.195113539695739746e+00
7.552999019622802734e+00,3.882341623306274414e+00
-7.407734870910644531e+00,3.451581716537475586e+00
1.590637087821960449e+00,4.562629461288452148e-01
4.336093902587890625e+00,-9.638792872428894043e-01
-2.016220986843109131e-01,2.196602106094360352e+00
7.630824089050292969e+00,4.274893283843994141e+00
3.486862182617187500e+00,4.064484119415283203e+00
-8.184722900390625000e+00,-1.976653575897216797e+00
-8.607938766479492188e+00,-2.946918487548828125e+00
8.441594123840332031e+00,4.388164997100830078e+00
-6.480117321014404297e+00,-1.572083711624145508e+00
6.140853404998779297e+00,-2.336551696062088013e-01
-4.703150749206542969e+00,2.593497037887573242e+00
4.861163616180419922e+00,-2.659836530685424805e+00
4.412018299102783203e+00,-2.092484712600708008e+00
-7.501862525939941406e+00,2.352066516876220703e+00
-6.821266174316406250e+00,3.031144142150878906e+00
-6.422448635101318359e+00,1.374127864837646484e-01
1.643154263496398926e+00,3.351078033447265625e+00
-4.191770076751708984e+00,6.414632797241210938e-01
-8.884482383728027344e+00,-2.351634740829467773e+00
6.000820636749267578e+00,-3.905169248580932617e+00
-3.558180093765258789e+00,-2.439207792282104492e+00
-5.699177265167236328e+00,-7.136397361755371094e-01
6.500401973724365234e+00,-5.147383213043212891e+00
6.367532730102539062e+00,-5.001710891723632812e+00
7.373079776763916016e+00,4.708287239074707031e+00
2.388385772705078125e+00,5.346570491790771484e+00
6.285140037536621094e+00,-3.894569158554077148e+00
5.697951465845108032e-02,2.406617641448974609e+00
-4.188006401062011719e+00,5.172291994094848633e-01
-4.250668525695800781e+00,-2.114988803863525391e+00
4.177021503448486328e+00,-3.601392209529876709e-01
7.129897594451904297e+00,-7.974851727485656738e-01
-6.673322677612304688e+00,3.095642566680908203e+00
-1.198651552200317383e+00,4.611891210079193115e-01
-2.461045265197753906e+00,-1.717415928840637207e+00
-4.247244358062744141e+00,-1.184251070022583008e+00
-4.664316177368164062e+00,2.352547883987426758e+00
-8.801996231079101562e+00,-2.396596431732177734e+00
5.176777362823486328e+00,-8.896730542182922363e-01
-9.107158660888671875e+00,-3.305940866470336914e+00
6.103339195251464844e+00,1.518287509679794312e-01
6.440093994140625000e+00,2.683838129043579102e+00
6.259602069854736328e+00,4.523478031158447266e+00
-8.428395271301269531e+00,-2.234015226364135742e+00
-1.455481171607971191e+00,-1.575567364692687988e+00
-2.638178110122680664e+00,-2.902837514877319336e+00
-4.507977485656738281e+00,8.731483817100524902e-01
-4.285301685333251953e+00,-1.468404173851013184e+00
-3.911360740661621094e+00,2.313899993896484375e+00
-7.714365005493164062e+00,4.953544735908508301e-01
1.217325806617736816e+00,3.491679668426513672e+00
6.370242595672607422e+00,-9.297159910202026367e-01
4.369133949279785156e+00,2.089689254760742188e+00
-1.590992927551269531e+00,-3.534171342849731445e+00
6.675973415374755859e+00,2.805673360824584961e+00
7.518018722534179688e+00,-5.504096508026123047e+00
-4.733477592468261719e+00,9.983869791030883789e-01
-4.301543235778808594e+00,8.073417544364929199e-01
3.761627912521362305e+00,2.297212839126586914e+00
-4.368825912475585938e+00,-1.597862839698791504e+00
-6.708368062973022461e-01,1.113408684730529785e+00
5.943750381469726562e+00,-5.170140266418457031e-01
2.585092782974243164e+00,4.498724460601806641e+00
-2.544090747833251953e+00,-8.886761665344238281e-01
6.791244506835937500e+00,4.112526893615722656e+00
6.833579540252685547e+00,-6.695751547813415527e-01
-5.705430507659912109e+00,-1.559936285018920898e+00
-8.329539299011230469e+00,2.983536243438720703e+00
-7.223552703857421875e+00,3.318137645721435547e+00
-1.367788672447204590e+00,9.004800319671630859e-01
-4.105539798736572266e+00,-2.207794189453125000e+00
5.497112274169921875e+00,-3.432450294494628906e+00
4.020033836364746094e+00,3.757543563842773438e+00
-8.057386398315429688e+00,-3.411629199981689453e+00
6.297373294830322266e+00,-3.749562978744506836e+00
5.243607521057128906e+00,1.383046269416809082e+00
-4.833536148071289062e+00,-2.596684455871582031e+00
-7.872511863708496094e+00,2.991179704666137695e+00
-4.704466819763183594e+00,2.764615118503570557e-01
-8.209200859069824219e+00,3.056513547897338867e+00
2.382808923721313477e+00,3.953358411788940430e+00
5.900730133056640625e+00,2.819158315658569336e+00
7.336617469787597656e+00,4.637849330902099609e-02
1.614989638328552246e+00,3.808181524276733398e+00
-5.100525379180908203e+00,1.092461824417114258e+00
-9.130980372428894043e-01,-2.910110950469970703e+00
8.113823890686035156e+00,-6.399564743041992188e-01
-7.379018783569335938e+00,-2.562806844711303711e+00
-6.146783828735351562e+00,2.917495727539062500e+00
-3.801168680191040039e+00,-3.006798267364501953e+00
-7.491621494293212891e+00,-2.206158876419067383e+00
-3.583261489868164062e+00,-3.742438316345214844e+00
5.833677291870117188e+00,-6.070731282234191895e-01
-2.495011091232299805e+00,-1.948579072952270508e+00
5.993121147155761719e+00,-3.964305639266967773e+00
6.735804677009582520e-01,2.308211088180541992e+00
-2.536686897277832031e+00,-2.106328010559082031e+00
-2.801050424575805664e+00,-9.250736236572265625e-02
5.531863212585449219e+00,-2.150739431381225586e+00
3.686179876327514648e+00,4.408271312713623047e+00
-3.721367835998535156e+00,-9.263232946395874023e-01
-4.487461566925048828e+00,1.455973982810974121e+00
8.155914306640625000e+00,-9.041241407394409180e-01
6.767704010009765625e+00,4.343007087707519531e+00
6.416780471801757812e+00,-4.270739555358886719e+00
6.264323234558105469e+00,-8.585546612739562988e-01
-1.172075271606445312e+00,-2.418576717376708984e+00
-5.391934394836425781e+00,8.506450653076171875e-01
-5.512777328491210938e+00,-7.765612751245498657e-02
6.742074966430664062e+00,-5.241230964660644531e+00
-4.387390136718750000e+00,-1.449584245681762695e+00
5.704004764556884766e+00,-4.087034702301025391e+00
6.118153572082519531e+00,-2.535886764526367188e+00
-5.932148456573486328e+00,9.045049548149108887e-01
6.455327510833740234e+00,4.471276760101318359e+00
8.427598953247070312e+00,4.605885028839111328e+00
7.613404750823974609e+00,-5.194510459899902344e+00
4.753436565399169922e+00,-3.791249990463256836e-01
-4.595782756805419922e+00,1.057507514953613281e+00
5.203502655029296875e+00,3.270171642303466797e+00
7.236577033996582031e+00,-5.310287475585937500e-01
-5.037419319152832031e+00,1.349963188171386719e+00
5.122467517852783203e+00,-3.358642578125000000e+00
6.480442523956298828e+00,-4.921652317047119141e+00
-9.079765319824218750e+00,-2.481567621231079102e+00
-2.734234094619750977e+00,1.967195153236389160e+00
-1.565540432929992676e+00,-1.270870208740234375e+00
-4.224422931671142578e+00,1.336728334426879883e+00
-7.726728916168212891e+00,-2.092127561569213867e+00
-4.444471359252929688e+00,1.062647581100463867e+00
-7.113681793212890625e+00,-2.328490495681762695e+00
8.048830986022949219e+00,-5.999408960342407227e-01
-7.268404960632324219e+00,-1.979570388793945312e+00
2.892795562744140625e+00,3.539540290832519531e+00
5.189167499542236328e+00,-3.357261419296264648e+00
-4.479487895965576172e+00,1.342569828033447266e+00
7.192708015441894531e+00,-5.239194631576538086e-02
-5.278461933135986328e+00,1.076975107192993164e+00
5.486194610595703125e+00,2.983354091644287109e+00
4.740379333496093750e+00,1.235451698303222656e+00
4.753197193145751953e+00,1.359856486320495605e+00
-2.829602241516113281e+00,7.595621943473815918e-01
7.015168666839599609e+00,-1.376772642135620117e+00
6.395322322845458984e+00,-4.942690372467041016e+00
-6.989264488220214844e+00,-2.831875801086425781e+00
-8.218585014343261719e+00,-3.342899322509765625e+00
2.814428567886352539e+00,4.614006519317626953e+00
-6.579796314239501953e+00,2.422096967697143555e+00
3.179617822170257568e-01,1.935036897659301758e+00
-2.354071617126464844e+00,-2.351222276687622070e+00
-3.354429244995117188e+00,-2.745724439620971680e+00
-1.994035720825195312e+00,-3.819634675979614258e+00
6.788204193115234375e+00,-5.768706202507019043e-01
-4.810206890106201172e+00,-2.990427732467651367e+00
-5.789433956146240234e+00,2.073889255523681641e+00
1.861231923103332520e+00,4.305381774902343750e+00
1.251927614212036133e+00,3.984531879425048828e+00
-6.810104846954345703e+00,7.651539444923400879e-01
-5.812952518463134766e+00,1.739818930625915527e+00
-3.407087802886962891e+00,-1.289644986391067505e-01
7.855889320373535156e+00,3.672662496566772461e+00
7.231846332550048828e+00,1.336870193481445312e-01
4.581738948822021484e+00,-1.522377133369445801e-01
-1.029184699058532715e+00,1.094602704048156738e+00
1.569166421890258789e+00,4.300853908061981201e-01
5.361269950866699219e+00,-2.969340085983276367e+00
-3.949594736099243164e+00,1.418989777565002441e+00
-4.370928764343261719e+00,-3.574972450733184814e-01
-8.444877624511718750e+00,-2.016740560531616211e+00
5.717648506164550781e+00,1.736654520034790039e+00
6.265741825103759766e+00,-3.016921043395996094e+00
-7.817350029945373535e-01,1.844678401947021484e+00
-1.227523684501647949e+00,-1.908133387565612793e+00
7.262557983398437500e+00,-4.591879367828369141e+00
7.092476844787597656e+00,-2.789008803665637970e-02
-7.353592395782470703e+00,3.440746307373046875e+00
6.683480739593505859e+00,2.791803836822509766e+00
6.933844566345214844e+00,3.119223833084106445e+00
6.459738731384277344e+00,-1.199618577957153320e+00
6.227517604827880859e+00,-2.005819797515869141e+00
-6.713839530944824219e+00,-9.785422086715698242e-01
8.312869071960449219e+00,-1.092429399490356445e+00
5.106360435485839844e+00,-1.476099133491516113e+00
-6.464275360107421875e+00,2.912473201751708984e+00
-4.312690496444702148e-01,2.621529817581176758e+00
-3.224624395370483398e+00,4.245802462100982666e-01
-9.035494804382324219e+00,-3.172743320465087891e+00
3.881627798080444336e+00,3.217848777770996094e+00
-2.167073965072631836e+00,7.637558579444885254e-01
-4.392561912536621094e+00,-1.603137016296386719e+00
-4.098649024963378906e+00,-1.192920088768005371e+00
4.051339626312255859e+00,4.863494396209716797e+00
6.865041255950927734e+00,3.628451824188232422e+00
-4.305336475372314453e+00,-2.416930198669433594e+00
6.942164421081542969e+00,3.932588815689086914e+00
6.807442188262939453e+00,-3.852186203002929688e+00
-4.223995208740234375e+00,1.257377862930297852e+00
-1.553172588348388672e+00,-2.755720615386962891e+00
-2.683430910110473633e+00,1.344734907150268555e+00
-2.104490041732788086e+00,-2.347690820693969727e+00
6.042132377624511719e+00,-3.071239404380321503e-02
-6.139554500579833984e+00,2.155689954757690430e+00
-2.249874591827392578e+00,8.775410652160644531e-01
-1.895356655120849609e+00,5.600388646125793457e-01
5.849927902221679688e+00,-1.128080129623413086e+00
-3.747968196868896484e+00,-1.216541171073913574e+00
-8.360836982727050781e+00,-3.506946086883544922e+00
-7.410264015197753906e+00,3.393542528152465820e+00
-2.665879011154174805e+00,-2.874081850051879883e+00
-2.240326404571533203e+00,-3.580819964408874512e-01
-7.160700321197509766e+00,2.945562124252319336e+00
-8.596802711486816406e+00,-3.149691820144653320e+00
-5.757359981536865234e+00,2.209967613220214844e+00
4.887032508850097656e+00,-1.481743335723876953e+00
6.420571804046630859e+00,2.618189811706542969e+00
-3.060082674026489258e+00,1.428579092025756836e-01
-8.437930107116699219e+00,-2.319205999374389648e+00
7.489992141723632812e+00,3.000495672225952148e+00
-7.364394187927246094e+00,-3.149193286895751953e+00
-4.793738842010498047e+00,1.541391134262084961e+00
3.748182773590087891e+00,4.761036396026611328e+00
7.256721496582031250e+00,2.912466287612915039e+00
1.818048834800720215e+00,4.264931678771972656e+00
-3.997124135494232178e-01,1.769950389862060547e+00
5.516746997833251953e+00,-1.600160360336303711e+00
-1.645592451095581055e+00,-7.393862605094909668e-01
-6.977232933044433594e+00,-9.966425895690917969e-01
7.043296337127685547e+00,3.931895732879638672e+00
3.473928689956665039e+00,3.861813783645629883e+00
-6.224623203277587891e+00,-1.100711584091186523e+00
-8.627469062805175781e+00,-2.368779420852661133e+00
2.374011993408203125e+00,3.339776277542114258e+00
-1.422008872032165527e+00,-2.477416038513183594e+00
7.908071041107177734e+00,-3.321948945522308350e-01
7.268526554107666016e+00,4.518390178680419922e+00
2.877595663070678711e+00,3.907863140106201172e+00
-5.506107330322265625e+00,1.453545570373535156e+00
3.442562103271484375e+00,4.575412750244140625e+00
6.744710922241210938e+00,-3.931548912078142166e-03
-9.173022270202636719e+00,-3.289559364318847656e+00
4.258698463439941406e+00,4.715004920959472656e+00
-4.764595985412597656e+00,-3.659451007843017578e+00
-1.117248535156250000e+00,-3.324949979782104492e+00
7.358301162719726562e+00,-5.133630275726318359e+00
-3.630872964859008789e+00,-4.670969247817993164e-01
6.856078147888183594e+00,3.022974729537963867e+00
-3.969926118850708008e+00,-2.374290972948074341e-01
-4.282245635986328125e+00,-1.472652435302734375e+00
-4.943220138549804688e+00,-5.547324419021606445e-01
6.747584342956542969e+00,-1.335034966468811035e+00
-6.255355834960937500e+00,-9.593131542205810547e-01
-7.472070217132568359e+00,2.760087966918945312e+00
-5.285856723785400391e+00,2.686612606048583984e+00
-5.978793144226074219e+00,1.350675225257873535e+00
7.613928318023681641e+00,-5.525535583496093750e+00
-7.361133098602294922e+00,2.242780685424804688e+00
-4.294356822967529297e+00,3.205943107604980469e-01
4.243353366851806641e+00,4.741613864898681641e+00
-2.081756353378295898e+00,2.058716058731079102e+00
-7.964843750000000000e+00,2.804248571395874023e+00
-1.570385575294494629e+00,4.383670389652252197e-01
-2.414999008178710938e+00,-1.902072072029113770e+00
-6.327409267425537109e+00,8.724947571754455566e-01
7.088050842285156250e+00,4.170669078826904297e+00
-4.830497741699218750e+00,-3.464554309844970703e+00
-4.391498088836669922e+00,-1.172991394996643066e+00
-8.301362037658691406e+00,-3.315295219421386719e+00
6.304605484008789062e+00,-3.403816938400268555e+00
7.377424716949462891e+00,-1.490251898765563965e+00
-4.001605033874511719e+00,-1.523712873458862305e+00
7.660555839538574219e+00,-5.592251777648925781e+00
-2.307496309280395508e+00,-2.908746957778930664e+00
2.038969755172729492e+00,4.444222927093505859e+00
4.410155773162841797e+00,-1.964506030082702637e+00
1.367547869682312012e+00,2.769101381301879883e+00
-4.416279792785644531e+00,1.123999595642089844e+00
3.788280010223388672e+00,4.970685482025146484e+00
-1.430981397628784180e+00,1.066507458686828613e+00
7.905746459960937500e+00,-3.397051393985748291e-01
-4.062942504882812500e+00,-2.164643049240112305e+00
-6.673043251037597656e+00,2.351514577865600586e+00
4.011704444885253906e+00,4.450627326965332031e+00
-6.451630592346191406e+00,1.650826334953308105e+00
-5.065810680389404297e+00,1.201692342758178711e+00
-3.890492200851440430e+00,3.157851696014404297e-01
5.464732050895690918e-01,3.261605024337768555e+00
-5.841391086578369141e+00,6.070349812507629395e-01
3.113219261169433594e+00,4.563212394714355469e+00
5.666000843048095703e+00,-3.941096305847167969e+00
-7.278305053710937500e+00,-2.378581047058105469e+00
-1.700438618659973145e+00,-1.581605315208435059e+00
6.625329971313476562e+00,-5.423968434333801270e-01
7.217055320739746094e+00,-1.095419749617576599e-01
3.015354871749877930e+00,3.699033498764038086e+00
-1.901795625686645508e+00,-4.097453117370605469e+00
-7.990400791168212891e+00,3.308840036392211914e+00
-7.011013507843017578e+00,-9.338319897651672363e-01
-1.536360621452331543e+00,-5.144648075103759766e+00
7.705738067626953125e+00,-5.433307647705078125e+00
-5.213679373264312744e-02,1.696552634239196777e+00
-4.209259986877441406e+00,1.115074753761291504e+00
-1.697509527206420898e+00,-4.789029598236083984e+00
-4.850301742553710938e+00,2.289861440658569336e+00
-7.457231044769287109e+00,-2.047907352447509766e+00
7.662488937377929688e+00,3.298734903335571289e+00
-5.159663677215576172e+00,-1.539530158042907715e+00
6.302372455596923828e+00,-1.226468324661254883e+00
8.230727195739746094e+00,4.787651538848876953e+00
-3.522083044052124023e+00,-3.657798290252685547e+00
5.952054023742675781e+00,-1.776527017354965210e-01
-9.247361421585083008e-01,1.515586256980895996e+00
-5.754401206970214844e+00,7.124207615852355957e-01
-3.555398702621459961e+00,-2.385204792022705078e+00
3.731972932815551758e+00,4.966369152069091797e+00
-1.026364445686340332e+00,8.484259247779846191e-01
-7.008658885955810547e+00,3.059364795684814453e+00
-8.266822814941406250e+00,-3.399121999740600586e+00
-4.248090267181396484e+00,-2.213198095560073853e-01
-4.136932849884033203e+00,2.482519388198852539e+00
-5.919598102569580078e+00,1.372521519660949707e+00
-5.641231536865234375e+00,1.610287666320800781e+00
8.368847846984863281e+00,4.550882816314697266e+00
-6.077988624572753906e+00,1.789090514183044434e+00
-4.561727046966552734e+00,-1.363232135772705078e+00
-2.484461307525634766e+00,-2.475519418716430664e+00
4.653314590454101562e+00,1.027734041213989258e+00
-6.270112991333007812e+00,1.984904170036315918e+00
-8.689721107482910156e+00,-2.083329200744628906e+00
-6.338606357574462891e+00,1.712664008140563965e+00
6.245374202728271484e+00,4.530077934265136719e+00
-7.437174797058105469e+00,-3.248779058456420898e+00
6.555384159088134766e+00,-4.366712570190429688e+00
7.924663543701171875e+00,3.801645755767822266e+00
-3.717883825302124023e+00,-7.036896944046020508e-01
-5.336946487426757812e+00,1.411019086837768555e+00
7.524376869201660156e+00,3.901576757431030273e+00
-8.023913383483886719e+00,-2.132827043533325195e+00
-5.281048297882080078e+00,2.082568407058715820e+00
6.582060813903808594e+00,-1.568043112754821777e+00
3.291931152343750000e+00,3.941212177276611328e+00
-4.812121868133544922e+00,-3.460660219192504883e+00
-4.947784423828125000e+00,2.054889917373657227e+00
2.828306198120117188e+00,3.985663890838623047e+00
-8.076541900634765625e+00,2.981518745422363281e+00
6.040821552276611328e+00,-1.140133142471313477e+00
6.186405181884765625e+00,-1.898033380508422852e+00
-6.587468147277832031e+00,-1.299969702959060669e-01
8.246384620666503906e+00,4.388795852661132812e+00
3.026694774627685547e+00,4.068990230560302734e+00
-9.095937728881835938e+00,-3.393709659576416016e+00
2.627965927124023438e+00,4.453348159790039062e+00
-3.591313660144805908e-01,1.775402188301086426e+00
-4.258691310882568359e+00,2.351032048463821411e-01
-1.196229934692382812e+00,-1.532599687576293945e+00
5.656834125518798828e+00,2.654670238494873047e+00
-1.264721393585205078e+00,1.153473258018493652e+00
-7.867856502532958984e+00,-1.707478523254394531e+00
5.757367134094238281e+00,-1.064146280288696289e+00
6.047675132751464844e+00,-4.428115367889404297e+00
-4.443753719329833984e+00,5.612131357192993164e-01
5.169353485107421875e-01,3.241548299789428711e+00
-5.908946514129638672e+00,-1.398936867713928223e+00
-3.118806838989257812e+00,-2.297580480575561523e+00
5.708391189575195312e+00,-1.802541375160217285e+00
-7.105411529541015625e+00,1.278380870819091797e+00
6.169277667999267578e+00,-2.471786260604858398e+00
-6.967508792877197266e+00,2.293166875839233398e+00
-6.027276515960693359e+00,3.250465869903564453e+00
-1.170137643814086914e+00,1.247608065605163574e+00
-4.236927986145019531e+00,-1.916243731975555420e-01
-2.402311801910400391e+00,-4.020034968852996826e-01
8.226895332336425781e+00,4.804806232452392578e+00
7.130638122558593750e+00,2.994851827621459961e+00
-6.072779178619384766e+00,2.627128124237060547e+00
2.471972227096557617e+00,4.274430751800537109e+00
2.970434665679931641e+00,3.806389093399047852e+00
-1.020681262016296387e+00,-4.358223915100097656e+00
2.933249235153198242e+00,3.997807741165161133e+00
-4.270137310028076172e+00,-2.585448265075683594e+00
6.716960906982421875e+00,-5.046376705169677734e+00
-6.335334300994873047e+00,-2.045200347900390625e+00
-4.593131542205810547e+00,1.876134872436523438e+00
3.947402715682983398e+00,3.270679712295532227e+00
8.305541038513183594e+00,-1.092766523361206055e+00
-2.614325761795043945e+00,1.360954165458679199e+00
-6.493075847625732422e+00,-6.723601371049880981e-02
-1.954924583435058594e+00,-4.374159336090087891e+00
-4.414677619934082031e+00,-1.528210520744323730e+00
7.179625630378723145e-01,3.456585168838500977e+00
3.534234523773193359e+00,4.395312786102294922e+00
4.112702846527099609e+00,4.420725822448730469e+00
-2.840075016021728516e+00,-2.574026107788085938e+00
-1.802543640136718750e+00,2.012653112411499023e+00
-6.856353282928466797e+00,1.412214875221252441e+00
-3.804330110549926758e+00,1.213782429695129395e+00
-7.903917789459228516e+00,-3.536057949066162109e+00
-4.995785236358642578e+00,-2.191706895828247070e-01
-3.665493249893188477e+00,1.140067696571350098e+00
-1.841040253639221191e+00,-2.749526500701904297e+00
7.399549007415771484e+00,3.677989959716796875e+00
5.679484844207763672e+00,-1.996521465480327606e-02
5.695504188537597656e+00,-3.598972082138061523e+00
3.226965188980102539e+00,4.576992511749267578e+00
7.564431190490722656e+00,-5.084585666656494141e+00
-6.646903038024902344e+00,1.668285369873046875e+00
-6.554399967193603516e+00,-2.316650301218032837e-01
-1.946701049804687500e+00,-3.397184312343597412e-01
5.006188869476318359e+00,1.705324053764343262e+00
9.747715592384338379e-01,2.957521200180053711e+00
-8.434798240661621094e+00,-2.892964601516723633e+00
2.106030844151973724e-02,2.246174573898315430e+00
6.797342300415039062e+00,-1.189111620187759399e-01
5.991024494171142578e+00,-3.224373102188110352e+00
-6.043495655059814453e+00,-1.308373570442199707e+00
-2.637928724288940430e+00,5.342440009117126465e-01
7.749450683593750000e+00,-5.357336044311523438e+00
3.982004404067993164e+00,3.324059247970581055e+00
6.800350666046142578e+00,-3.820063829421997070e+00
-6.799643993377685547e+00,7.762361764907836914e-01
2.592535257339477539e+00,3.305644989013671875e+00
-5.469024181365966797e+00,-1.167100071907043457e+00
-1.946311235427856445e+00,-3.542964458465576172e+00
5.947182178497314453e+00,-5.678414106369018555e-01
4.274092197418212891e+00,-1.788561344146728516e+00
-4.575860023498535156e+00,9.713604450225830078e-01
-1.593494534492492676e+00,-5.150103092193603516e+00
-4.909314632415771484e+00,1.663729071617126465e+00
-9.118085503578186035e-01,-3.174367666244506836e+00
5.392919063568115234e+00,-2.934026956558227539e+00
-8.481600761413574219e+00,-1.923381686210632324e+00
-7.243391990661621094e+00,-2.806346178054809570e+00
6.537909984588623047e+00,-1.594598054885864258e+00
4.958334922790527344e+00,5.661615729331970215e-01
6.959368705749511719e+00,-4.391288757324218750e+00
-4.737566947937011719e+00,-3.338003635406494141e+00
-4.948727607727050781e+00,-3.326496362686157227e+00
-9.610411524772644043e-01,1.352880001068115234e+00
4.737966537475585938e+00,-2.633118391036987305e+00
-2.168243885040283203e+00,-3.413216590881347656e+00
3.789814472198486328e+00,3.290936231613159180e+00
6.149774551391601562e+00,-2.836166858673095703e+00
-2.653536319732666016e+00,2.775766551494598389e-01
4.595067977905273438e+00,-1.689881920814514160e+00
5.739223957061767578e+00,-3.249263763427734375e+00
-4.820502758026123047e+00,2.345610618591308594e+00
-3.361109018325805664e+00,-9.267727136611938477e-01
-8.787800788879394531e+00,-3.316316604614257812e+00
4.096996784210205078e+00,-4.125109910964965820e-01
5.896903038024902344e+00,-5.062096118927001953e-01
-6.428595066070556641e+00,2.249705791473388672e+00
-2.101213932037353516e+00,9.537812471389770508e-01
-1.794170141220092773e+00,-1.296457201242446899e-01
6.091135978698730469e+00,2.856285333633422852e+00
-1.030712842941284180e+00,-3.072836637496948242e+00
-5.068246841430664062e+00,5.674499869346618652e-01
-4.065432548522949219e+00,-1.882224678993225098e+00
-6.776066303253173828e+00,-7.017401456832885742e-01
-2.963002204895019531e+00,1.904075980186462402e+00
-8.153034210205078125e+00,-2.696908235549926758e+00
7.432586193084716797e+00,-8.604068756103515625e-01
-3.010033130645751953e+00,-2.145690679550170898e+00
6.236755847930908203e+00,3.102517843246459961e+00
6.256491661071777344e+00,-9.163563847541809082e-01
-4.273939609527587891e+00,1.695914983749389648e+00
2.772013902664184570e+00,4.569171905517578125e+00
-7.700322151184082031e+00,2.566437959671020508e+00
-1.854891061782836914e+00,-4.725643157958984375e+00
-3.116636991500854492e+00,1.331929683685302734e+00
1.162269473075866699e+00,3.905876159667968750e+00
-1.693084239959716797e+00,4.802981317043304443e-01
4.233531951904296875e+00,1.328455448150634766e+00
5.963428497314453125e+00,1.596311032772064209e-01
-3.359760284423828125e+00,-1.118934273719787598e+00
6.583037853240966797e+00,3.829194784164428711e+00
-2.184861898422241211e+00,-2.528252601623535156e+00
7.690133094787597656e+00,-5.530532836914062500e+00
7.126439571380615234e+00,-4.892462253570556641e+00
-5.432535648345947266e+00,-5.740991234779357910e-01
-2.159419059753417969e+00,4.740791618824005127e-01
-4.041261672973632812e+00,-4.222684502601623535e-01
-5.831685066223144531e+00,-2.783149778842926025e-01
5.589521408081054688e+00,-1.101080775260925293e+00
6.151846408843994141e+00,-4.718762874603271484e+00
-5.453611016273498535e-01,1.095894813537597656e+00
-6.278954505920410156e+00,-1.469173729419708252e-01
7.480949878692626953e+00,-4.241791725158691406e+00
-5.492941856384277344e+00,-3.351741433143615723e-01
6.610663890838623047e+00,-4.771271705627441406e+00
6.698527336120605469e+00,2.815392494201660156e+00
6.815663337707519531e+00,-1.410509705543518066e+00
-7.694256901741027832e-01,8.057608604431152344e-01
-1.374435305595397949e+00,2.135679244995117188e+00
5.041337490081787109e+00,-3.087392091751098633e+00
6.891824245452880859e+00,-1.190797805786132812e+00
8.066148757934570312e+00,-7.027052044868469238e-01
-5.330951213836669922e+00,1.126382708549499512e+00
-4.141314506530761719e+00,-4.256351947784423828e+00
-3.428203582763671875e+00,1.610658884048461914e+00
-2.732763051986694336e+00,1.580875635147094727e+00
2.405488491058349609e+00,3.228396654129028320e+00
-5.003937244415283203e+00,4.063224196434020996e-01
-4.273790836334228516e+00,4.735016822814941406e-01
-1.975412726402282715e+00,-2.906767845153808594e+00
7.183970451354980469e+00,-4.186398029327392578e+00
-2.070856332778930664e+00,-3.202116966247558594e+00
-1.284176349639892578e+00,-2.809865474700927734e+00
4.272854328155517578e+00,-7.052730917930603027e-01
8.323523521423339844e+00,4.566271781921386719e+00
-7.912199020385742188e+00,-2.237413644790649414e+00
-5.508529186248779297e+00,1.329688906669616699e+00
-7.625464439392089844e+00,2.890014886856079102e+00
-4.485121726989746094e+00,1.719047546386718750e+00
7.835392951965332031e+00,-4.939809322357177734e+00
-6.605320930480957031e+00,-7.771543264389038086e-01
-9.550341963768005371e-01,5.070262551307678223e-01
-1.517651677131652832e+00,-9.608675837516784668e-01
7.043155670166015625e+00,4.569344043731689453e+00
-4.022109508514404297e+00,-2.792901039123535156e+00
-6.141249179840087891e+00,1.713472247123718262e+00
-6.779060840606689453e+00,9.293380975723266602e-01
-6.152391433715820312e+00,3.247249126434326172e+00
5.597340583801269531e+00,-4.048031568527221680e-01
4.970259666442871094e+00,3.236344575881958008e+00
7.912970066070556641e+00,3.782027482986450195e+00
-6.688326835632324219e+00,2.521462678909301758e+00
6.429122924804687500e+00,-3.151242494583129883e+00
4.333378791809082031e+00,4.644629001617431641e+00
-7.726829051971435547e+00,-2.764358997344970703e+00
-4.659208774566650391e+00,9.708899855613708496e-01
1.782783865928649902e+00,2.779855012893676758e+00
7.183945655822753906e+00,-2.404263764619827271e-01
-6.414748668670654297e+00,-1.348279356956481934e+00
-1.271078824996948242e+00,1.661370277404785156e+00
1.862218499183654785e+00,3.037886381149291992e+00
7.307290077209472656e+00,4.612466812133789062e+00
-2.457689523696899414e+00,-2.935945749282836914e+00
7.846527099609375000e+00,-5.308618545532226562e+00
-1.322810292243957520e+00,1.234947204589843750e+00
-6.734973430633544922e+00,-3.883846104145050049e-01
7.005815982818603516e+00,-3.934555351734161377e-01
6.663724899291992188e+00,-4.598433494567871094e+00
-5.806161403656005859e+00,-1.646095395088195801e+00
-6.784252166748046875e+00,-9.846344590187072754e-01
-1.563835620880126953e+00,-5.110229015350341797e+00
6.722703456878662109e+00,-4.216501235961914062e+00
3.843070030212402344e+00,9.201767854392528534e-03
-1.344829797744750977e+00,-2.280450582504272461e+00
4.743957996368408203e+00,3.733994722366333008e+00
-3.608214855194091797e+00,1.786431550979614258e+00
-2.594562530517578125e+00,1.132463455200195312e+00
1.927461862564086914e+00,2.733831167221069336e+00
-6.092789649963378906e+00,6.310462951660156250e-01
6.914048194885253906e+00,4.510555267333984375e+00
-4.542863368988037109e+00,-1.341650843620300293e+00
7.793540954589843750e+00,3.550256967544555664e+00
-3.226249694824218750e+00,-1.734527111053466797e+00
1.305628180503845215e+00,3.888333320617675781e+00
6.373690128326416016e+00,4.254163265228271484e+00
-7.005387306213378906e+00,1.269390940666198730e+00
-5.037241458892822266e+00,1.616531372070312500e+00
7.624556064605712891e+00,-5.525222301483154297e+00
-4.199419498443603516e+00,1.186499595642089844e+00
-4.426163196563720703e+00,1.831138014793395996e+00
2.941715955734252930e+00,3.865227460861206055e+00
-5.674803733825683594e+00,1.871560096740722656e+00
3.900341033935546875e+00,3.447988986968994141e+00
-3.679204702377319336e+00,-1.607501626014709473e+00
6.380564689636230469e+00,-5.038994789123535156e+00
-2.208428382873535156e+00,-2.276012659072875977e+00
1.138425111770629883e+00,3.868914127349853516e+00
4.108586788177490234e+00,3.840466976165771484e+00
5.818632125854492188e+00,-2.814764738082885742e+00
-6.450934410095214844e+00,2.442729234695434570e+00
5.111070156097412109e+00,-6.944563984870910645e-01
4.736188888549804688e+00,-4.071241319179534912e-01
-7.359717369079589844e+00,-1.748116135597229004e+00
5.890806674957275391e+00,-3.182510137557983398e+00
-6.708755970001220703e+00,-2.506323814392089844e+00
6.054673194885253906e+00,-3.922307968139648438e+00
-4.732802867889404297e+00,-1.603869438171386719e+00
-8.486882448196411133e-01,-8.120851218700408936e-02
-1.484494209289550781e+00,-5.178739070892333984e+00
1.238031983375549316e+00,3.119073152542114258e+00
5.089742660522460938e+00,-6.920646429061889648e-01
-6.326918601989746094e+00,3.360543489456176758e+00
3.954614698886871338e-01,2.027323484420776367e+00
4.344280719757080078e+00,2.327860355377197266e+00
2.537603139877319336e+00,3.380723953247070312e+00
6.860537528991699219e+00,-3.934251070022583008e+00
-2.547051906585693359e+00,-2.343190431594848633e+00
6.372996330261230469e+00,1.758017390966415405e-01
-2.071432828903198242e+00,-3.036349296569824219e+00
7.048280239105224609e+00,-3.936619043350219727e+00
5.741070270538330078e+00,3.277142047882080078e-01
-7.201868295669555664e-01,7.212924957275390625e-01
7.605385303497314453e+00,-4.382706642150878906e+00
5.748373508453369141e+00,-1.054573774337768555e+00
-1.216828346252441406e+00,-1.516179561614990234e+00
-6.695216655731201172e+00,7.510598897933959961e-01
-9.154864311218261719e+00,-3.193695068359375000e+00
2.636940717697143555e+00,4.400990486145019531e+00
-2.778395652770996094e+00,2.460808753967285156e-01
1.483949899673461914e+00,3.137871742248535156e+00
1.477830052375793457e+00,4.035646915435791016e+00
5.648365497589111328e+00,5.039697289466857910e-01
-4.188023567199707031e+00,2.126584768295288086e+00
7.630581378936767578e+00,3.969822883605957031e+00
6.513533115386962891e+00,-6.076757311820983887e-01
-4.086910724639892578e+00,-1.588247060775756836e+00
-6.205883502960205078e+00,3.065771341323852539e+00
-3.571069717407226562e+00,-1.003795742988586426e+00
-4.447340488433837891e+00,2.021394014358520508e+00
5.798203945159912109e+00,3.497822523117065430e+00
-2.359175682067871094e+00,-2.209859132766723633e+00
6.894160270690917969e+00,4.119393825531005859e+00
-1.174073219299316406e+00,-4.630326747894287109e+00
-6.218319892883300781e+00,1.836276888847351074e+00
-2.887844324111938477e+00,6.917448043823242188e-01
-5.309592723846435547e+00,1.420677781105041504e+00
-4.035718441009521484e+00,-4.279633760452270508e-01
-7.523639202117919922e+00,-1.498023986816406250e+00
-6.812063217163085938e+00,3.241470575332641602e+00
6.847118377685546875e+00,-1.423559784889221191e+00
-4.891877174377441406e+00,1.173073410987854004e+00
-1.178675703704357147e-02,2.370802640914916992e+00
-4.187846183776855469e+00,-2.541252136230468750e+00
-4.449327945709228516e+00,1.120478630065917969e+00
-1.609076142311096191e+00,-5.033972263336181641e+00
7.675940513610839844e+00,-1.617329120635986328e-01
-8.009032249450683594e+00,-1.742744326591491699e+00
-2.264920473098754883e+00,-2.455968141555786133e+00
-7.679008245468139648e-01,2.146077871322631836e+00
-1.724329471588134766e+00,-3.055044651031494141e+00
7.254677772521972656e+00,-4.624171733856201172e+00
-2.706297874450683594e+00,1.457149267196655273e+00
-5.760566711425781250e+00,6.570897102355957031e-01
6.415697574615478516e+00,-4.387544631958007812e+00
5.421833038330078125e+00,-2.370634317398071289e+00
-6.481628417968750000e+00,-2.027251720428466797e-01
-5.520068645477294922e+00,-1.311894178390502930e+00
7.588655948638916016e+00,3.957829952239990234e+00
-5.451632499694824219e+00,1.579611659049987793e+00
-2.295587539672851562e+00,-1.457338690757751465e+00
-3.144710063934326172e+00,-1.605683922767639160e+00
1.542495965957641602e+00,3.270487546920776367e+00
6.234651088714599609e+00,4.522191047668457031e+00
6.058878898620605469e+00,-3.870920896530151367e+00
-6.153615951538085938e+00,3.279954910278320312e+00
-6.767621994018554688e+00,-2.464590787887573242e+00
-4.902599811553955078e+00,-4.878621697425842285e-01
-6.663781166076660156e+00,2.916815042495727539e+00
-4.294806957244873047e+00,-9.895081520080566406e-01
-7.816646575927734375e+00,-3.452813625335693359e+00
-5.201500892639160156e+00,2.169454097747802734e+00
-5.551421642303466797e+00,1.532209396362304688e+00
7.770831108093261719e+00,-1.136184409260749817e-01
8.500450134277343750e+00,4.455390453338623047e+00
-4.083585739135742188e+00,-2.644042730331420898e+00
-4.404276847839355469e+00,-4.884182810783386230e-01
7.268399238586425781e+00,3.399296283721923828e+00
2.710415124893188477e+00,3.517187833786010742e+00
-4.823394775390625000e+00,-8.120230436325073242e-01
5.141377449035644531e+00,-1.282672643661499023e+00
-2.589826345443725586e+00,-2.376390457153320312e+00
7.772210597991943359e+00,3.984940528869628906e+00
-4.194722652435302734e+00,-2.699895143508911133e+00
7.803785800933837891e+00,-3.033393621444702148e-01
-4.293043136596679688e+00,1.080366522073745728e-01
-3.040033817291259766e+00,-1.798647403717041016e+00
-8.079610824584960938e+00,-2.488697767257690430e+00
-5.584800720214843750e+00,-4.432802200317382812e-01
8.165411949157714844e+00,4.691005229949951172e+00
6.277773380279541016e+00,4.543941974639892578e+00
-6.637884140014648438e+00,-7.252420783042907715e-01
-3.004463672637939453e+00,4.832857847213745117e-01
-4.417055130004882812e+00,7.493419051170349121e-01
3.488675832748413086e+00,2.638074636459350586e+00
6.978346347808837891e+00,-3.899213314056396484e+00
4.383079528808593750e+00,-2.038138866424560547e+00
-5.520402431488037109e+00,1.962510824203491211e+00
-6.220059871673583984e+00,1.252352237701416016e+00
-2.677144289016723633e+00,3.954471945762634277e-01
4.037696838378906250e+00,-4.065995216369628906e-01
7.460848808288574219e+00,-1.515854954719543457e+00
6.014349937438964844e+00,-1.014421284198760986e-01
7.384873867034912109e+00,3.472141981124877930e+00
-7.647129058837890625e+00,2.226792335510253906e+00
7.403473377227783203e+00,9.708801656961441040e-02
6.211316585540771484e+00,-1.572244524955749512e+00
-8.625859260559082031e+00,-3.531607627868652344e+00
7.470534324645996094e+00,3.017960071563720703e+00
6.465205669403076172e+00,3.819808244705200195e+00
-6.373750209808349609e+00,-2.242144584655761719e+00
6.612905025482177734e+00,3.640142440795898438e+00
7.179522514343261719e+00,-4.616353034973144531e+00
3.342916965484619141e+00,2.773826599121093750e+00
6.008080005645751953e+00,-4.044453620910644531e+00
8.329034805297851562e+00,4.554196834564208984e+00
7.426871776580810547e+00,3.006947517395019531e+00
-9.173866271972656250e+00,-3.145708799362182617e+00
-7.487868309020996094e+00,2.491792678833007812e+00
6.494042873382568359e+00,-2.106828689575195312e+00
2.878965616226196289e+00,4.545707702636718750e+00
-7.766801357269287109e+00,-3.422457695007324219e+00
6.039012908935546875e+00,-3.164036035537719727e+00
-5.764231204986572266e+00,-1.209034863859415054e-02
-8.636100769042968750e+00,-3.467387676239013672e+00
-7.705079555511474609e+00,-2.416298866271972656e+00
-4.829505443572998047e+00,-1.044958114624023438e+00
-7.562766551971435547e+00,3.448006629943847656e+00
-7.674625873565673828e+00,-2.209039688110351562e+00
-5.322226047515869141e+00,1.756816267967224121e+00
-4.950762271881103516e+00,1.840561747550964355e+00
-4.966455459594726562e+00,1.981142044067382812e+00
-6.578268051147460938e+00,1.593655228614807129e+00
-6.960809707641601562e+00,-6.933014392852783203e-01
6.499439239501953125e+00,2.674882650375366211e+00
5.222890853881835938e+00,-3.087832212448120117e+00
-3.597646951675415039e+00,-3.558223962783813477e+00
-4.234977722167968750e+00,-1.313432812690734863e+00
-6.065211772918701172e+00,2.185533046722412109e+00
7.365408897399902344e+00,3.912018775939941406e+00
-6.527538776397705078e+00,2.291174411773681641e+00
-7.034942626953125000e+00,-2.809328317642211914e+00
4.276443958282470703e+00,4.536082744598388672e+00
7.791897773742675781e+00,3.600497007369995117e+00
-7.529192447662353516e+00,2.955305576324462891e+00
-1.782940864562988281e+00,-4.127224445343017578e+00
6.747051239013671875e+00,3.769868850708007812e+00
-3.925717592239379883e+00,-1.944725513458251953e+00
-7.208184242248535156e+00,-3.096994876861572266e+00
-7.358805179595947266e+00,2.768621683120727539e+00
-5.971621513366699219e+00,2.251041889190673828e+00
5.971832752227783203e+00,-4.451188564300537109e+00
8.270927429199218750e+00,4.387606143951416016e+00
5.043978214263916016e+00,-2.854742575436830521e-03
5.073314666748046875e+00,2.943456888198852539e+00
-1.401179790496826172e+00,-2.124108374118804932e-02
4.147171497344970703e+00,-6.535866856575012207e-02
-3.576066255569458008e+00,-4.301894903182983398e-01
-6.917594432830810547e+00,1.228934645652770996e+00
-3.459880352020263672e+00,-6.161704063415527344e-01
-6.081419467926025391e+00,1.779535293579101562e+00
-7.146590232849121094e+00,1.327961802482604980e+00
-1.899055719375610352e+00,2.096714377403259277e-01
-9.854589104652404785e-01,-3.846524953842163086e+00
-1.973262786865234375e+00,-4.253823757171630859e+00
6.293680191040039062e+00,2.855922460556030273e+00
-5.240438461303710938e+00,-1.425453901290893555e+00
3.371533393859863281e+00,5.044547557830810547e+00
-7.827610492706298828e+00,3.174130439758300781e+00
-4.377727508544921875e+00,1.380082607269287109e+00
-8.057252883911132812e+00,-2.316769838333129883e+00
6.432398796081542969e+00,-4.552331924438476562e+00
6.924649715423583984e+00,-4.422707080841064453e+00
-6.621064662933349609e+00,7.530013918876647949e-01
6.420873165130615234e+00,-1.318840146064758301e+00
5.765264511108398438e+00,-1.147156000137329102e+00
-7.106071472167968750e+00,-7.029247879981994629e-01
-6.039993762969970703e+00,-1.738167285919189453e+00
-2.313359737396240234e+00,-3.374431371688842773e+00
4.916863918304443359e+00,2.183910608291625977e-01
7.753096103668212891e+00,3.575447320938110352e+00
-6.230328083038330078e+00,1.300351500511169434e+00
4.649125099182128906e+00,2.127740383148193359e+00
4.035933494567871094e+00,9.817272424697875977e-02
-8.513604402542114258e-01,-3.239112854003906250e+00
7.003099918365478516e+00,4.407872676849365234e+00
6.413421154022216797e+00,2.187683820724487305e+00
1.216188907623291016e+00,3.590970754623413086e+00
-1.196634173393249512e+00,-1.623206883668899536e-01
-2.698024272918701172e+00,1.396796345710754395e+00
-5.549043178558349609e+00,-8.419948816299438477e-02
3.820570707321166992e+00,1.817846298217773438e+00
-1.370146155357360840e+00,-4.803621768951416016e+00
-2.136869907379150391e+00,2.060019731521606445e+00
-2.267821788787841797e+00,-3.665425777435302734e+00
5.084853649139404297e+00,-3.153324365615844727e+00
6.353337764739990234e+00,4.095775604248046875e+00
-1.500935912132263184e+00,-5.149906635284423828e+00
-4.055180549621582031e+00,2.099622011184692383e+00
-4.545420646667480469e+00,2.015343427658081055e+00
-3.582032680511474609e+00,-3.227992296218872070e+00
-2.752372980117797852e+00,-1.076186656951904297e+00
-5.361810684204101562e+00,1.532354593276977539e+00
7.748353958129882812e+00,4.344888687133789062e+00
-8.532637596130371094e+00,-2.891777992248535156e+00
4.993071079254150391e+00,-7.288559675216674805e-01
7.164898872375488281e+00,-4.057422637939453125e+00
-7.165334224700927734e+00,-2.445939302444458008e+00
-4.406632900238037109e+00,2.257266759872436523e+00
-4.657644271850585938e+00,-8.847917318344116211e-01
-8.281602263450622559e-01,7.322312593460083008e-01
5.402061462402343750e+00,2.913750171661376953e+00
5.750799179077148438e+00,-1.060907602310180664e+00
8.062160491943359375e+00,4.518176555633544922e+00
-6.139892101287841797e+00,8.181793093681335449e-01
-3.705812215805053711e+00,-9.726625680923461914e-01
5.920718669891357422e+00,3.411154270172119141e+00
6.986278533935546875e+00,-3.931355476379394531e+00
4.718666076660156250e+00,-2.718980610370635986e-01
3.680473566055297852e-01,2.112116813659667969e+00
-7.823586940765380859e+00,3.317765951156616211e+00
-5.848316550254821777e-01,9.654391407966613770e-01
5.132265567779541016e+00,3.274927854537963867e+00
-5.544216632843017578e+00,2.164272546768188477e+00
-8.902606964111328125e-01,1.587155818939208984e+00
-4.265273094177246094e+00,1.161778450012207031e+00
1.357262969017028809e+00,2.994858026504516602e+00
-8.880352973937988281e+00,-2.825340747833251953e+00
-4.873612880706787109e+00,2.319037675857543945e+00
6.396806240081787109e+00,-2.208369016647338867e+00
-7.872705936431884766e+00,-3.559706449508666992e+00
-7.062498092651367188e+00,-8.588541746139526367e-01
-4.930856704711914062e+00,1.375856637954711914e+00
4.681724071502685547e+00,1.784070014953613281e+00
-3.654463052749633789e+00,-1.251512169837951660e+00
7.721899509429931641e+00,3.171528339385986328e+00
-4.581839084625244141e+00,1.206114768981933594e+00
-4.336689949035644531e+00,-3.433234214782714844e+00
-6.266997337341308594e+00,2.152736902236938477e+00
7.233883857727050781e+00,-4.662683010101318359e+00
5.700160503387451172e+00,-3.490298986434936523e+00
-2.140019178390502930e+00,1.286584045737981796e-02
6.233442783355712891e+00,-2.795730829238891602e-01
-5.288170337677001953e+00,1.153888106346130371e+00
7.736992359161376953e+00,3.672023057937622070e+00
-8.100424766540527344e+00,3.362304210662841797e+00
-3.172068595886230469e+00,3.810852766036987305e-01
6.813704967498779297e+00,3.621161699295043945e+00
-5.486659049987792969e+00,-6.941448450088500977e-01
3.783963441848754883e+00,-2.902353415265679359e-03
1.075926780700683594e+00,2.328651666641235352e+00
7.865784168243408203e+00,3.301150798797607422e+00
4.427005350589752197e-01,2.161607980728149414e+00
-6.285769939422607422e+00,-6.519274711608886719e-01
5.372033596038818359e+00,-3.222054958343505859e+00
-3.967153310775756836e+00,1.634472608566284180e+00
-6.940743923187255859e+00,1.128092288970947266e+00
-6.045397281646728516e+00,2.168247461318969727e+00
-4.805643081665039062e+00,1.094496726989746094e+00
-7.099060058593750000e+00,-2.341481924057006836e+00
5.900509834289550781e+00,3.799701929092407227e+00
2.910022974014282227e+00,-8.261507153511047363e-01
-4.372612953186035156e+00,-2.788929939270019531e+00
-7.121204376220703125e+00,-7.603613734245300293e-01
-4.211758136749267578e+00,-4.261843204498291016e+00
-3.051252603530883789e+00,1.253327131271362305e+00
-4.983404159545898438e+00,-2.451964139938354492e+00
-4.567536830902099609e+00,1.334800243377685547e+00
5.469352245330810547e+00,1.611693620681762695e+00
6.250208377838134766e+00,-8.938410282135009766e-01
-7.528159141540527344e+00,-2.760676145553588867e+00
-5.200242519378662109e+00,-3.986794352531433105e-01
-6.993859291076660156e+00,-2.661338567733764648e+00
-5.245947360992431641e+00,-8.582784533500671387e-01
-4.478548526763916016e+00,1.279660701751708984e+00
-2.761000633239746094e+00,1.330817818641662598e+00
-1.246803879737854004e+00,-1.908786892890930176e+00
-9.882697463035583496e-01,-2.942746639251708984e+00
-3.590738058090209961e+00,-1.612374305725097656e+00
-4.915661811828613281e+00,-2.561391353607177734e+00
6.758375644683837891e+00,5.015654489398002625e-02
-6.297564506530761719e+00,1.766316413879394531e+00
6.278206825256347656e+00,4.507387638092041016e+00
-5.463003635406494141e+00,1.945412635803222656e+00
-1.398964762687683105e+00,1.542494177818298340e+00
-1.589704990386962891e+00,-2.907689571380615234e+00
7.847734928131103516e+00,4.378653526306152344e+00
-8.261957168579101562e+00,3.166831970214843750e+00
-3.723310232162475586e+00,1.204413399100303650e-01
6.303634643554687500e+00,-1.301656007766723633e+00
4.879498004913330078e+00,-2.999220132827758789e+00
-7.054800033569335938e+00,-2.298131942749023438e+00
-2.696896314620971680e+00,-9.743202328681945801e-01
-6.324233055114746094e+00,1.647398114204406738e+00
-5.713239669799804688e+00,2.145553827285766602e+00
-4.548997402191162109e+00,2.258266687393188477e+00
8.395059585571289062e+00,4.413368225097656250e+00
-7.217940807342529297e+00,2.914382696151733398e+00
-6.754381179809570312e+00,-1.848401904106140137e+00
4.868976116180419922e+00,5.882304906845092773e-01
-6.268562793731689453e+00,1.251443982124328613e+00
-2.878217458724975586e+00,-1.008909463882446289e+00
4.117501735687255859e+00,-2.127733230590820312e-01
-7.217225551605224609e+00,-6.886732578277587891e-01
7.686046600341796875e+00,-4.464780807495117188e+00
-8.048629760742187500e+00,-2.365898847579956055e+00
-3.415662050247192383e+00,-2.934054136276245117e+00
4.600539684295654297e+00,-3.453718423843383789e-01
-2.285209417343139648e+00,5.554420351982116699e-01
-6.776858806610107422e+00,2.966279268264770508e+00
-1.017834782600402832e+00,-2.596926927566528320e+00
-4.595226287841796875e+00,3.993312716484069824e-01
7.383484840393066406e+00,-5.954403281211853027e-01
7.237362384796142578e+00,-4.139995574951171875e+00
-4.283969879150390625e+00,-3.969486057758331299e-01
4.220230579376220703e+00,4.529201984405517578e+00
-4.892639160156250000e+00,-1.162176966667175293e+00
-2.310729265213012695e+00,-2.334383487701416016e+00
6.778635501861572266e+00,2.527646780014038086e+00
-4.812866210937500000e+00,1.106527328491210938e+00
-4.701543807983398438e+00,2.593014478683471680e+00
4.415469169616699219e+00,1.361972928047180176e+00
-7.911585330963134766e+00,-1.575706839561462402e+00
6.990358829498291016e+00,-4.367910385131835938e+00
-7.153923988342285156e+00,-2.133689165115356445e+00
-7.795872688293457031e+00,-3.184663534164428711e+00
-4.903581142425537109e+00,-2.245691776275634766e+00
-5.522995948791503906e+00,-1.515430927276611328e+00
-2.415536642074584961e+00,1.197402358055114746e+00
4.433893203735351562e+00,-2.137886047363281250e+00
8.103250503540039062e+00,4.782508373260498047e+00
-4.195417404174804688e+00,-2.892300844192504883e+00
-4.282888889312744141e+00,-1.501072764396667480e+00
-2.301830053329467773e+00,-1.335784077644348145e+00
5.861238479614257812e+00,2.676889419555664062e+00
-4.332762718200683594e+00,1.656763404607772827e-01
8.461677551269531250e+00,4.466046810150146484e+00
6.426325798034667969e+00,-3.445810079574584961e-02
-4.691959381103515625e+00,-1.897958159446716309e+00
-6.084877967834472656e+00,6.802053451538085938e-01
-1.574907779693603516e+00,7.296488285064697266e-01
-3.904318094253540039e+00,1.386542439460754395e+00
5.702044963836669922e+00,-9.187869429588317871e-01
-4.623059272766113281e+00,2.076556444168090820e+00
4.023167610168457031e+00,3.359772205352783203e+00
6.837632656097412109e+00,-3.808801651000976562e+00
5.185714721679687500e+00,-3.470564126968383789e+00
6.360686779022216797e+00,-3.599895715713500977e+00
7.390758514404296875e+00,-5.239166736602783203e+00
-7.100986003875732422e+00,-1.012906551361083984e+00
6.003454208374023438e+00,3.716698169708251953e+00
-3.067556619644165039e+00,1.242571845650672913e-01
6.403952121734619141e+00,-5.014616966247558594e+00
-4.113285064697265625e+00,1.697116255760192871e+00
2.287324190139770508e+00,4.197504997253417969e+00
-4.734656333923339844e+00,-1.147093772888183594e+00
-5.576722145080566406e+00,1.474660038948059082e+00
3.853852510452270508e+00,3.080020666122436523e+00
-3.926503896713256836e+00,2.306423902511596680e+00
1.384885430335998535e+00,3.157758951187133789e+00
-8.049431800842285156e+00,-3.382418394088745117e+00
-2.222937345504760742e+00,3.579863607883453369e-01
-1.336567997932434082e-01,2.340633630752563477e+00
7.387913227081298828e+00,9.292700141668319702e-02
6.954741477966308594e+00,2.779303312301635742e+00
-6.948754310607910156e+00,-8.129874467849731445e-01
7.122225761413574219e+00,3.689309835433959961e+00
-6.352237224578857422e+00,1.917162537574768066e+00
7.922667503356933594e+00,4.353613853454589844e+00
-2.289148807525634766e+00,-2.311985706910490990e-03
4.605832576751708984e+00,1.362114071846008301e+00
-8.968588829040527344e+00,-3.293792724609375000e+00
4.609534740447998047e+00,2.659739732742309570e+00
-7.553120136260986328e+00,-2.011129856109619141e+00
6.913528919219970703e+00,-5.010970115661621094e+00
8.162638664245605469e+00,4.847517490386962891e+00
-2.317513942718505859e+00,-2.987370193004608154e-01
-5.726687908172607422e+00,-1.261530637741088867e+00
-1.987045168876647949e+00,1.204557269811630249e-01
-1.954114079475402832e+00,9.557430744171142578e-01
-6.863418102264404297e+00,-6.465079188346862793e-01
-7.221510410308837891e+00,2.692460775375366211e+00
-4.515184879302978516e+00,-1.327549338340759277e+00
8.203655242919921875e+00,-9.081609249114990234e-01
-1.070158839225769043e+00,1.198397517204284668e+00
-4.992291927337646484e+00,-1.929184496402740479e-01
-4.219256877899169922e+00,-3.726697206497192383e+00
7.582653522491455078e+00,-1.156446933746337891e+00
1.805398464202880859e+00,3.995755195617675781e+00
-6.360280990600585938e+00,2.274651050567626953e+00
-6.326976776123046875e+00,-1.455313861370086670e-01
5.955153465270996094e+00,-9.291981458663940430e-01
-3.098225116729736328e+00,2.376639127731323242e+00
-6.842142105102539062e+00,2.241924285888671875e+00
-2.346180438995361328e+00,-2.514198064804077148e+00
5.975862026214599609e+00,-3.925784349441528320e+00
6.928657531738281250e+00,4.445115089416503906e+00
-6.071193695068359375e+00,2.116178035736083984e+00
8.514169692993164062e+00,4.388172626495361328e+00
-7.324693679809570312e+00,-2.629819869995117188e+00
-9.638723134994506836e-01,1.488392949104309082e+00
-7.649560451507568359e+00,2.875243425369262695e+00
6.207746982574462891e+00,-3.793982982635498047e+00
-3.194552183151245117e+00,1.506962925195693970e-01
3.225565195083618164e+00,3.919022083282470703e+00
-4.445739746093750000e+00,-1.997895479202270508e+00
4.463853359222412109e+00,2.850554585456848145e-01
3.932580947875976562e+00,4.425235092639923096e-02
-2.829214096069335938e+00,4.995031654834747314e-01
-4.834653854370117188e+00,-2.999769926071166992e+00
7.230931282043457031e+00,1.291416287422180176e-01
-3.089064359664916992e+00,5.549117326736450195e-01
7.703250885009765625e+00,-4.793904781341552734e+00
-3.559490203857421875e+00,-2.160535573959350586e+00
-4.295243263244628906e+00,-9.539148807525634766e-01
-6.946989536285400391e+00,3.512404441833496094e+00
8.050543785095214844e+00,-7.319614887237548828e-01
7.549999237060546875e+00,4.018431663513183594e+00
-2.066791057586669922e+00,-3.498352527618408203e+00
-9.615226387977600098e-01,2.002048254013061523e+00
4.902854919433593750e+00,-2.895258903503417969e+00
-6.718170166015625000e+00,-2.453567266464233398e+00
5.772202968597412109e+00,-3.557177066802978516e+00
-1.711476325988769531e+00,-9.865636229515075684e-01
-7.089295864105224609e+00,1.338690519332885742e+00
-7.490170955657958984e+00,-2.561560392379760742e+00
-4.042512893676757812e+00,2.477428197860717773e+00
7.472691059112548828e+00,3.049188613891601562e+00
3.955277919769287109e+00,4.020449638366699219e+00
-1.949724793434143066e+00,5.807313919067382812e-01
-4.542922496795654297e+00,-1.572595357894897461e+00
-4.575061321258544922e+00,-3.936974287033081055e+00
5.154815673828125000e+00,-3.067773103713989258e+00
-4.539879322052001953e+00,-5.383224487304687500e-01
-6.774785518646240234e+00,3.439338922500610352e+00
-4.930816650390625000e+00,2.605890989303588867e+00
-4.157438755035400391e+00,-3.167379140853881836e+00
-3.411531686782836914e+00,8.641871809959411621e-01
-1.616996645927429199e+00,2.102210760116577148e+00
5.720690727233886719e+00,-3.487298965454101562e+00
2.267776012420654297e+00,4.547372817993164062e+00
-2.804072141647338867e+00,2.655652463436126709e-01
3.186625719070434570e+00,4.891319274902343750e+00
-4.133318424224853516e+00,-2.646284341812133789e+00
-4.586551666259765625e+00,-1.010455727577209473e+00
4.676571369171142578e+00,-7.033979296684265137e-01
6.891857624053955078e+00,-3.916008234024047852e+00
-4.991345405578613281e+00,1.773480534553527832e+00
-2.274363994598388672e+00,-1.472877711057662964e-01
5.098292827606201172e+00,-7.071160674095153809e-01
-3.173510313034057617e+00,1.481664776802062988e+00
4.659889698028564453e+00,5.167695879936218262e-01
5.789591789245605469e+00,-3.832055091857910156e+00
3.914455175399780273e+00,4.789746761322021484e+00
-3.856371402740478516e+00,-2.828830957412719727e+00
5.396623611450195312e+00,-3.796337842941284180e+00
6.632707595825195312e+00,-3.344429731369018555e-01
-4.773616790771484375e+00,-2.734176635742187500e+00
7.006527900695800781e+00,4.385911464691162109e+00
6.734132766723632812e+00,-4.004202842712402344e+00
4.577708244323730469e+00,-2.363920450210571289e+00
3.889754295349121094e+00,-1.297976732254028320e+00
-7.612479686737060547e+00,3.503849506378173828e+00
7.714736461639404297e+00,-2.140070050954818726e-01
3.558168649673461914e+00,3.922078132629394531e+00
5.236119270324707031e+00,-3.582709074020385742e+00
-8.406791687011718750e+00,-2.828505516052246094e+00
-1.537948966026306152e+00,-5.125472545623779297e+00
-4.690966606140136719e+00,-5.907952189445495605e-01
5.628339290618896484e+00,-8.291177153587341309e-01
7.817558288574218750e+00,-6.984890103340148926e-01
-2.618026733398437500e+00,-1.596362233161926270e+00
6.395232200622558594e+00,4.507424831390380859e+00
5.991582870483398438e+00,4.099030017852783203e+00
4.957278728485107422e+00,-2.951520919799804688e+00
4.362415313720703125e+00,1.184853553771972656e+00
-2.104142665863037109e+00,-3.664056301116943359e+00
5.641120910644531250e+00,3.747226476669311523e+00
5.706589221954345703e+00,2.993285179138183594e+00
7.861200332641601562e+00,-4.850901126861572266e+00
-8.824324607849121094e+00,-2.260935306549072266e+00
-5.931414127349853516e+00,-1.603197813034057617e+00
-4.439146518707275391e+00,1.371811747550964355e+00
-6.150436878204345703e+00,1.312634110450744629e+00
7.597403526306152344e+00,-4.670864105224609375e+00
-6.555251598358154297e+00,8.361649513244628906e-01
5.459110260009765625e+00,1.868453502655029297e+00
7.259945869445800781e+00,3.287243604660034180e+00
6.969015121459960938e+00,4.310221195220947266e+00
4.722960948944091797e+00,-2.411548137664794922e+00
-7.584902763366699219e+00,-2.236850738525390625e+00
-6.834768772125244141e+00,-2.526634693145751953e+00
-2.224512577056884766e+00,-3.165250539779663086e+00
5.880702018737792969e+00,2.195627838373184204e-01
1.480597615242004395e+00,4.062846183776855469e+00
-3.452467441558837891e+00,8.296813964843750000e-01
-5.962181091308593750e+00,-1.083269715309143066e+00
-4.950992584228515625e+00,-2.771212577819824219e+00
6.940970897674560547e+00,2.705762147903442383e+00
-7.157162189483642578e+00,-7.757090926170349121e-01
3.354297161102294922e+00,4.672685623168945312e+00
-8.008318901062011719e+00,-3.176685571670532227e+00
-6.538274288177490234e+00,4.271693527698516846e-02
5.157108783721923828e+00,3.779037237167358398e+00
-8.421085357666015625e+00,-2.126261711120605469e+00
-5.655191898345947266e+00,-6.754564642906188965e-01
6.646362781524658203e+00,-1.508493542671203613e+00
6.169793605804443359e+00,-3.775468111038208008e+00
7.030921459197998047e+00,3.108897209167480469e+00
-2.455836296081542969e+00,3.347062319517135620e-02
-3.684705257415771484e+00,7.697037458419799805e-01
2.019740104675292969e+00,2.911045551300048828e+00
-7.387798786163330078e+00,3.509588003158569336e+00
-3.859296083450317383e+00,-3.064247131347656250e+00
-4.886543750762939453e+00,-1.098996177315711975e-01
1.448452472686767578e-01,2.055799961090087891e+00
4.903779506683349609e+00,-2.863938331604003906e+00
-5.229484558105468750e+00,1.150857686996459961e+00
7.955897331237792969e+00,3.822777032852172852e+00
-4.880211353302001953e+00,-9.858283400535583496e-01
4.635321199893951416e-01,1.919598102569580078e+00
6.305922985076904297e+00,-3.913760662078857422e+00
-1.080207943916320801e+00,-4.008091926574707031e+00
2.853860616683959961e+00,2.230496883392333984e+00
6.092164039611816406e+00,4.273657321929931641e+00
-1.397125959396362305e+00,-4.484502792358398438e+00
-6.458053112030029297e+00,-7.363020628690719604e-02
-8.014201164245605469e+00,-1.591794967651367188e+00
-1.282510876655578613e+00,-2.761260986328125000e+00
3.843013048171997070e+00,4.634628772735595703e+00
1.612156987190246582e+00,3.566196680068969727e+00
-4.144754409790039062e+00,-5.726967453956604004e-01
7.207983016967773438e+00,-5.576088279485702515e-02
3.549200296401977539e-01,1.864566683769226074e+00
-6.689396381378173828e+00,-2.198230743408203125e+00
-4.921140670776367188e+00,1.651625037193298340e+00
6.223056793212890625e+00,-4.507152080535888672e+00
-4.023780822753906250e+00,2.441365242004394531e+00
6.632683753967285156e+00,4.392616748809814453e+00
-7.826952934265136719e+00,-1.524458408355712891e+00
7.621120452880859375e+00,3.130707979202270508e+00
6.354740142822265625e+00,-3.064057588577270508e+00
6.374171257019042969e+00,-7.554816007614135742e-01
-4.605558872222900391e+00,-8.513439893722534180e-01
-1.119320273399353027e+00,-4.099410057067871094e+00
-6.791838169097900391e+00,-2.393834829330444336e+00
-5.409509658813476562e+00,1.341371178627014160e+00
3.006793022155761719e+00,3.743519306182861328e+00
-9.104259490966796875e+00,-3.331282138824462891e+00
2.621866464614868164e+00,4.096440792083740234e+00
7.753996372222900391e+00,-4.639220714569091797e+00
-6.937526226043701172e+00,9.913742542266845703e-01
6.240555763244628906e+00,-4.557815551757812500e+00
5.138317584991455078e+00,-2.922471046447753906e+00
-7.680010318756103516e+00,2.700674772262573242e+00
-5.521480560302734375e+00,2.133336544036865234e+00
-3.211801052093505859e+00,-1.844868063926696777e+00
-4.495725631713867188e+00,1.176728844642639160e+00
-4.457010269165039062e+00,1.352775931358337402e+00
5.381988048553466797e+00,3.911444902420043945e+00
5.387533187866210938e+00,-2.730580091476440430e+00
-5.629288196563720703e+00,6.741798669099807739e-02
-8.459401130676269531e+00,-2.352785110473632812e+00
4.694230079650878906e+00,-2.583530426025390625e+00
7.505247592926025391e+00,4.105710029602050781e+00
6.802704811096191406e+00,2.546679496765136719e+00
-8.572356224060058594e+00,-2.025264978408813477e+00
-3.091879367828369141e+00,6.268865615129470825e-02
-1.980399370193481445e+00,-2.378245592117309570e+00
-4.626312255859375000e+00,-3.271204948425292969e+00
-6.692221164703369141e+00,-2.448979377746582031e+00
6.670678615570068359e+00,3.433890819549560547e+00
6.584865570068359375e+00,-1.474637985229492188e+00
-5.814589023590087891e+00,1.834504246711730957e+00
-6.094128608703613281e+00,1.758389711380004883e+00
-5.007102012634277344e+00,3.943340480327606201e-01
-7.760411262512207031e+00,2.642202138900756836e+00
-5.134424209594726562e+00,2.033712387084960938e+00
6.998415470123291016e+00,-4.129049301147460938e+00
-4.855582237243652344e+00,-2.829412460327148438e+00
7.756152153015136719e+00,-5.193253993988037109e+00
-1.022227764129638672e+00,-1.380572557449340820e+00
-7.782209396362304688e+00,2.971108675003051758e+00
2.837870836257934570e+00,-1.315353512763977051e+00
-1.214189767837524414e+00,-4.725324153900146484e+00
-2.483505487442016602e+00,-1.700717687606811523e+00
-2.943711519241333008e+00,-1.811771631240844727e+00
-7.042938709259033203e+00,3.441001892089843750e+00
-2.825918197631835938e+00,5.225762128829956055e-01
-1.620245456695556641e+00,2.144996881484985352e+00
-1.633331656455993652e+00,2.906310558319091797e-01
-8.683893203735351562e+00,-2.113012313842773438e+00
-8.591461181640625000e+00,-2.300292253494262695e+00
-8.156487464904785156e+00,-2.881852149963378906e+00
-3.500954627990722656e+00,-1.983280420303344727e+00
3.774005889892578125e+00,4.446325778961181641e+00
-1.309872508049011230e+00,-8.633037209510803223e-01
6.300137996673583984e+00,-2.234031438827514648e+00
-2.599229812622070312e+00,-2.175782203674316406e+00
-7.569681644439697266e+00,-2.643239498138427734e+00
4.117355823516845703e+00,4.043646812438964844e+00
4.827344894409179688e+00,1.293202996253967285e+00
5.789625644683837891e+00,-2.034153938293457031e+00
-3.637640237808227539e+00,9.734307974576950073e-02
-4.244261264801025391e+00,-2.499254465103149414e+00
7.534242630004882812e+00,-4.525299549102783203e+00
-2.651102304458618164e+00,1.057433605194091797e+00
-5.340062618255615234e+00,2.028654575347900391e+00
-4.654051303863525391e+00,-3.667329549789428711e+00
7.777891159057617188e+00,-9.782642126083374023e-02
6.560380458831787109e+00,2.463255167007446289e+00
-3.504588127136230469e+00,3.302734196186065674e-01
6.797680377960205078e+00,4.513460159301757812e+00
-2.620942115783691406e+00,-1.198361396789550781e+00
-5.907495021820068359e+00,2.039567232131958008e+00
-4.756710052490234375e+00,5.937151908874511719e-01
-4.050908088684082031e+00,-3.611623525619506836e+00
-2.691082477569580078e+00,-2.190486192703247070e+00
-2.726083755493164062e+00,1.727105826139450073e-01
-6.581093788146972656e+00,1.548981904983520508e+00
6.361491680145263672e+00,-1.952750921249389648e+00
-6.349067687988281250e+00,2.298479795455932617e+00
-3.550707340240478516e+00,1.552160024642944336e+00
1.489760518074035645e+00,4.040158748626708984e+00
-3.825710535049438477e+00,-1.683650493621826172e+00
-6.509935855865478516e+00,7.051721215248107910e-01
-4.171084880828857422e+00,-2.101940631866455078e+00
4.603767395019531250e+00,-1.663947850465774536e-01
-4.737491130828857422e+00,-8.112356662750244141e-01
-2.619567155838012695e+00,-1.734287261962890625e+00
7.558126926422119141e+00,-1.427553176879882812e+00
6.633193969726562500e+00,-3.548671960830688477e+00
-2.534340620040893555e+00,-2.860393047332763672e+00
6.724467754364013672e+00,3.799065351486206055e+00
-5.041136741638183594e+00,1.134540200233459473e+00
7.103779792785644531e+00,-4.100642681121826172e+00
6.414315223693847656e+00,2.515123605728149414e+00
-6.850581645965576172e+00,6.385667920112609863e-01
-3.339230298995971680e+00,-1.039421319961547852e+00
-6.465596199035644531e+00,3.440727472305297852e+00
-1.222954630851745605e+00,-2.487258434295654297e+00
-1.741058588027954102e+00,1.962493896484375000e+00
-1.784339785575866699e+00,-2.950931787490844727e+00
4.998360633850097656e+00,2.039088681340217590e-02
-8.113151550292968750e+00,-3.226168870925903320e+00
5.666090488433837891e+00,2.810110092163085938e+00
-3.221082448959350586e+00,-9.243954718112945557e-02
6.024394035339355469e+00,3.107829570770263672e+00
1.451550483703613281e+00,3.443517923355102539e+00
-7.607927322387695312e+00,3.019460439682006836e+00
8.000583648681640625e+00,-9.205838441848754883e-01
3.176334857940673828e+00,4.895012378692626953e+00
-4.403088569641113281e+00,-2.867165565490722656e+00
6.049774646759033203e+00,2.902627706527709961e+00
-6.686848163604736328e+00,3.464559316635131836e+00
-4.960215091705322266e+00,-2.082255125045776367e+00
-6.631558895111083984e+00,2.710762500762939453e+00
-6.372480869293212891e+00,2.232105016708374023e+00
7.932533740997314453e+00,4.028409004211425781e+00
4.113943099975585938e+00,3.291776895523071289e+00
-4.230359077453613281e+00,-2.760810375213623047e+00
7.446092128753662109e+00,4.752130031585693359e+00
-8.651318550109863281e+00,-2.265502691268920898e+00
-2.479058980941772461e+00,-2.181031942367553711e+00
-4.334460012614727020e-03,2.523760795593261719e+00
-3.099040985107421875e+00,7.427733540534973145e-01
6.382175922393798828e+00,-3.322857618331909180e+00
-1.802974939346313477e+00,-4.804022312164306641e+00
-4.552207946777343750e+00,-3.504931926727294922e+00
7.266619205474853516e+00,-4.754864215850830078e+00
-8.976997733116149902e-01,1.586130857467651367e+00
-4.467653274536132812e+00,-3.401879549026489258e+00
-3.140578746795654297e+00,1.135136961936950684e+00
-4.201309204101562500e+00,-1.534288287162780762e+00
7.557763099670410156e+00,3.056204795837402344e+00
-2.744518041610717773e+00,-2.205134630203247070e+00
-2.172754049301147461e+00,4.624105393886566162e-01
-5.144714713096618652e-01,1.713684797286987305e+00
-7.056958198547363281e+00,-1.529381513595581055e+00
-3.168816089630126953e+00,-3.863542973995208740e-01
-2.165564060211181641e+00,-2.722556114196777344e+00
-8.053256988525390625e+00,-1.710401296615600586e+00
7.539114475250244141e+00,3.032467126846313477e+00
6.176837444305419922e+00,-1.176880836486816406e+00
5.499188899993896484e+00,4.195920228958129883e-01
-5.661712646484375000e+00,2.259529113769531250e+00
-7.231537818908691406e+00,2.771991729736328125e+00
-4.185295104980468750e+00,-1.708213210105895996e+00
6.162046432495117188e+00,-2.189239501953125000e+00
6.836102962493896484e+00,3.941001415252685547e+00
-2.038432598114013672e+00,-4.022162437438964844e+00
-4.137263298034667969e+00,1.508038640022277832e+00
-5.113913059234619141e+00,1.075870752334594727e+00
-6.738877296447753906e+00,7.438308000564575195e-01
-1.381916999816894531e+00,-2.288606882095336914e+00
-4.068425178527832031e+00,-2.884711742401123047e+00
-5.854005813598632812e+00,8.435888886451721191e-01
-2.607502937316894531e+00,1.201252579689025879e+00
5.278618812561035156e+00,-1.576938509941101074e+00
5.787790775299072266e+00,-9.843437671661376953e-01
6.661121845245361328e+00,2.967006206512451172e+00
6.405768871307373047e+00,-2.916909456253051758e+00
-8.149019241333007812e+00,3.344455480575561523e+00
-4.881779193878173828e+00,5.285341739654541016e-01
-5.672705769538879395e-01,1.008122920989990234e+00
-7.030418395996093750e+00,-2.769324541091918945e+00
-4.786293029785156250e+00,2.476292133331298828e+00
6.690481185913085938e+00,-1.221353888511657715e+00
3.845407962799072266e+00,-1.288155078887939453e+00
-6.122765064239501953e+00,1.850012540817260742e+00
-2.058993101119995117e+00,-3.032375812530517578e+00
-6.878950119018554688e+00,6.649929285049438477e-01
-8.900605201721191406e+00,-2.312965631484985352e+00
-5.160239219665527344e+00,-3.473060131072998047e-01
-4.694224357604980469e+00,-1.604748725891113281e+00
5.107868194580078125e+00,-1.030496656894683838e-01
-3.049548864364624023e+00,-1.583326578140258789e+00
6.336619853973388672e+00,3.019149541854858398e+00
4.278019905090332031e+00,4.490629673004150391e+00
6.964411735534667969e+00,4.540895462036132812e+00
6.094175815582275391e+00,-1.043624758720397949e+00
5.827171802520751953e+00,-3.064105749130249023e+00
-3.478227138519287109e+00,6.550433039665222168e-01
-8.309707641601562500e+00,3.033839464187622070e+00
-2.699618816375732422e+00,-2.064740896224975586e+00
-5.005623817443847656e+00,-3.317503333091735840e-01
3.966427803039550781e+00,4.893254280090332031e+00
-8.094050407409667969e+00,-2.697913885116577148e+00
-7.953367710113525391e+00,-3.337627649307250977e+00
7.717344760894775391e+00,-5.493637561798095703e+00
-3.124288082122802734e+00,1.370879113674163818e-01
-5.217699527740478516e+00,1.037580370903015137e+00
4.265239715576171875e+00,-1.121211767196655273e+00
-7.105768203735351562e+00,2.711010694503784180e+00
2.267566680908203125e+00,4.320284366607666016e+00
-3.997971534729003906e+00,-1.263760209083557129e+00
-2.061952114105224609e+00,-1.651658773422241211e+00
-4.020731449127197266e+00,-2.421835899353027344e+00
-6.580987453460693359e+00,-2.592600107192993164e+00
-7.213889598846435547e+00,2.630341291427612305e+00
-6.438898086547851562e+00,-7.720062732696533203e-01
-4.585390090942382812e+00,-2.526684522628784180e+00
4.179971694946289062e+00,3.312158107757568359e+00
-6.243082046508789062e+00,1.532335400581359863e+00
-1.960365653038024902e+00,-2.918633818626403809e-01
-4.937915802001953125e+00,2.200588226318359375e+00
-8.217032432556152344e+00,3.093907356262207031e+00
1.215359568595886230e+00,3.571381568908691406e+00
-7.204705715179443359e+00,-1.948706269264221191e+00
-7.354941844940185547e+00,-1.747109413146972656e+00
-2.047159671783447266e+00,-3.443210124969482422e+00
-5.383085727691650391e+00,1.557405948638916016e+00
2.647467613220214844e+00,4.555543899536132812e+00
6.393861293792724609e+00,1.359022557735443115e-01
6.415862560272216797e+00,-1.462815284729003906e+00
-7.798812389373779297e+00,-1.692749261856079102e+00
5.017801761627197266e+00,-1.149853348731994629e+00
1.468500375747680664e+00,4.212935447692871094e+00
-3.616071224212646484e+00,-1.539406418800354004e+00
-9.147075653076171875e+00,-2.552308320999145508e+00
-4.373179435729980469e+00,4.037992656230926514e-01
-3.840805053710937500e+00,-2.837381839752197266e+00
7.060752391815185547e+00,-1.355190634727478027e+00
-4.120849132537841797e+00,6.822340488433837891e-01
-8.543763160705566406e+00,-3.469402074813842773e+00
-8.005582809448242188e+00,-2.939029932022094727e+00
-3.044410705566406250e+00,1.771368741989135742e+00
-2.619950294494628906e+00,3.298460841178894043e-01
2.397607803344726562e+00,-1.076974511146545410e+00
3.393512487411499023e+00,4.956211090087890625e+00
5.710631847381591797e+00,-4.038653373718261719e+00
7.194729328155517578e+00,-1.363279223442077637e+00
-1.638091206550598145e+00,-8.603494167327880859e-01
-2.629518747329711914e+00,-2.142031908035278320e+00
-4.921368598937988281e+00,1.101392984390258789e+00
-6.585349559783935547e+00,1.490832090377807617e+00
3.792239665985107422e+00,4.418711185455322266e+00
1.063618183135986328e+00,3.808870315551757812e+00
-1.974230766296386719e+00,-2.256417036056518555e+00
-8.030520439147949219e+00,-1.805836200714111328e+00
-3.572103261947631836e+00,-3.486348628997802734e+00
-4.804731369018554688e+00,1.388470053672790527e+00
4.738117694854736328e+00,7.196733355522155762e-01
7.980298042297363281e+00,4.313457012176513672e+00
-3.499225616455078125e+00,-9.108280539512634277e-01
-1.735881567001342773e+00,1.773784756660461426e+00
4.016623020172119141e+00,4.859627723693847656e+00
7.954873561859130859e+00,-6.466584801673889160e-01
-8.698947906494140625e+00,-2.184740066528320312e+00
-7.904728889465332031e+00,-1.532937169075012207e+00
-8.128416061401367188e+00,-3.371057987213134766e+00
7.018249511718750000e+00,4.099857330322265625e+00
-2.403550148010253906e+00,-1.058480024337768555e+00
-4.305227756500244141e+00,-1.325643062591552734e+00
6.704070568084716797e+00,-4.390030384063720703e+00
7.099848747253417969e+00,4.700717926025390625e+00
7.832731723785400391e+00,-5.127130985260009766e+00
-3.005263328552246094e+00,-1.013463616371154785e+00
-2.107361555099487305e+00,1.199351668357849121e+00
-4.603480815887451172e+00,-1.819759011268615723e+00
7.291630268096923828e+00,3.855087518692016602e+00
-4.542853355407714844e+00,6.515246033668518066e-01
-9.245372414588928223e-01,8.175750374794006348e-01
-7.985763072967529297e+00,-2.123245716094970703e+00
-7.116793632507324219e+00,2.112087011337280273e+00
-1.842190980911254883e+00,-8.115098476409912109e-01
7.270215988159179688e+00,-2.666850388050079346e-01
4.969307422637939453e+00,-3.037498712539672852e+00
2.407435894012451172e+00,4.148748397827148438e+00
-1.418629646301269531e+00,-4.327281475067138672e+00
-1.080997467041015625e+00,9.609769582748413086e-01
3.760949075222015381e-01,2.036202430725097656e+00
-4.867123603820800781e+00,-1.627506375312805176e+00
3.229544401168823242e+00,4.823392391204833984e+00
3.924431085586547852e+00,2.384279727935791016e+00
-6.698979854583740234e+00,-2.240794181823730469e+00
-2.373918056488037109e+00,2.566172480583190918e-01
-1.899950027465820312e+00,6.703310012817382812e-01
-4.649857997894287109e+00,-9.641768336296081543e-01
2.322233676910400391e+00,3.005260229110717773e+00
-5.972318172454833984e+00,1.075967431068420410e+00
8.062637329101562500e+00,-5.440002679824829102e-01
-2.632035255432128906e+00,-2.861549615859985352e+00
7.272563934326171875e+00,-4.540813922882080078e+00
7.962802410125732422e+00,4.873343944549560547e+00
-4.701205253601074219e+00,-8.884017467498779297e-01
-4.545080184936523438e+00,2.954239249229431152e-01
-5.455517292022705078e+00,2.003503322601318359e+00
5.935419559478759766e+00,2.846366167068481445e-01
5.889254570007324219e+00,3.975299119949340820e+00
-7.950460433959960938e+00,3.011801004409790039e+00
-3.082594394683837891e+00,7.469719648361206055e-02
6.879649162292480469e+00,3.954270601272583008e+00
4.516067028045654297e+00,2.404874324798583984e+00
6.377763748168945312e+00,-4.523761749267578125e+00
5.988111495971679688e+00,4.356792449951171875e+00
7.894566535949707031e+00,-3.971850574016571045e-01
7.245304107666015625e+00,-4.842443466186523438e+00
-7.780735015869140625e+00,-1.822736501693725586e+00
-7.124904632568359375e+00,-7.088531255722045898e-01
6.044638156890869141e+00,2.426800966262817383e+00
2.734056234359741211e+00,1.930083513259887695e+00
-5.025415897369384766e+00,1.797127723693847656e+00
-3.220589637756347656e+00,-1.710739135742187500e+00
-4.903361797332763672e+00,-2.444772720336914062e+00
6.591030120849609375e+00,4.043414592742919922e+00
-4.843740463256835938e+00,-1.090304628014564514e-01
7.446444988250732422e+00,4.272493362426757812e+00
6.467563152313232422e+00,-1.354842424392700195e+00
6.224776268005371094e+00,4.546642303466796875e+00
-8.377176284790039062e+00,-2.169795513153076172e+00
1.720615506172180176e+00,3.964437007904052734e+00
9.672377109527587891e-01,3.598756313323974609e+00
6.054078578948974609e+00,1.323751509189605713e-01
-2.404455423355102539e+00,4.573935270309448242e-01
1.585054278373718262e+00,3.993618488311767578e-01
-4.956038475036621094e+00,-3.408129930496215820e+00
-4.475882053375244141e+00,-4.992107450962066650e-01
-2.850928783416748047e+00,-1.799633502960205078e+00
-8.546689033508300781e+00,-2.722411870956420898e+00
3.905716896057128906e+00,4.093840599060058594e+00
-8.064931869506835938e+00,2.915595531463623047e+00
7.458400726318359375e+00,3.081889390945434570e+00
-3.613322257995605469e+00,-3.050596475601196289e+00
6.604159832000732422e+00,-3.935178041458129883e+00
4.757316589355468750e+00,8.363649249076843262e-02
4.033398628234863281e+00,4.896167278289794922e+00
5.629005432128906250e+00,-3.978941917419433594e+00
-4.258596420288085938e+00,-2.878926515579223633e+00
-3.703644752502441406e+00,-2.450427532196044922e+00
5.137163639068603516e+00,3.257347583770751953e+00
-3.593190431594848633e+00,-3.543167591094970703e+00
6.977046489715576172e+00,-3.673389554023742676e-01
-7.301629066467285156e+00,-2.612148284912109375e+00
4.531779289245605469e+00,2.411878824234008789e+00
-8.276749253273010254e-01,-2.520707368850708008e+00
-2.759125471115112305e+00,4.855695366859436035e-01
-7.934336662292480469e+00,-1.541755318641662598e+00
6.305384635925292969e+00,4.118109226226806641e+00
5.287550926208496094e+00,-6.708711385726928711e-01
-7.233706951141357422e+00,-2.452803134918212891e+00
-4.369608879089355469e+00,2.002820372581481934e-01
1.993988275527954102e+00,4.319969654083251953e+00
-4.638562202453613281e+00,-4.056862831115722656e+00
6.591522693634033203e+00,-1.448334217071533203e+00
-1.661188602447509766e+00,1.206308901309967041e-01
8.179428100585937500e+00,-9.690942764282226562e-01
-4.448328971862792969e+00,2.039605379104614258e+00
8.346956253051757812e+00,-1.244169712066650391e+00
-5.276557445526123047e+00,-5.063192844390869141e-01
-8.006234169006347656e+00,-1.708243727684020996e+00
-3.120795965194702148e+00,-1.586752414703369141e+00
4.029643058776855469e+00,4.856707572937011719e+00
5.138335227966308594e+00,-2.168680727481842041e-01
-1.973237395286560059e+00,-2.399819850921630859e+00
4.944158077239990234e+00,4.632191359996795654e-01
1.302493095397949219e+00,2.090864658355712891e+00
-5.503143787384033203e+00,1.093608811497688293e-01
-1.443836212158203125e+00,6.259422898292541504e-01
-7.085538387298583984e+00,-1.730091094970703125e+00
-3.895296812057495117e+00,-2.127286911010742188e+00
-4.730586051940917969e+00,-2.619936466217041016e+00
6.372509002685546875e+00,-3.982085227966308594e+00
6.063348770141601562e+00,-5.362872481346130371e-01
-4.308021068572998047e+00,-1.637712001800537109e+00
-6.801703929901123047e+00,-8.531347513198852539e-01
-1.231166839599609375e+00,-2.040668249130249023e+00
7.780651092529296875e+00,-8.100941777229309082e-02
8.351053237915039062e+00,4.643544673919677734e+00
-5.762616157531738281e+00,-1.703906804323196411e-01
7.315615653991699219e+00,7.192812114953994751e-02
-2.435867786407470703e+00,-1.006683856248855591e-01
4.566170215606689453e+00,-2.178331136703491211e+00
-2.557779550552368164e+00,5.131383240222930908e-02
-2.741415739059448242e+00,-1.128468036651611328e+00
-4.523729324340820312e+00,-7.972626090049743652e-01
5.814878463745117188e+00,-4.261366844177246094e+00
1.019496083259582520e+00,3.596625328063964844e+00
3.783922672271728516e+00,3.946927309036254883e+00
-6.430952548980712891e+00,3.366160392761230469e+00
-7.987858772277832031e+00,-3.076096773147583008e+00
4.236296176910400391e+00,4.167396068572998047e+00
-4.497257709503173828e+00,-2.680951356887817383e+00
-4.582359313964843750e+00,1.341819643974304199e+00
-2.972136020660400391e+00,-8.650897741317749023e-01
6.947997570037841797e+00,2.828176498413085938e+00
7.592769622802734375e+00,3.981028079986572266e+00
4.209631919860839844e+00,3.390730381011962891e+00
-6.721090316772460938e+00,-2.444110393524169922e+00
2.554840564727783203e+00,1.363437652587890625e+00
-6.435276508331298828e+00,2.027247428894042969e+00
-7.504380941390991211e-01,7.388396263122558594e-01
8.327181816101074219e+00,4.624730110168457031e+00
-1.767061948776245117e+00,-3.089827775955200195e+00
-9.767421334981918335e-02,7.056411504745483398e-01
-7.345849037170410156e+00,-2.638856649398803711e+00
-7.885052204132080078e+00,2.862077951431274414e+00
8.264978408813476562e+00,-9.502072930335998535e-01
-3.373634099960327148e+00,-2.202657461166381836e+00
-1.530714631080627441e+00,9.721061587333679199e-01
-3.310057878494262695e+00,-7.953275442123413086e-01
-5.768277168273925781e+00,-5.255297422409057617e-01
4.806505203247070312e+00,1.802332997322082520e+00
-8.475028038024902344e+00,-2.840371608734130859e+00
-2.714223146438598633e+00,1.435034871101379395e+00
-1.170069694519042969e+00,4.556477963924407959e-01
-4.616726875305175781e+00,-3.987025260925292969e+00
7.799712657928466797e+00,-4.658701419830322266e+00
4.290651798248291016e+00,3.963374137878417969e+00
-7.037956237792968750e+00,2.896841287612915039e+00
3.964743614196777344e+00,1.725920736789703369e-01
7.756564140319824219e+00,3.950244188308715820e+00
5.073010444641113281e+00,-1.888508349657058716e-01
-3.737307786941528320e+00,1.005195498466491699e+00
-5.191897869110107422e+00,1.702374219894409180e+00
8.359469413757324219e+00,-1.155926346778869629e+00
-4.784478187561035156e+00,2.397753596305847168e-01
6.871465206146240234e+00,4.502435684204101562e+00
5.907879829406738281e+00,-3.042498111724853516e+00
-6.029290199279785156e+00,-7.983681559562683105e-01
-5.150646686553955078e+00,1.216219067573547363e+00
-1.481920361518859863e+00,-3.725486040115356445e+00
-5.578246593475341797e+00,1.461450815200805664e+00
-7.314593315124511719e+00,-2.420561075210571289e+00
-3.590790987014770508e+00,3.577064275741577148e-01
3.769282341003417969e+00,3.288673639297485352e+00
-6.464129924774169922e+00,-1.331886529922485352e+00
6.763297080993652344e+00,2.547388076782226562e+00
-4.071683883666992188e+00,-4.479434788227081299e-01
6.660393714904785156e+00,3.273564577102661133e+00
-2.520833015441894531e+00,-2.353769063949584961e+00
-2.082278728485107422e+00,-3.341706275939941406e+00
7.066199302673339844e+00,4.592627525329589844e+00
6.534848213195800781e+00,-4.538253307342529297e+00
3.157545566558837891e+00,4.527191638946533203e+00
4.009891510009765625e+00,1.884665966033935547e+00
6.386748790740966797e+00,6.201632693409919739e-02
-1.328410625457763672e+00,-1.483235478401184082e+00
2.471228122711181641e+00,3.179373025894165039e+00
-6.648963928222656250e+00,6.965646147727966309e-01
2.351995706558227539e+00,2.895814657211303711e+00
1.616767883300781250e+00,4.140563488006591797e+00
-4.912915229797363281e+00,2.381162166595458984e+00
7.426604270935058594e+00,6.841564178466796875e-02
-6.266635417938232422e+00,3.335812091827392578e+00
7.503036975860595703e+00,3.052051544189453125e+00
-3.501188516616821289e+00,-3.028504610061645508e+00
-4.776142537593841553e-01,1.566561102867126465e+00
5.157225608825683594e+00,3.818717241287231445e+00
7.334041118621826172e+00,7.144878059625625610e-02
-2.226009368896484375e+00,5.330883860588073730e-01
-3.817793607711791992e+00,-4.607506990432739258e-01
-2.881854057312011719e+00,-1.103706836700439453e+00
-3.549108743667602539e+00,-1.845783710479736328e+00
7.256379604339599609e+00,-1.246548652648925781e+00
-3.605418205261230469e+00,-3.008438348770141602e-01
-1.929522633552551270e+00,-1.090187668800354004e+00
-5.892107486724853516e+00,2.334601879119873047e+00
-7.056608676910400391e+00,2.614240884780883789e+00
4.713995456695556641e+00,-2.645484447479248047e+00
-1.769216656684875488e+00,2.188798427581787109e+00
-7.385425567626953125e-01,7.474228739738464355e-01
3.552587985992431641e+00,4.853597640991210938e+00
3.048207044601440430e+00,3.657881975173950195e+00
-3.525812864303588867e+00,-3.598441123962402344e+00
4.398360729217529297e+00,2.073706388473510742e+00
-7.581475734710693359e+00,-2.131052017211914062e+00
-4.394316196441650391e+00,2.249346256256103516e+00
8.445373535156250000e+00,4.452301979064941406e+00
4.051510810852050781e+00,3.710815906524658203e+00
-5.067653656005859375e+00,1.806317090988159180e+00
7.760310173034667969e+00,4.007467746734619141e+00
-8.409824371337890625e+00,-2.842590093612670898e+00
-6.322428703308105469e+00,1.023281335830688477e+00
5.784553050994873047e+00,3.241600990295410156e+00
-4.847142696380615234e+00,6.652807593345642090e-01
-6.448655605316162109e+00,-3.533332645893096924e-01
6.304705142974853516e+00,-4.217850863933563232e-01
-1.950888395309448242e+00,-2.841323137283325195e+00
5.498181343078613281e+00,-1.056679844856262207e+00
-2.103332757949829102e+00,-3.769145011901855469e+00
5.080637931823730469e+00,-3.138884305953979492e+00
-5.436713099479675293e-01,2.150754690170288086e+00
5.567453384399414062e+00,-3.392881870269775391e+00
7.187507152557373047e+00,-4.518043518066406250e+00
-4.968452930450439453e+00,-1.184923171997070312e+00
6.853663921356201172e+00,-4.541741609573364258e-01
-7.542566657066345215e-01,1.450072526931762695e+00
-1.376001000404357910e+00,-2.139305353164672852e+00
7.513657093048095703e+00,-1.189571261405944824e+00
-7.104581356048583984e+00,-1.672831296920776367e+00
-4.115509033203125000e+00,-3.202008724212646484e+00
1.795346379280090332e+00,4.315868377685546875e+00
-7.023506641387939453e+00,-2.838440418243408203e+00
-1.033419847488403320e+00,1.083536863327026367e+00
-4.094064712524414062e+00,-1.764236330986022949e+00
7.010134220123291016e+00,-2.322127103805541992e+00
-4.224494457244873047e+00,2.036391735076904297e+00
-8.616173267364501953e-01,-3.668879508972167969e+00
-6.505165100097656250e+00,-2.508866190910339355e-01
6.295881748199462891e+00,4.478798866271972656e+00
-6.795673370361328125e+00,3.350318908691406250e+00
7.345643520355224609e+00,9.098193794488906860e-02
2.791363716125488281e+00,3.474563598632812500e+00
-6.953063488006591797e+00,1.296197891235351562e+00
-2.377807617187500000e+00,4.297515749931335449e-01
-6.826982498168945312e+00,6.737279891967773438e-01
-3.951734304428100586e+00,-1.064122557640075684e+00
-1.160548806190490723e+00,-4.111639499664306641e+00
-7.313673973083496094e+00,-2.564039468765258789e+00
-4.646893501281738281e+00,8.665839433670043945e-01
-1.768970370292663574e+00,3.163010179996490479e-01
-4.481512546539306641e+00,1.580379724502563477e+00
4.367700099945068359e+00,-1.867824345827102661e-01
3.910645484924316406e+00,2.539148330688476562e-01
-7.776951789855957031e+00,2.660866022109985352e+00
5.885957717895507812e+00,-2.385688573122024536e-01
6.309858798980712891e+00,-1.267037272453308105e+00
8.215116500854492188e+00,4.789516925811767578e+00
-2.561928510665893555e+00,-2.571593999862670898e+00
-5.801216125488281250e+00,1.644467234611511230e+00
-4.969130992889404297e+00,-3.396943092346191406e+00
5.077734470367431641e+00,2.148768663406372070e+00
-7.063189506530761719e+00,-2.696842432022094727e+00
-3.469884395599365234e+00,-2.396849632263183594e+00
-9.848723411560058594e-01,1.183635354042053223e+00
-6.715775489807128906e+00,1.468419432640075684e+00
5.750949859619140625e+00,-4.120297908782958984e+00
2.333935499191284180e+00,3.933589935302734375e+00
-4.263057708740234375e+00,-4.164202690124511719e+00
5.386301040649414062e+00,-3.144817352294921875e+00
6.820688724517822266e+00,2.579868793487548828e+00
8.398656845092773438e+00,4.401710033416748047e+00
-4.743185520172119141e+00,-1.733450293540954590e+00
8.156801223754882812e+00,-1.295950174331665039e+00
-4.651618480682373047e+00,-2.296896934509277344e+00
-4.442119598388671875e+00,-2.529697895050048828e+00
-5.991409778594970703e+00,9.251834750175476074e-01
-4.853100776672363281e+00,2.408558130264282227e+00
4.114503860473632812e+00,-4.422878623008728027e-01
-4.579735755920410156e+00,-8.247610330581665039e-01
3.943104505538940430e+00,4.242507457733154297e+00
5.196870326995849609e+00,-3.337986469268798828e+00
6.027888774871826172e+00,-2.158281326293945312e+00
6.365759372711181641e+00,2.269399881362915039e+00
-4.628267765045166016e+00,-1.682090640068054199e+00
-3.730352401733398438e+00,-2.131131887435913086e+00
6.583203792572021484e+00,2.917614936828613281e+00
-4.242483139038085938e+00,3.369337320327758789e-01
-7.834566116333007812e+00,-2.058323144912719727e+00
5.995324611663818359e+00,2.119319289922714233e-01
-6.024335384368896484e+00,2.225076198577880859e+00
-5.679502487182617188e+00,1.416990995407104492e+00
-8.233835220336914062e+00,-3.187351703643798828e+00
-3.377456665039062500e+00,-2.567866258323192596e-02
-8.214202880859375000e+00,3.163358926773071289e+00
-3.888051033020019531e+00,-1.136693120002746582e+00
-1.281544089317321777e+00,-1.784913420677185059e+00
-6.496446609497070312e+00,1.141318321228027344e+00
-4.508619785308837891e+00,2.435596227645874023e+00
4.276128292083740234e+00,-5.052528381347656250e-01
3.539811134338378906e+00,3.219833135604858398e+00
7.011791229248046875e+00,-2.895750105381011963e-01
-8.351880073547363281e+00,3.058912754058837891e+00
4.103858470916748047e+00,-9.849127531051635742e-01
-5.528107643127441406e+00,1.420888543128967285e+00
-1.747286438941955566e+00,-2.851213216781616211e+00
-7.065219879150390625e+00,-2.536683082580566406e+00
3.062202692031860352e+00,3.745092391967773438e+00
-4.883829116821289062e+00,-3.464516401290893555e+00
-2.452112436294555664e+00,1.433305859565734863e+00
-7.866756916046142578e-01,8.695700168609619141e-01
-8.321867942810058594e+00,3.021026134490966797e+00
-7.253269672393798828e+00,-2.609674453735351562e+00
-6.345709323883056641e+00,2.233661413192749023e+00
5.976248741149902344e+00,2.555972337722778320e+00
5.907762527465820312e+00,-1.090900599956512451e-02
-4.307550907135009766e+00,1.246877431869506836e+00
-6.553644657135009766e+00,-1.574657082557678223e+00
6.136815071105957031e+00,-3.369588851928710938e+00
-4.569881439208984375e+00,-3.966241836547851562e+00
-6.349254608154296875e+00,2.786175966262817383e+00
-4.563699722290039062e+00,-3.903521776199340820e+00
-7.964736461639404297e+00,-2.409122705459594727e+00
-1.853175878524780273e+00,-4.051809310913085938e+00
-2.950522661209106445e+00,1.428051829338073730e+00
4.929203033447265625e+00,-6.421416401863098145e-01
5.793159961700439453e+00,3.986502289772033691e-01
-8.259529471397399902e-01,8.549019694328308105e-01
3.471901893615722656e+00,4.362012386322021484e+00
-4.254697799682617188e+00,-4.242273807525634766e+00
4.675712585449218750e+00,-7.435500025749206543e-01
6.909479141235351562e+00,3.608350276947021484e+00
6.294627666473388672e+00,4.251771450042724609e+00
7.472680091857910156e+00,-3.820794522762298584e-01
6.416062355041503906e+00,-2.296587705612182617e+00
6.688676357269287109e+00,-5.237044334411621094e+00
-8.229314804077148438e+00,3.319510221481323242e+00
2.069213151931762695e+00,4.415771007537841797e+00
3.422930717468261719e+00,5.053325176239013672e+00
7.596467971801757812e+00,3.111351251602172852e+00
-2.075453519821166992e+00,-3.511630535125732422e+00
5.008919239044189453e+00,-2.808497428894042969e+00
-2.065853834152221680e+00,-3.627294063568115234e+00
-4.801322937011718750e+00,-1.720591425895690918e+00
-6.553846359252929688e+00,3.242154121398925781e+00
-4.038041591644287109e+00,-3.438789606094360352e+00
-3.010823726654052734e+00,-5.783532857894897461e-01
-4.555954456329345703e+00,6.432154178619384766e-01
-4.638836860656738281e+00,-1.926312208175659180e+00
9.646831154823303223e-01,3.571819067001342773e+00
-8.931370735168457031e+00,-2.965270996093750000e+00
-7.134648799896240234e+00,-2.922184705734252930e+00
2.628551959991455078e+00,4.326114177703857422e+00
7.514741897583007812e+00,-4.808815479278564453e+00
-6.209894657135009766e+00,9.774310588836669922e-01
8.078163146972656250e+00,-6.393120884895324707e-01
7.079741001129150391e+00,4.669353008270263672e+00
-4.240452289581298828e+00,-1.761791825294494629e+00
-1.227747797966003418e+00,-4.290248870849609375e+00
7.289287567138671875e+00,3.726032495498657227e+00
4.925067901611328125e+00,1.815289020538330078e+00
-4.205954551696777344e+00,-3.059834718704223633e+00
1.442743301391601562e+00,2.999480724334716797e+00
5.994737148284912109e+00,-5.328802466392517090e-01
2.590362071990966797e+00,3.547368049621582031e+00
5.723725318908691406e+00,-1.645763397216796875e+00
-1.557306528091430664e+00,-5.106802940368652344e+00
7.636310100555419922e+00,-5.356648445129394531e+00
-8.177489280700683594e+00,-1.848636388778686523e+00
-2.827456951141357422e+00,6.944033503532409668e-01
3.986635446548461914e+00,-2.949332296848297119e-01
-6.701906204223632812e+00,3.451035499572753906e+00
-6.329762458801269531e+00,-1.428075075149536133e+00
6.304472923278808594e+00,-4.886593297123908997e-02
-5.021607398986816406e+00,1.574361205101013184e+00
5.379091739654541016e+00,-6.952818632125854492e-01
4.325504779815673828e+00,4.700665473937988281e+00
-2.332288980484008789e+00,-1.386796236038208008e+00
-1.218409419059753418e+00,-1.919005870819091797e+00
4.417033195495605469e+00,-2.089285850524902344e+00
-7.886796951293945312e+00,-3.451705694198608398e+00
-1.206161975860595703e+00,2.013264894485473633e+00
-4.495014667510986328e+00,1.172145843505859375e+00
7.076953887939453125e+00,-6.665883958339691162e-02
-5.749266624450683594e+00,2.212721824645996094e+00
4.544876575469970703e+00,-1.544207453727722168e+00
-1.910208940505981445e+00,7.423144578933715820e-01
-3.373045682907104492e+00,-1.562296271324157715e+00
6.179028987884521484e+00,-3.506791830062866211e+00
7.582387447357177734e+00,3.032026290893554688e+00
-2.679490089416503906e+00,-2.225029468536376953e-01
1.870328664779663086e+00,2.999172925949096680e+00
7.800569057464599609e+00,-1.603438258171081543e-01
-4.548257827758789062e+00,1.014486908912658691e+00
4.759416580200195312e+00,7.916354574263095856e-03
6.348911762237548828e+00,4.549567699432373047e+00
6.919812679290771484e+00,4.605091571807861328e+00
-7.164462566375732422e+00,-3.035116672515869141e+00
-1.395048379898071289e+00,-2.997974157333374023e+00
-6.499733924865722656e+00,1.709864735603332520e+00
-2.312776327133178711e+00,-3.581846475601196289e+00
6.458615779876708984e+00,-5.092783451080322266e+00
-1.772493958473205566e+00,1.853115200996398926e+00
7.853785037994384766e+00,-2.720556855201721191e-01
4.466844081878662109e+00,2.829357147216796875e+00
7.964606285095214844e+00,-7.464663982391357422e-01
-4.539838314056396484e+00,8.331652879714965820e-01
-7.530273437500000000e+00,-2.585770845413208008e+00
-2.351682901382446289e+00,-1.215580344200134277e+00
1.993682533502578735e-01,1.862188935279846191e+00
-5.695427894592285156e+00,2.051904678344726562e+00
-3.158822536468505859e+00,1.243740320205688477e+00
3.637221336364746094e+00,4.945517063140869141e+00
-4.814670562744140625e+00,2.453002214431762695e+00
6.611709117889404297e+00,-1.346721649169921875e+00
-1.663536429405212402e+00,-4.634346485137939453e+00
-5.613239765167236328e+00,2.108574151992797852e+00
-8.164521217346191406e+00,3.180612325668334961e+00
1.324681192636489868e-01,3.172634840011596680e+00
-6.891376018524169922e+00,-6.484870910644531250e-01
-6.387428760528564453e+00,3.349931001663208008e+00
6.054941654205322266e+00,-3.844725608825683594e+00
6.892640590667724609e+00,3.641866207122802734e+00
-1.088580965995788574e+00,1.924336671829223633e+00
-2.222747325897216797e+00,-2.875709056854248047e+00
-4.628776073455810547e+00,-1.524236053228378296e-01
7.966999053955078125e+00,-8.921112418174743652e-01
3.775252342224121094e+00,4.227835655212402344e+00
3.285313606262207031e+00,5.022108078002929688e+00
-1.543459296226501465e+00,1.025564908981323242e+00
3.084532499313354492e+00,3.735837936401367188e+00
7.416636943817138672e+00,3.721164226531982422e+00
-1.544907450675964355e+00,-2.086382150650024414e+00
-4.335754871368408203e+00,7.277251482009887695e-01
-2.905649900436401367e+00,-2.423237800598144531e+00
7.237188816070556641e+00,4.275451183319091797e+00
7.704138755798339844e+00,-9.423991441726684570e-01
-2.433176994323730469e+00,1.023113131523132324e+00
-2.185428857803344727e+00,-3.384443998336791992e+00
6.441699981689453125e+00,-7.931865006685256958e-02
-1.127082824707031250e+00,-4.099821567535400391e+00
6.782583236694335938e+00,3.829273700714111328e+00
-2.731314897537231445e+00,-2.414007425308227539e+00
6.588613033294677734e+00,-6.569896936416625977e-01
5.435358524322509766e+00,3.015941143035888672e+00
-6.644145965576171875e+00,3.030051708221435547e+00
-3.881518602371215820e+00,-2.889980554580688477e+00
3.710821628570556641e+00,2.801717996597290039e+00
-3.033538579940795898e+00,-2.276681959629058838e-01
-1.413656473159790039e+00,-2.771506547927856445e+00
-4.687409400939941406e+00,1.166924238204956055e+00
-5.493790149688720703e+00,1.925978779792785645e+00
7.524827480316162109e+00,3.966161489486694336e+00
-1.480449318885803223e+00,9.722129106521606445e-01
6.370335578918457031e+00,-1.710615277290344238e+00
7.285129070281982422e+00,-1.221751570701599121e+00
-4.955974102020263672e+00,2.297369480133056641e+00
-3.524060487747192383e+00,-1.271621823310852051e+00
-6.019749045372009277e-01,-3.641709685325622559e-01
7.722257137298583984e+00,-1.039063036441802979e-01
-6.929254055023193359e+00,2.534552335739135742e+00
-4.579598903656005859e+00,1.341347932815551758e+00
6.316717624664306641e+00,4.207913875579833984e+00
-2.028528928756713867e+00,-3.901900529861450195e+00
-5.847035408020019531e+00,7.591497898101806641e-01
-5.752900600433349609e+00,3.071325540542602539e+00
-4.282967567443847656e+00,-1.658296227455139160e+00
-7.004463195800781250e+00,3.246665477752685547e+00
6.939677238464355469e+00,-1.790217012166976929e-01
-1.820320248603820801e+00,-3.213975429534912109e+00
-8.050494194030761719e+00,-2.944889307022094727e+00
-2.819648742675781250e+00,8.403787612915039062e-01
-5.423796653747558594e+00,5.980442762374877930e-01
-7.694888114929199219e+00,-2.126517057418823242e+00
-4.458442211151123047e+00,-1.698531746864318848e+00
-5.437638759613037109e+00,2.036567449569702148e+00
7.571041107177734375e+00,-1.176144361495971680e+00
-4.758947372436523438e+00,-3.315243959426879883e+00
-2.221506357192993164e+00,6.837990880012512207e-01
6.590445995330810547e+00,-4.419081211090087891e+00
7.390854358673095703e+00,-1.552302837371826172e+00
-8.691015243530273438e+00,-2.130483150482177734e+00
3.341427564620971680e+00,4.212746143341064453e+00
-4.012258529663085938e+00,-8.763927817344665527e-01
-8.640193939208984375e+00,-2.148162126541137695e+00
-2.591167211532592773e+00,-2.562902688980102539e+00
-4.950729846954345703e+00,-1.075952768325805664e+00
-1.190523028373718262e+00,-4.613015174865722656e+00
7.985980987548828125e+00,-8.138879537582397461e-01
4.274050712585449219e+00,4.046729564666748047e+00
4.782699346542358398e-01,-1.547626733779907227e+00
-4.187495231628417969e+00,-3.908433437347412109e+00
-6.257343292236328125e+00,1.885124444961547852e+00
-5.827994823455810547e+00,3.120114088058471680e+00
-5.889790058135986328e+00,9.252458810806274414e-01
5.084145545959472656e+00,-1.771591067314147949e+00
7.789660453796386719e+00,-4.607933044433593750e+00
-2.488790035247802734e+00,1.026319265365600586e+00
-7.806169986724853516e+00,-1.754174828529357910e+00
7.241488933563232422e+00,2.859619617462158203e+00
-6.049384117126464844e+00,-6.892387270927429199e-01
6.398672580718994141e+00,-2.134714841842651367e+00
-3.063423395156860352e+00,-1.347759962081909180e+00
7.948886871337890625e+00,4.371275424957275391e+00
-7.368013381958007812e+00,2.713918685913085938e+00
4.945313930511474609e+00,-8.080938458442687988e-01
-8.402062416076660156e+00,-2.127084970474243164e+00
7.309569358825683594e+00,-4.740984916687011719e+00
5.014136791229248047e+00,-1.808923959732055664e+00
-5.457117557525634766e+00,-1.157917454838752747e-01
8.918490409851074219e-01,3.595653057098388672e+00
-8.430716514587402344e+00,-3.250905513763427734e+00
4.229845523834228516e+00,4.356150150299072266e+00
6.533240318298339844e+00,-1.608323454856872559e+00
-5.401489138603210449e-01,1.039684891700744629e+00
-4.852923393249511719e+00,-1.154133319854736328e+00
-1.240554571151733398e+00,2.360423803329467773e+00
2.571283578872680664e+00,2.978701114654541016e+00
4.577264308929443359e+00,-3.778829872608184814e-01
-6.976053237915039062e+00,2.702467679977416992e+00
-7.456547260284423828e+00,2.714893102645874023e+00
-7.947873592376708984e+00,-2.236284255981445312e+00
-3.659424304962158203e+00,1.090562343597412109e+00
6.417982101440429688e+00,-2.063920021057128906e+00
6.170850753784179688e+00,-3.404072999954223633e+00
-4.471558570861816406e+00,-4.186742305755615234e-01
-1.414121866226196289e+00,2.113302230834960938e+00
6.311286926269531250e+00,4.486754417419433594e+00
-2.142568111419677734e+00,-3.819779396057128906e+00
6.828518867492675781e+00,-4.592732429504394531e+00
-1.548632740974426270e+00,-5.160165786743164062e+00
-4.489612102508544922e+00,-3.277950882911682129e-01
-3.062684059143066406e+00,-4.644620716571807861e-01
-3.524161338806152344e+00,-3.452520608901977539e+00
4.399866580963134766e+00,-1.361453980207443237e-01
-1.117494463920593262e+00,-4.010600566864013672e+00
-6.139663696289062500e+00,3.155876159667968750e+00
-1.376402497291564941e+00,1.864717721939086914e+00
6.258480072021484375e+00,-7.938373684883117676e-01
5.880690574645996094e+00,2.952503785490989685e-02
1.127607345581054688e+00,1.436162114143371582e+00
-4.508713245391845703e+00,4.391476809978485107e-01
-4.593247413635253906e+00,-1.622442603111267090e+00
5.715481758117675781e+00,-4.205665588378906250e+00
-7.100393772125244141e+00,1.362238049507141113e+00
4.974024295806884766e+00,2.853520631790161133e+00
-1.852591872215270996e+00,-3.745655536651611328e+00
8.114151954650878906e+00,-7.897399663925170898e-01
-7.102046012878417969e-01,2.222152233123779297e+00
-4.910674095153808594e+00,-1.864403486251831055e+00
-6.482090950012207031e+00,2.639522314071655273e+00
-1.709982514381408691e+00,-2.970304489135742188e+00
-7.461689949035644531e+00,2.895067930221557617e+00
-3.080590248107910156e+00,8.145309239625930786e-02
6.594152927398681641e+00,2.492729425430297852e+00
-1.441952228546142578e+00,-3.437469244003295898e+00
-8.959677696228027344e+00,-3.337198972702026367e+00
8.117110252380371094e+00,-6.601354479789733887e-01
-7.947014808654785156e+00,-2.829655408859252930e+00
5.831968307495117188e+00,-9.781954884529113770e-01
-5.879797935485839844e+00,-5.126789808273315430e-01
6.956664562225341797e+00,2.557892799377441406e+00
-8.227267265319824219e+00,3.046202659606933594e+00
-7.924471378326416016e+00,-1.773977518081665039e+00
-8.370958328247070312e+00,-2.183759927749633789e+00
6.531990051269531250e+00,-8.721708655357360840e-01
-8.243755340576171875e+00,2.887855052947998047e+00
-1.692632198333740234e+00,-3.050597190856933594e+00
6.065143585205078125e+00,3.291583061218261719e+00
8.999001383781433105e-01,2.651663541793823242e+00
-4.465075492858886719e+00,2.429077148437500000e+00
7.962688207626342773e-01,1.669438123703002930e+00
-2.847630500793457031e+00,-1.427381992340087891e+00
-4.361387252807617188e+00,-2.546132564544677734e+00
6.718057155609130859e+00,2.445590019226074219e+00
-3.976478338241577148e+00,1.422641992568969727e+00
-5.877895832061767578e+00,2.875043869018554688e+00
4.775929927825927734e+00,-2.339514970779418945e+00
-6.453344821929931641e+00,2.096009016036987305e+00
-1.677777022123336792e-01,1.691962480545043945e+00
-7.083985805511474609e-01,9.212784767150878906e-01
-6.914363861083984375e+00,-2.633818149566650391e+00
-3.649897098541259766e+00,-9.169161915779113770e-01
6.017773151397705078e+00,-4.595226287841796875e+00
-2.201916694641113281e+00,-2.672219038009643555e+00
-4.059212207794189453e+00,-2.787632226943969727e+00
-7.130054950714111328e+00,-1.440172672271728516e+00
-6.616524219512939453e+00,2.826098203659057617e+00
7.805534839630126953e+00,-5.061160564422607422e+00
-4.574768543243408203e+00,2.516460895538330078e+00
-2.405852317810058594e+00,-2.193821191787719727e+00
-4.580027103424072266e+00,1.536873728036880493e-01
2.887790203094482422e+00,-1.516888260841369629e+00
-4.860638618469238281e+00,6.012372970581054688e-01
-9.203744530677795410e-01,-2.684893131256103516e+00
2.813677549362182617e+00,3.575375556945800781e+00
5.933234214782714844e+00,2.504574060440063477e+00
-4.515569210052490234e+00,-1.206526756286621094e+00
-4.723954677581787109e+00,-8.017649650573730469e-01
-3.997193336486816406e+00,-4.394516646862030029e-01
-2.095654964447021484e+00,-3.810603380203247070e+00
-3.284551858901977539e+00,1.665939211845397949e+00
-5.926412582397460938e+00,2.713261365890502930e+00
-3.111092567443847656e+00,-1.930961012840270996e+00
-4.637803077697753906e+00,1.333909153938293457e+00
6.223553180694580078e+00,-2.893142700195312500e+00
-5.750592231750488281e+00,-3.094424605369567871e-01
5.629451751708984375e+00,3.968097686767578125e+00
2.381898164749145508e+00,2.908202409744262695e+00
-5.700952053070068359e+00,1.333567500114440918e+00
-4.932494640350341797e+00,-1.674081683158874512e-01
5.857665061950683594e+00,-3.813795328140258789e+00
-8.154951095581054688e+00,-3.157192707061767578e+00
5.552650451660156250e+00,-2.455340862274169922e+00
-1.067512035369873047e+00,-4.352099418640136719e+00
3.767103672027587891e+00,4.363118171691894531e+00
-5.817815780639648438e+00,8.753247857093811035e-01
-4.315817832946777344e+00,-3.103059768676757812e+00
5.110033974051475525e-02,2.759629249572753906e+00
6.731947898864746094e+00,-5.449410080909729004e-01
-4.719547748565673828e+00,-9.675763249397277832e-01
-2.575526714324951172e+00,-2.526309251785278320e+00
6.456332206726074219e+00,3.830686807632446289e+00
-3.129029750823974609e+00,5.936073064804077148e-01
-2.532130002975463867e+00,-1.541798949241638184e+00
3.774810314178466797e+00,3.987703800201416016e+00
8.299704551696777344e+00,-1.280619978904724121e+00
-6.039324283599853516e+00,2.869503736495971680e+00
7.034834384918212891e+00,3.143231153488159180e+00
2.049827337265014648e+00,4.425901412963867188e+00
6.160512447357177734e+00,3.944103956222534180e+00
-4.573949813842773438e+00,-1.187604427337646484e+00
6.758229255676269531e+00,3.266949176788330078e+00
-8.252556800842285156e+00,3.174839735031127930e+00
-1.569848299026489258e+00,-4.913544654846191406e+00
-8.996185064315795898e-01,-3.515341520309448242e+00
-2.995631694793701172e+00,1.851523071527481079e-01
-4.857344627380371094e+00,1.544395327568054199e+00
2.721143722534179688e+00,3.831632375717163086e+00
4.418518543243408203e+00,3.206485509872436523e+00
3.473205804824829102e+00,2.178403377532958984e+00
-2.418072462081909180e+00,-2.695587873458862305e+00
-4.274606227874755859e+00,-2.535750150680541992e+00
7.197107315063476562e+00,-4.827842712402343750e+00
-9.047934532165527344e+00,-2.655562639236450195e+00
-8.213288307189941406e+00,-2.876610755920410156e+00
5.303646087646484375e+00,2.114445447921752930e+00
8.103834152221679688e+00,4.878531455993652344e+00
5.665229797363281250e+00,-1.815922379493713379e+00
4.887290954589843750e+00,3.731965541839599609e+00
4.777846336364746094e+00,-1.065978556871414185e-01
2.542031764984130859e+00,4.336388111114501953e+00
7.425563335418701172e+00,-4.912112712860107422e+00
-5.820515155792236328e+00,-1.615556001663208008e+00
-6.390152931213378906e+00,5.151802897453308105e-01
4.327262878417968750e+00,3.183906316757202148e+00
7.276267528533935547e+00,-1.135273814201354980e+00
1.583529472351074219e+00,3.524950027465820312e+00
-6.664267063140869141e+00,-2.353841543197631836e+00
-6.290863990783691406e+00,-7.941807508468627930e-01
-7.488598823547363281e+00,-2.944043636322021484e+00
-5.034684181213378906e+00,1.628836631774902344e+00
-3.702537298202514648e+00,-9.966299533843994141e-01
6.563542842864990234e+00,2.383416891098022461e+00
7.585672378540039062e+00,3.433096170425415039e+00
-4.436003684997558594e+00,-2.918294429779052734e+00
6.528454303741455078e+00,-3.464963197708129883e+00
-3.682094097137451172e+00,-2.889631271362304688e+00
4.201677322387695312e+00,4.200065612792968750e+00
-6.981513023376464844e+00,-1.673199057579040527e+00
-2.550112485885620117e+00,1.843394398689270020e+00
4.123253822326660156e+00,2.422736883163452148e+00
6.776080608367919922e+00,-5.173923373222351074e-01
4.583720207214355469e+00,-3.790633082389831543e-01
4.982936859130859375e+00,-3.138620615005493164e+00
7.921442031860351562e+00,-7.269234061241149902e-01
6.436858654022216797e+00,-4.550014019012451172e+00
-4.288910865783691406e+00,-1.166714549064636230e+00
-4.705750942230224609e+00,1.104951024055480957e+00
-7.307908058166503906e+00,2.349088191986083984e+00
-3.961294651031494141e+00,-3.878597259521484375e+00
-4.424038887023925781e+00,-3.907830476760864258e+00
7.475678443908691406e+00,2.170596458017826080e-02
-8.131205558776855469e+00,-2.156930685043334961e+00
3.715212047100067139e-01,2.127665758132934570e+00
-2.920522212982177734e+00,1.043183445930480957e+00
-8.520592689514160156e+00,-3.347033262252807617e+00
-8.210328102111816406e+00,-3.299109697341918945e+00
7.756635189056396484e+00,3.262479543685913086e+00
7.017223834991455078e-01,2.460003137588500977e+00
-8.331314086914062500e+00,-3.579900979995727539e+00
4.245303630828857422e+00,-4.552836418151855469e-01
-4.953607559204101562e+00,-2.639504194259643555e+00
-9.089181900024414062e+00,-3.341959238052368164e+00
6.429791927337646484e+00,2.319896697998046875e+00
4.233443737030029297e+00,4.662719726562500000e+00
-8.059086799621582031e+00,3.351164340972900391e+00
-4.596659660339355469e+00,-1.704300761222839355e+00
4.741827011108398438e+00,9.016478806734085083e-02
-2.149610519409179688e+00,5.510932803153991699e-01
5.695392489433288574e-01,2.131262540817260742e+00
7.625000000000000000e+00,-1.238601088523864746e+00
-9.144101142883300781e+00,-2.655572652816772461e+00
-4.482488155364990234e+00,-4.031800746917724609e+00
-3.475932121276855469e+00,1.385141968727111816e+00
-4.938770294189453125e+00,-2.425241023302078247e-01
-7.609602928161621094e+00,-2.357303619384765625e+00
-4.878129482269287109e+00,7.269487380981445312e-01
8.046036720275878906e+00,-8.683180809020996094e-01
-2.385395050048828125e+00,-3.178395986557006836e+00
-1.150661587715148926e+00,-4.608350753784179688e+00
-3.798316240310668945e+00,-8.760905265808105469e-01
-6.411435604095458984e+00,-1.344501495361328125e+00
-5.458802223205566406e+00,4.731042087078094482e-01
1.479331851005554199e+00,3.393015623092651367e+00
5.686563014984130859e+00,-3.724770307540893555e+00
4.517686843872070312e+00,6.784759461879730225e-02
4.576175689697265625e+00,2.814218282699584961e+00
-3.772221326828002930e+00,1.511020541191101074e+00
4.310347080230712891e+00,-1.963807582855224609e+00
7.257096767425537109e+00,-7.809981703758239746e-01
3.798185586929321289e+00,4.650187492370605469e+00
7.908151149749755859e+00,-8.103117346763610840e-01
-1.824245691299438477e+00,-3.246076107025146484e+00
7.403295993804931641e+00,4.786906242370605469e+00
-8.543354034423828125e+00,-2.062748193740844727e+00
-1.485676884651184082e+00,-3.227207422256469727e+00
-8.967609405517578125e+00,-2.398844718933105469e+00
8.389047622680664062e+00,4.255439758300781250e+00
-4.110236167907714844e+00,-1.406822681427001953e+00
-4.252634525299072266e+00,-3.171188354492187500e+00
-6.471115589141845703e+00,2.827233791351318359e+00
-4.729180812835693359e+00,1.807073712348937988e+00
3.316221475601196289e+00,4.228216648101806641e+00
-6.702964782714843750e+00,1.286883354187011719e+00
-7.516847610473632812e+00,-2.036076068878173828e+00
5.464462280273437500e+00,-3.889647006988525391e+00
-2.008292198181152344e+00,-4.327453136444091797e+00
-6.940736770629882812e+00,2.936781406402587891e+00
6.110973358154296875e+00,3.896303102374076843e-02
-6.689552307128906250e+00,9.333486557006835938e-01
-4.486058712005615234e+00,-3.133643150329589844e+00
-4.725843429565429688e+00,2.068979978561401367e+00
4.537120461463928223e-01,2.635700702667236328e-01
7.808058261871337891e+00,-5.257288455963134766e+00
-7.020570278167724609e+00,3.174287319183349609e+00
2.411484003067016602e+00,2.945631504058837891e+00
7.509989738464355469e+00,-5.309156417846679688e+00
7.633915424346923828e+00,-5.510136127471923828e+00
5.373417854309082031e+00,-2.517821073532104492e+00
6.674057960510253906e+00,-2.736669592559337616e-02
-2.046188354492187500e+00,-1.811160326004028320e+00
-7.175563335418701172e+00,2.834875822067260742e+00
-4.446422100067138672e+00,-3.525844573974609375e+00
7.491148948669433594e+00,-1.499627113342285156e+00
-1.527536392211914062e+00,-5.109480381011962891e+00
7.943005561828613281e+00,4.320723533630371094e+00
2.917052030563354492e+00,-9.106016159057617188e-01
3.880553960800170898e+00,4.758992671966552734e+00
-1.787351489067077637e+00,6.944101452827453613e-01
6.814990043640136719e+00,2.700909614562988281e+00
-4.944722652435302734e+00,2.038359642028808594e+00
-6.792912483215332031e+00,-1.500025868415832520e+00
-1.701459646224975586e+00,-1.639405488967895508e+00
1.666565656661987305e+00,4.238369464874267578e+00
5.096783161163330078e+00,-3.237520694732666016e+00
-4.447924613952636719e+00,-3.827053308486938477e+00
7.363120079040527344e+00,3.357634782791137695e+00
-3.604202747344970703e+00,-3.402990579605102539e+00
-4.492074489593505859e+00,-2.529014348983764648e+00
-8.622601509094238281e+00,-3.011289358139038086e+00
-7.653691768646240234e+00,-3.034481287002563477e+00
-4.827836990356445312e+00,7.399514913558959961e-01
6.161547660827636719e+00,2.581217765808105469e+00
7.369719028472900391e+00,-5.413028240203857422e+00
7.007867813110351562e+00,3.438025474548339844e+00
-3.496428012847900391e+00,-3.053427457809448242e+00
-7.451298713684082031e+00,-2.049209594726562500e+00
-3.208988189697265625e+00,8.817417025566101074e-01
7.159683227539062500e+00,-3.928973674774169922e-01
-4.414127767086029053e-01,1.428624629974365234e+00
8.441771268844604492e-01,3.572010993957519531e+00
5.086560249328613281e+00,-3.176010847091674805e+00
-3.792002677917480469e+00,-2.078807592391967773e+00
7.812465190887451172e+00,-7.424620389938354492e-01
7.483735561370849609e+00,-4.800006389617919922e+00
-9.115175247192382812e+00,-2.422771930694580078e+00
-1.988113999366760254e+00,-4.306433677673339844e+00
-9.312034845352172852e-01,4.526895284652709961e-01
-1.146525889635086060e-01,2.220537185668945312e+00
7.188406467437744141e+00,-5.155190944671630859e+00
-2.056822061538696289e+00,-2.144531965255737305e+00
-8.539697647094726562e+00,-3.153489112854003906e+00
-6.658164978027343750e+00,3.396591186523437500e+00
-2.497974157333374023e+00,1.145634055137634277e+00
-9.478130340576171875e-01,4.774086177349090576e-01
-4.708176136016845703e+00,1.089705467224121094e+00
-6.041351795196533203e+00,-2.973004011437296867e-03
2.996475458145141602e+00,4.465801239013671875e+00
4.560341835021972656e+00,1.350382208824157715e+00
4.568977832794189453e+00,1.856523036956787109e+00
7.670366764068603516e+00,-5.548467159271240234e+00
-2.427445411682128906e+00,1.360130906105041504e+00
-6.564532756805419922e+00,1.474351525306701660e+00
-4.415211200714111328e+00,-7.848831415176391602e-01
-7.410185337066650391e+00,3.437674999237060547e+00
6.393311500549316406e+00,4.316408157348632812e+00
-1.110559582710266113e+00,-4.132727146148681641e+00
-4.972377777099609375e+00,-6.329974532127380371e-02
-6.577016830444335938e+00,-2.493128061294555664e+00
-4.430326938629150391e+00,8.590161204338073730e-01
7.084832191467285156e+00,4.673431873321533203e+00
4.104881763458251953e+00,3.798344612121582031e+00
-5.401112079620361328e+00,8.783766627311706543e-01
6.890085220336914062e+00,-3.893490433692932129e-01
-3.576488256454467773e+00,-2.678150653839111328e+00
-8.771293640136718750e+00,-3.004644870758056641e+00
-6.458968162536621094e+00,3.405253648757934570e+00
6.773962020874023438e+00,-5.335585117340087891e+00
5.820989131927490234e+00,-4.353807926177978516e+00
3.266180992126464844e+00,4.702230453491210938e+00
-3.967137098312377930e+00,1.586794853210449219e+00
-6.385339736938476562e+00,5.936990305781364441e-02
7.153129100799560547e+00,-1.874233633279800415e-01
-3.457803010940551758e+00,-3.195336341857910156e+00
4.782911777496337891e+00,2.946362495422363281e+00
7.070491790771484375e+00,-4.463210582733154297e+00
-2.385806322097778320e+00,-3.431115150451660156e+00
-1.569092631340026855e+00,-5.149002075195312500e+00
5.640444278717041016e+00,-1.190990209579467773e+00
8.214410781860351562e+00,-1.226917743682861328e+00
-3.109318494796752930e+00,-1.822645902633666992e+00
-1.900545835494995117e+00,1.753955364227294922e+00
-7.390463352203369141e+00,-2.354218721389770508e+00
-3.829955577850341797e+00,1.514591455459594727e+00
-2.150997400283813477e+00,4.638274908065795898e-01
6.072455883026123047e+00,2.932088613510131836e+00
-2.762499332427978516e+00,1.326107263565063477e+00
-1.885688066482543945e+00,-3.121963024139404297e+00
-6.761496067047119141e+00,-2.212711572647094727e+00
-2.311109781265258789e+00,-2.330619096755981445e+00
2.858191013336181641e+00,4.201801300048828125e+00
-4.400073051452636719e+00,7.797220349311828613e-01
6.186579704284667969e+00,-3.105282306671142578e+00
-1.523437023162841797e+00,5.120691657066345215e-01
5.174541950225830078e+00,-8.204985857009887695e-01
-4.051675319671630859e+00,-1.111042857170104980e+00
-5.865623474121093750e+00,-9.506806135177612305e-01
5.902056694030761719e+00,2.310396432876586914e-01
-6.999322891235351562e+00,-8.064340353012084961e-01
1.419152855873107910e+00,-3.758645296096801758e+00
1.834371209144592285e+00,4.243580818176269531e+00
6.788626670837402344e+00,-4.512143611907958984e+00
7.716452598571777344e+00,3.097262144088745117e+00
-1.638826251029968262e+00,-4.420371055603027344e+00
4.361113548278808594e+00,1.441112279891967773e+00
2.418175935745239258e+00,4.254789829254150391e+00
-3.891472339630126953e+00,-2.997901439666748047e+00
-1.535117387771606445e+00,-5.198679924011230469e+00
-4.114623546600341797e+00,-4.167453765869140625e+00
-4.602015972137451172e+00,3.014060556888580322e-01
-6.497070789337158203e+00,-1.520698308944702148e+00
5.100117206573486328e+00,-1.628278791904449463e-01
-2.594193458557128906e+00,-2.183374643325805664e+00
6.529547691345214844e+00,-7.779023647308349609e-01
3.837318181991577148e+00,3.167461633682250977e+00
-2.433908700942993164e+00,-1.810634136199951172e+00
-4.657348155975341797e+00,-3.704901695251464844e+00
-7.032537937164306641e+00,3.531056880950927734e+00
7.084081172943115234e+00,4.408474922180175781e+00
5.639671325683593750e+00,-3.894924163818359375e+00
-4.118722438812255859e+00,-1.317772984504699707e+00
-2.417179107666015625e+00,-2.105108737945556641e+00
7.723259449005126953e+00,-7.218303531408309937e-02
7.529750347137451172e+00,-1.463323086500167847e-01
8.475679397583007812e+00,4.405272960662841797e+00
6.887891292572021484e+00,3.373486518859863281e+00
-6.511591434478759766e+00,-7.040268182754516602e-01
-4.804691791534423828e+00,1.269635081291198730e+00
-2.242103576660156250e+00,-3.382876396179199219e+00
1.339954137802124023e+00,4.051963806152343750e+00
-9.720190763473510742e-01,2.273985624313354492e+00
5.583321094512939453e+00,1.850863695144653320e+00
1.038545370101928711e+00,1.340115904808044434e+00
-3.481583833694458008e+00,7.558519840240478516e-01
-4.655454635620117188e+00,-9.658998250961303711e-02
-6.469812393188476562e+00,-5.513921380043029785e-02
-2.894884586334228516e+00,1.124417781829833984e+00
6.462851047515869141e+00,-1.007884025573730469e+00
-1.078395843505859375e+00,-2.975142717361450195e+00
-1.914964199066162109e+00,-1.520877242088317871e+00
-6.707751274108886719e+00,-2.448659658432006836e+00
6.258803844451904297e+00,4.434120178222656250e+00
-5.703680515289306641e+00,1.439538121223449707e+00
-7.939208507537841797e+00,-2.521615982055664062e+00
7.748803138732910156e+00,-4.677656650543212891e+00
-5.844219207763671875e+00,-6.138014793395996094e-01
-5.929379463195800781e+00,3.083729743957519531e+00
2.262552738189697266e+00,1.404796123504638672e+00
6.494524002075195312e+00,-1.485869050025939941e+00
6.011906623840332031e+00,-1.328437685966491699e+00
-6.728886604309082031e+00,1.428300380706787109e+00
-3.900903940200805664e+00,1.450666546821594238e+00
2.439660549163818359e+00,3.389631271362304688e+00
-7.020698070526123047e+00,1.367154717445373535e+00
2.393173456192016602e+00,4.190843105316162109e+00
-4.958427429199218750e+00,1.872573345899581909e-01
-3.061724185943603516e+00,1.677136898040771484e+00
-2.528781414031982422e+00,-8.474959135055541992e-01
-5.663451671600341797e+00,-2.373355925083160400e-01
8.196329116821289062e+00,-1.332933187484741211e+00
-5.991868019104003906e+00,2.920031785964965820e+00
-4.384471416473388672e+00,8.830090165138244629e-01
-1.212001800537109375e+00,-2.720278501510620117e+00
-7.361615657806396484e+00,-1.536738157272338867e+00
-5.911576747894287109e+00,2.934226989746093750e+00
5.871753692626953125e+00,-1.028120398521423340e+00
-7.110132217407226562e+00,2.777879238128662109e+00
-6.434923648834228516e+00,-2.055228471755981445e+00
6.610090255737304688e+00,-4.717594146728515625e+00
-1.027382493019104004e+00,1.009319543838500977e+00
-3.838564872741699219e+00,-1.331693958491086960e-02
2.826143026351928711e+00,3.571504831314086914e+00
7.947000265121459961e-01,2.545369386672973633e+00
-1.381372570991516113e+00,-4.814516067504882812e+00
7.790962219238281250e+00,3.522209644317626953e+00
-4.758564472198486328e+00,-1.704472184181213379e+00
-4.410789489746093750e+00,-1.116174221038818359e+00
9.841279387474060059e-01,3.591103076934814453e+00
7.224591732025146484e+00,-6.300834417343139648e-01
-5.580287456512451172e+00,2.324287414550781250e+00
7.466331958770751953e+00,-6.087990403175354004e-01
-4.475835323333740234e+00,-5.078843235969543457e-01
6.363317966461181641e+00,-1.344646811485290527e+00
-6.994606971740722656e+00,1.369148612022399902e+00
-4.390398979187011719e+00,1.065133213996887207e+00
-5.278461456298828125e+00,-7.998653650283813477e-01
-6.697143077850341797e+00,1.490881204605102539e+00
-2.589006185531616211e+00,1.281468033790588379e+00
-5.933192729949951172e+00,-6.913855075836181641e-01
8.485917091369628906e+00,4.338736057281494141e+00
5.778422355651855469e+00,2.765649557113647461e+00
-7.959937572479248047e+00,-2.418130636215209961e+00
4.510109901428222656e+00,3.218482255935668945e+00
7.298415660858154297e+00,-4.163607597351074219e+00
-6.213605880737304688e+00,-6.298865377902984619e-02
4.681710243225097656e+00,3.120189666748046875e+00
-2.547807693481445312e-01,1.761730313301086426e+00
5.873316287994384766e+00,2.129580974578857422e+00
-4.223284244537353516e+00,9.003636837005615234e-01
4.259466648101806641e+00,2.829938888549804688e+00
-4.872745513916015625e+00,-3.494378328323364258e+00
7.757346153259277344e+00,-1.349260061979293823e-01
7.253232479095458984e+00,-4.579448223114013672e+00
-8.326078414916992188e+00,3.079002618789672852e+00
-2.038264751434326172e+00,-2.199184417724609375e+00
7.748633861541748047e+00,-5.432738304138183594e+00
-4.164111614227294922e+00,3.133250474929809570e-01
3.007907867431640625e+00,4.864675045013427734e+00
6.979300022125244141e+00,-5.209125518798828125e+00
-7.081630229949951172e+00,2.622029066085815430e+00
2.028574705123901367e+00,4.398069381713867188e+00
6.882396697998046875e+00,3.563518285751342773e+00
7.053143024444580078e+00,-3.983456850051879883e+00
6.106787204742431641e+00,-1.719990253448486328e+00
-6.135519504547119141e+00,1.813951969146728516e+00
6.083067417144775391e+00,2.631435155868530273e+00
4.835808277130126953e+00,-2.741837739944458008e+00
5.239303112030029297e+00,3.306349515914916992e+00
6.579576969146728516e+00,-3.525415658950805664e+00
8.014589309692382812e+00,4.833005428314208984e+00
-4.945411205291748047e+00,1.677550673484802246e+00
6.288566112518310547e+00,-3.986109256744384766e+00
5.013440608978271484e+00,-2.777835845947265625e+00
4.185992717742919922e+00,3.526037216186523438e+00
-7.166429996490478516e+00,3.362884998321533203e+00
1.833730816841125488e+00,4.352180957794189453e-01
-4.141363143920898438e+00,-3.192593097686767578e+00
1.628289222717285156e+00,3.865032434463500977e+00
-6.438601970672607422e+00,2.217359304428100586e+00
5.994233131408691406e+00,-2.285328388214111328e+00
-4.921422481536865234e+00,-2.312703132629394531e+00
1.134276747703552246e+00,3.673341751098632812e+00
-4.609982967376708984e+00,-3.559230804443359375e+00
7.218014240264892578e+00,-1.304113268852233887e+00
-5.784540653228759766e+00,3.041532039642333984e+00
7.047949314117431641e+00,-4.698145866394042969e+00
-9.909820556640625000e-01,1.972385644912719727e+00
-4.419148445129394531e+00,-1.417333960533142090e+00
-2.514895200729370117e+00,-2.956262826919555664e+00
7.004405498504638672e+00,4.352741241455078125e+00
-1.729753255844116211e+00,-4.581213951110839844e+00
-2.332665205001831055e+00,1.313429951667785645e+00
-4.368249416351318359e+00,-3.695317506790161133e+00
-5.917962551116943359e+00,2.781587362289428711e+00
-5.686078548431396484e+00,-3.639005422592163086e-01
-2.685231685638427734e+00,-2.413866043090820312e+00
3.287530899047851562e+00,4.527604103088378906e+00
-5.522243499755859375e+00,-1.524516701698303223e+00
7.886071205139160156e+00,-5.158749103546142578e+00
-7.267511367797851562e+00,3.206281423568725586e+00
4.304184436798095703e+00,-7.193391919136047363e-01
7.265515804290771484e+00,4.756362915039062500e+00
5.391417503356933594e+00,3.878864288330078125e+00
-7.322682142257690430e-01,7.129054069519042969e-01
1.304592251777648926e+00,2.827487945556640625e+00
-2.222856998443603516e+00,-1.203902721405029297e+00
-4.876557826995849609e+00,-9.779736399650573730e-01
5.706228688359260559e-02,2.280671596527099609e+00
-5.758540153503417969e+00,-9.002318978309631348e-01
5.265140056610107422e+00,-7.867360711097717285e-01
-3.386569499969482422e+00,-2.899548053741455078e+00
-6.260269641876220703e+00,2.367248296737670898e+00
5.490082740783691406e+00,-1.773906111717224121e+00
-4.828862667083740234e+00,-2.156918525695800781e+00
-5.899132251739501953e+00,-1.158143520355224609e+00
-1.250436782836914062e+00,2.422091484069824219e+00
-8.099689483642578125e+00,-3.001557826995849609e+00
-4.035001754760742188e+00,1.846383213996887207e+00
-9.045980453491210938e+00,-3.390032768249511719e+00
5.844417095184326172e+00,3.886321544647216797e+00
7.177949428558349609e+00,-4.058701038360595703e+00
5.020065307617187500e+00,-1.276713132858276367e+00
4.570431709289550781e+00,2.952739000320434570e+00
7.365407466888427734e+00,-1.300761699676513672e+00
-2.060983180999755859e+00,-2.367675065994262695e+00
-4.948154449462890625e+00,1.601196646690368652e+00
5.379230976104736328e+00,-9.915224313735961914e-01
4.073973655700683594e+00,3.671916484832763672e+00
-1.078057169914245605e+00,2.047807216644287109e+00
-1.453790545463562012e+00,9.600858688354492188e-01
7.203197956085205078e+00,1.155543327331542969e-01
2.919446706771850586e+00,4.492391586303710938e+00
-4.741541862487792969e+00,-1.559767723083496094e+00
-5.583035945892333984e+00,1.404777884483337402e+00
-2.908022880554199219e+00,-9.150016307830810547e-01
-3.638321638107299805e+00,-1.088349223136901855e+00
4.910392284393310547e+00,-7.391552925109863281e-01
6.554970741271972656e+00,-5.112377643585205078e+00
-1.327997803688049316e+00,-1.349606037139892578e+00
4.458549976348876953e+00,6.782547831535339355e-01
6.742375373840332031e+00,4.178369522094726562e+00
-4.725185394287109375e+00,-3.033216476440429688e+00
-7.465216636657714844e+00,2.933405876159667969e+00
-1.908162832260131836e+00,7.566893696784973145e-01
6.697256565093994141e+00,3.467235088348388672e+00
4.145729541778564453e+00,4.107116222381591797e+00
-1.959003925323486328e+00,-8.233538866043090820e-01
-6.195360660552978516e+00,2.397944927215576172e+00
-2.865873336791992188e+00,1.385674715042114258e+00
4.636571884155273438e+00,-1.998277902603149414e+00
-4.001651763916015625e+00,-3.966839075088500977e+00
-4.189830780029296875e+00,-4.245437622070312500e+00
8.464378356933593750e+00,4.509181499481201172e+00
7.193175315856933594e+00,-1.465020179748535156e-01
-1.210605740547180176e+00,-2.180455684661865234e+00
7.458917617797851562e+00,4.731398105621337891e+00
-4.657541751861572266e+00,-7.752155661582946777e-01
-6.987744331359863281e+00,-9.637334346771240234e-01
-7.772818565368652344e+00,-2.849400043487548828e+00
4.001476287841796875e+00,4.939749240875244141e+00
6.913219451904296875e+00,-4.072228908538818359e+00
6.759445190429687500e+00,-5.220978736877441406e+00
5.432958126068115234e+00,-3.756737709045410156e+00
6.979608535766601562e+00,4.403577804565429688e+00
7.178936958312988281e+00,-3.509549140930175781e+00
-1.855525851249694824e+00,-1.451509952545166016e+00
-3.498007059097290039e+00,-2.151341915130615234e+00
4.518570423126220703e+00,2.515091657638549805e+00
-2.317808389663696289e+00,-3.041001319885253906e+00
7.824699878692626953e+00,3.626220703125000000e+00
-2.534485340118408203e+00,5.059387087821960449e-01
6.807507991790771484e+00,-4.688138008117675781e+00
-1.993773698806762695e+00,1.146613121032714844e+00
-4.577050685882568359e+00,2.019875049591064453e+00
-4.028065681457519531e+00,-2.025952748954296112e-02
-8.759487152099609375e+00,-3.532779932022094727e+00
3.811778783798217773e+00,4.613855361938476562e+00
-6.286261558532714844e+00,3.276985406875610352e+00
-1.591518759727478027e+00,-9.377105236053466797e-01
-1.030822753906250000e+00,2.251649856567382812e+00
-4.848671436309814453e+00,-3.543974637985229492e+00
-4.338054656982421875e+00,-6.652193069458007812e-01
6.373919010162353516e+00,1.758518218994140625e-01
-4.393026351928710938e+00,1.213112711906433105e+00
6.800215244293212891e+00,4.327071189880371094e+00
-3.397106647491455078e+00,1.627597332000732422e+00
4.000641345977783203e+00,4.852043151855468750e+00
7.379024505615234375e+00,4.669364452362060547e+00
-2.583770275115966797e+00,4.301833212375640869e-01
-4.182130336761474609e+00,-3.179934978485107422e+00
6.357941627502441406e+00,-4.447698593139648438e+00
6.416113853454589844e+00,2.340696096420288086e+00
-4.202819824218750000e+00,-4.279738903045654297e+00
6.729988574981689453e+00,-7.564490288496017456e-02
-8.355273246765136719e+00,3.049782514572143555e+00
-3.319944143295288086e+00,1.188573360443115234e+00
7.542347431182861328e+00,-5.094848632812500000e+00
-8.186705708503723145e-01,-3.122447967529296875e+00
-1.302228212356567383e+00,-2.627030134201049805e+00
-1.877581596374511719e+00,-2.294100046157836914e+00
-1.884005665779113770e+00,-3.070724725723266602e+00
1.401005744934082031e+00,4.142765998840332031e+00
-6.731641292572021484e+00,7.119532823562622070e-01
6.695013046264648438e+00,2.422179460525512695e+00
-6.232359886169433594e+00,7.224809378385543823e-02
-6.095996379852294922e+00,1.340792417526245117e+00
2.706932067871093750e+00,3.959730148315429688e+00
-8.354118347167968750e+00,3.001129388809204102e+00
-3.182958364486694336e+00,-7.864131927490234375e-01
1.494818449020385742e+00,3.583141326904296875e+00
7.636364459991455078e+00,3.111064195632934570e+00
2.649186134338378906e+00,3.672861337661743164e+00
1.041157364845275879e+00,2.890045642852783203e+00
6.701705932617187500e+00,-9.497041106224060059e-01
-3.321984529495239258e+00,1.209144592285156250e+00
-8.413252420723438263e-03,2.538927555084228516e+00
-3.581961870193481445e+00,1.936273455619812012e+00
-4.672995090484619141e+00,-3.732343435287475586e+00
7.084434032440185547e+00,3.022551774978637695e+00
-4.269513130187988281e+00,-1.226633667945861816e+00
-4.208321094512939453e+00,1.245096921920776367e+00
-9.116172790527343750e+00,-2.788324594497680664e+00
-5.531967163085937500e+00,-4.165265858173370361e-01
-5.317883968353271484e+00,1.723957777023315430e+00
7.316856384277343750e-01,3.177276849746704102e-01
-1.245252251625061035e+00,1.035080552101135254e+00
7.350317955017089844e+00,8.659214526414871216e-02
-4.780179977416992188e+00,-2.404367923736572266e+00
3.950751304626464844e+00,4.749179363250732422e+00
7.160673618316650391e+00,-5.218811511993408203e+00
-1.104723215103149414e+00,-4.520877838134765625e+00
-6.001686096191406250e+00,2.915715217590332031e+00
-6.895184516906738281e+00,2.353634834289550781e+00
-1.237529158592224121e+00,-8.932527899742126465e-02
-6.762920856475830078e+00,1.404011368751525879e+00
2.984480142593383789e+00,4.266956329345703125e+00
-2.471647500991821289e+00,-2.829736709594726562e+00
-5.569262504577636719e+00,-8.564740419387817383e-01
3.822117328643798828e+00,3.035037517547607422e+00
-1.856404423713684082e+00,-3.738212823867797852e+00
-5.623245239257812500e+00,1.293227374553680420e-01
7.419215202331542969e+00,4.186542510986328125e+00
1.749056577682495117e+00,3.874833345413208008e+00
7.865363121032714844e+00,3.429974794387817383e+00
-4.081010341644287109e+00,-1.093242287635803223e+00
-1.155515432357788086e+00,-2.464673280715942383e+00
3.960403680801391602e+00,3.787537336349487305e+00
-6.299099445343017578e+00,2.677127838134765625e+00
-5.180603504180908203e+00,2.715305566787719727e+00
-6.718191623687744141e+00,8.805892467498779297e-01
-1.550802469253540039e+00,2.119852542877197266e+00
-6.546942710876464844e+00,-2.222678437829017639e-02
-7.499327659606933594e+00,3.040727615356445312e+00
5.729709625244140625e+00,-3.794860124588012695e+00
-1.371430873870849609e+00,-4.596678256988525391e+00
