-1.236634105443954468e-01,-2.389595746994018555e+00
6.658111810684204102e-01,-2.263669729232788086e+00
-1.955375969409942627e-01,3.170088052749633789e+00
-1.389475464820861816e+00,-2.007110118865966797e+00
3.506838977336883545e-01,2.923964500427246094e+00
4.989972710609436035e-01,8.527939915657043457e-01
2.776238918304443359e+00,4.018922448158264160e-01
1.002809762954711914e+00,3.724637508392333984e+00
-6.263144612312316895e-01,2.955053091049194336e+00
3.108138144016265869e-01,-3.159127235412597656e+00
-1.408134818077087402e+00,-4.009214401245117188e+00
-2.411232233047485352e+00,-7.019144296646118164e-01
-9.260623455047607422e-01,3.499990463256835938e+00
3.779984414577484131e-01,2.300532579421997070e+00
-3.405049800872802734e+00,7.144671678543090820e-01
-3.092623129487037659e-02,-2.695862054824829102e+00
-3.046948671340942383e+00,-6.106343269348144531e-01
-3.037185966968536377e-01,5.253155827522277832e-01
-1.351613759994506836e+00,-5.677732944488525391e+00
9.167701005935668945e-01,4.790833473205566406e+00
-1.695069789886474609e+00,-3.129732608795166016e+00
7.328484058380126953e-01,-7.346037387847900391e+00
-1.845268011093139648e+00,-3.801492750644683838e-01
1.633903980255126953e+00,2.128322124481201172e+00
2.276705741882324219e+00,2.435706138610839844e+00
2.537066638469696045e-01,2.844545125961303711e+00
-2.241379261016845703e+00,1.811291217803955078e+00
-1.609569907188415527e+00,-4.717902541160583496e-01
6.035060286521911621e-01,-9.557076692581176758e-01
1.958719611167907715e+00,5.445719718933105469e+00
1.545437455177307129e+00,2.154597043991088867e+00
1.817528367042541504e+00,2.685287714004516602e+00
2.038592576980590820e+00,5.994926452636718750e+00
1.939963459968566895e+00,-4.247508943080902100e-01
5.298840403556823730e-01,-1.734463572502136230e+00
-8.856204748153686523e-01,-5.145655870437622070e-01
1.331685543060302734e+00,6.130946159362792969e+00
-2.614820480346679688e+00,-1.785075426101684570e+00
-1.973975777626037598e+00,-9.827731847763061523e-01
-8.376775383949279785e-01,7.546159625053405762e-01
-1.537778615951538086e+00,-4.560314655303955078e+00
2.033169269561767578e+00,3.003692388534545898e+00
-2.202009439468383789e+00,3.166995644569396973e-01
4.046407341957092285e-01,2.709800004959106445e+00
-2.345257520675659180e+00,-6.507361888885498047e+00
-3.605912685394287109e+00,-1.101239442825317383e+00
2.084675788879394531e+00,3.405958175659179688e+00
-1.762446880340576172e+00,9.883400797843933105e-01
2.663430452346801758e+00,7.130237102508544922e+00
2.630077600479125977e+00,6.711118221282958984e+00
-2.820492506027221680e+00,-2.148718833923339844e+00
-2.171029299497604370e-01,-1.550375699996948242e+00
2.130760908126831055e+00,4.728992938995361328e+00
-2.981649398803710938e+00,4.984617531299591064e-01
-5.659371614456176758e-01,-5.438958168029785156e+00
-2.610593318939208984e+00,-6.002381324768066406e+00
1.374059557914733887e+00,1.824178814888000488e+00
2.551661729812622070e-01,4.046179056167602539e-01
-1.892949342727661133e+00,-1.272554993629455566e-01
2.528286457061767578e+00,-1.631991863250732422e+00
3.205235481262207031e+00,4.845253467559814453e+00
1.376196265220642090e+00,1.627181172370910645e-01
-5.911681652069091797e-01,-5.454461574554443359e-01
-2.902542054653167725e-01,-2.873401641845703125e+00
3.476612865924835205e-01,3.979916572570800781e-01
-3.088372230529785156e+00,5.205629467964172363e-01
-1.319896697998046875e+00,-3.069603443145751953e+00
-2.005060017108917236e-01,-5.462922096252441406e+00
-2.849035859107971191e-01,1.646344542503356934e+00
1.686461806297302246e+00,-1.281469941139221191e+00
3.875868916511535645e-01,-2.105063199996948242e+00
-4.308483004570007324e-02,2.578361511230468750e+00
-2.749159812927246094e+00,-5.835920333862304688e+00
-3.130442500114440918e-01,-4.225409030914306641e+00
-1.881163477897644043e+00,-3.683518409729003906e+00
3.805602550506591797e+00,4.405381202697753906e+00
-3.301223754882812500e+00,-2.099396228790283203e+00
-1.652363687753677368e-01,-1.723965048789978027e+00
7.697823643684387207e-01,2.258016347885131836e+00
-7.401453852653503418e-01,-5.556027412414550781e+00
3.300418853759765625e-01,1.309160470962524414e+00
1.001771569252014160e+00,-3.603942871093750000e+00
2.976508140563964844e+00,2.092877388000488281e+00
1.062378883361816406e+00,-2.746847569942474365e-01
1.933035373687744141e+00,-3.422609090805053711e+00
-2.930188894271850586e+00,-1.045054674148559570e+00
8.174199461936950684e-01,7.481914758682250977e-01
-1.947140336036682129e+00,-4.137058258056640625e+00
-1.948490858078002930e+00,-5.719854831695556641e+00
-2.126466274261474609e+00,-1.887158870697021484e+00
-4.262790977954864502e-01,-5.012916088104248047e+00
2.801417350769042969e+00,1.226457118988037109e+00
9.927086234092712402e-01,-3.191859245300292969e+00
7.925350666046142578e-01,4.001536369323730469e+00
1.044430255889892578e+00,5.213166236877441406e+00
8.759034276008605957e-01,-7.142643332481384277e-01
-2.975348830223083496e-01,3.402099847793579102e+00
1.215646147727966309e+00,-3.312521934509277344e+00
2.105032920837402344e+00,-1.598109483718872070e+00
-1.082890629768371582e+00,-7.406759262084960938e-01
-4.277104735374450684e-01,-1.287861943244934082e+00
1.186856865882873535e+00,3.568712234497070312e+00
2.969396591186523438e+00,7.240188717842102051e-01
9.386081695556640625e-01,1.208414673805236816e+00
1.791447281837463379e+00,-3.584859848022460938e+00
-2.016046524047851562e+00,-4.159240722656250000e+00
3.766585826873779297e+00,1.165575265884399414e+00
6.958751082420349121e-01,3.480330467224121094e+00
1.279406428337097168e+00,-1.519831180572509766e+00
1.808712959289550781e+00,-1.093866825103759766e+00
2.296394407749176025e-01,4.550311565399169922e+00
-1.407460570335388184e+00,-5.097637653350830078e+00
2.292924642562866211e+00,3.822233974933624268e-01
9.175744056701660156e-01,-2.272510051727294922e+00
-1.625978797674179077e-01,-8.097078204154968262e-01
2.962872505187988281e+00,1.155570745468139648e+00
9.156555533409118652e-01,-5.288637638092041016e+00
3.220548927783966064e-01,3.684712171554565430e+00
2.329278469085693359e+00,-1.104037284851074219e+00
-5.357829332351684570e-01,-7.213044166564941406e-01
-1.112127542495727539e+00,-5.792614936828613281e+00
2.188700914382934570e+00,1.148085832595825195e+00
-8.332817554473876953e-01,1.182825326919555664e+00
1.077911615371704102e+00,3.646745443344116211e+00
2.976859509944915771e-01,-6.353604793548583984e+00
-4.900252819061279297e-01,1.050070405006408691e+00
-3.740511834621429443e-02,-2.238277673721313477e+00
-9.653566777706146240e-02,1.854888796806335449e+00
-1.232223391532897949e+00,-1.935182213783264160e+00
-6.869567632675170898e-01,-3.566014289855957031e+00
1.245227813720703125e+00,5.205926418304443359e+00
-2.040659666061401367e+00,6.569122076034545898e-01
5.283849835395812988e-01,-7.280002117156982422e+00
-1.616571664810180664e+00,-2.718353271484375000e+00
-7.870160937309265137e-01,-1.419596076011657715e+00
1.407957196235656738e+00,-3.533696234226226807e-01
-9.266793131828308105e-01,-5.847842097282409668e-01
-2.912178039550781250e+00,-4.520623087882995605e-01
3.458729267120361328e+00,4.596278190612792969e+00
-2.473106145858764648e+00,-4.155414104461669922e+00
2.531304061412811279e-01,4.474545478820800781e+00
1.851442217826843262e+00,2.446372747421264648e+00
-1.538133263587951660e+00,9.846608042716979980e-01
-1.488753557205200195e+00,1.133749723434448242e+00
-3.018356800079345703e+00,-2.672811508178710938e+00
1.118589043617248535e+00,6.275445818901062012e-01
2.789227247238159180e+00,2.473409414291381836e+00
-5.950115323066711426e-01,2.910267353057861328e+00
-9.257234930992126465e-01,1.727861166000366211e-01
-7.644470930099487305e-01,9.727701544761657715e-01
-2.149844169616699219e-01,-6.280763149261474609e+00
-5.979073047637939453e-01,-3.481266021728515625e+00
-2.618016242980957031e+00,1.995548129081726074e+00
-6.811810135841369629e-01,-3.810795545578002930e+00
6.800382137298583984e-01,-2.171770483255386353e-01
-1.719995617866516113e+00,9.206386804580688477e-01
2.071397304534912109e+00,-6.270454525947570801e-01
-5.941838026046752930e-01,-5.717515945434570312e-01
2.227963685989379883e+00,-1.968577504158020020e+00
-1.967490792274475098e+00,-2.990073442459106445e+00
-2.841230034828186035e-01,-6.388016223907470703e+00
1.948299884796142578e+00,-2.768860816955566406e+00
8.975063562393188477e-01,6.052682995796203613e-01
1.057132244110107422e+00,5.633231639862060547e+00
-2.235470771789550781e+00,-4.835809707641601562e+00
-2.440101623535156250e+00,-1.011226058006286621e+00
-2.821339130401611328e+00,-1.670590758323669434e+00
9.527177810668945312e-01,4.721929073333740234e+00
-7.803934216499328613e-01,1.110548973083496094e+00
-1.120542287826538086e+00,-2.962954998016357422e+00
-2.659398317337036133e+00,-2.259052991867065430e+00
-1.050430655479431152e+00,2.832775115966796875e+00
3.609407901763916016e+00,4.292580485343933105e-01
-1.808800816535949707e+00,-4.367880821228027344e+00
-1.423389673233032227e+00,1.384165883064270020e+00
-2.024033069610595703e+00,-1.270895481109619141e+00
3.345404863357543945e-01,-4.131418228149414062e+00
-3.480665683746337891e-01,-2.580765962600708008e+00
2.964091300964355469e+00,4.819668829441070557e-01
-2.113171339035034180e+00,-4.457795321941375732e-01
-3.140098452568054199e-01,-4.180762290954589844e+00
2.364087820053100586e+00,-1.334453225135803223e+00
4.432252049446105957e-01,-3.688236713409423828e+00
9.363636374473571777e-01,5.006001591682434082e-01
1.216282963752746582e+00,2.515952587127685547e+00
-2.583772897720336914e+00,-4.540416240692138672e+00
4.352284371852874756e-01,4.435173988342285156e+00
-2.320328474044799805e+00,2.844212293624877930e+00
2.416301250457763672e+00,-1.253665566444396973e+00
-1.813230276107788086e+00,-4.804620742797851562e+00
-1.191917419433593750e+00,8.600272536277770996e-01
-3.258858442306518555e+00,-2.790213584899902344e+00
4.318653047084808350e-01,-3.620922803878784180e+00
1.919247031211853027e+00,5.147695541381835938e-01
1.010274052619934082e+00,1.879083871841430664e+00
4.808565080165863037e-01,3.876694917678833008e+00
-1.506824791431427002e-01,-1.030414342880249023e+00
5.113368034362792969e-01,1.385558485984802246e+00
2.109070301055908203e+00,-2.148491382598876953e+00
-7.547339200973510742e-01,-9.409810900688171387e-01
1.891864299774169922e+00,-2.439253032207489014e-01
-1.748761385679244995e-01,-3.016779184341430664e+00
4.219591990113258362e-02,-6.678877830505371094e+00
-2.975289821624755859e+00,-7.954745888710021973e-01
-1.060730457305908203e+00,1.869825273752212524e-01
2.818524360656738281e+00,1.320106863975524902e+00
-1.268944501876831055e+00,-6.767004489898681641e+00
1.704180717468261719e+00,6.053558349609375000e+00
1.443349838256835938e+00,4.218956470489501953e+00
-2.554658651351928711e+00,-2.728544473648071289e+00
3.585447072982788086e+00,3.622032701969146729e-01
-2.235442638397216797e+00,-6.506618261337280273e-01
8.484299778938293457e-01,-1.278030872344970703e+00
-1.335487723350524902e+00,-1.278375744819641113e+00
-1.554501414299011230e+00,-2.751024961471557617e+00
2.071122169494628906e+00,-2.415918111801147461e+00
-1.669599652290344238e+00,-3.622610092163085938e+00
-1.945047378540039062e+00,-1.450231671333312988e+00
-2.778759241104125977e+00,-2.584933519363403320e+00
-6.173764467239379883e-01,-2.193788290023803711e+00
1.571375489234924316e+00,3.136484861373901367e+00
-1.917299151420593262e+00,-5.919155478477478027e-01
6.901214718818664551e-01,7.999323010444641113e-01
1.637226700782775879e+00,3.952564954757690430e+00
-4.050096571445465088e-01,1.741666913032531738e+00
-3.155175924301147461e+00,-2.084742784500122070e+00
-1.230432987213134766e-01,2.405199050903320312e+00
-2.246175765991210938e+00,-3.567521095275878906e+00
3.316972494125366211e+00,-8.674256801605224609e-01
-3.719056844711303711e-01,-1.742141723632812500e+00
-2.441055297851562500e+00,2.082314968109130859e+00
-1.887031495571136475e-01,-2.865805864334106445e+00
2.085413485765457153e-01,1.318905591964721680e+00
-7.618207335472106934e-01,-7.020639896392822266e+00
-2.567347764968872070e+00,-5.417501449584960938e+00
4.399098157882690430e-01,-6.952283859252929688e+00
1.907789945602416992e+00,4.995813846588134766e+00
-2.900382995605468750e+00,2.033819071948528290e-02
8.678493499755859375e-01,-5.415163516998291016e+00
-8.340269923210144043e-01,-2.908984661102294922e+00
1.294801831245422363e+00,-4.633733749389648438e+00
2.958198308944702148e+00,2.544228792190551758e+00
-2.605713307857513428e-01,-1.815003156661987305e+00
-3.063891649246215820e+00,-2.529666662216186523e+00
9.502194523811340332e-01,-5.529166221618652344e+00
1.217400789260864258e+00,-3.975308656692504883e+00
8.298019766807556152e-01,2.045216798782348633e+00
-2.172236204147338867e+00,-6.112445831298828125e+00
-3.531319275498390198e-02,6.866247057914733887e-01
5.534601211547851562e-01,-1.132076978683471680e+00
-3.923428952693939209e-01,8.713333010673522949e-01
3.023351192474365234e+00,1.448927402496337891e+00
-1.111260056495666504e+00,3.883137702941894531e+00
2.940840244293212891e+00,-7.027300596237182617e-01
1.003640294075012207e+00,5.832658767700195312e+00
-2.841354370117187500e+00,-1.519523501396179199e+00
-1.321209073066711426e+00,-8.165926486253738403e-02
1.770548820495605469e+00,-1.410795927047729492e+00
-1.154545068740844727e+00,-5.130468845367431641e+00
4.633049964904785156e-01,3.973108828067779541e-01
-4.891702532768249512e-01,-1.719671726226806641e+00
2.577831268310546875e+00,-1.496851325035095215e+00
8.469718098640441895e-01,2.274222612380981445e+00
-6.517133116722106934e-01,1.179355382919311523e+00
2.033937454223632812e+00,1.133729100227355957e+00
-2.248247385025024414e+00,-4.388075351715087891e+00
8.320801258087158203e-01,7.061208486557006836e-01
-7.421672344207763672e-01,4.536040306091308594e+00
-2.084514796733856201e-01,2.372586965560913086e+00
3.614176511764526367e-01,-4.129869461059570312e+00
2.549739837646484375e+00,-1.017148494720458984e+00
1.884895324707031250e+00,3.051865816116333008e+00
1.524523735046386719e+00,3.448014736175537109e+00
3.034583091735839844e+00,1.456117153167724609e+00
8.674272298812866211e-01,-6.324713706970214844e+00
6.816695928573608398e-01,-3.298451900482177734e-01
1.299027204513549805e+00,-1.923611283302307129e+00
1.727522134780883789e+00,3.592228412628173828e+00
5.035560131072998047e-01,5.337082862854003906e+00
-7.728356122970581055e-01,3.513507366180419922e+00
-2.466312885284423828e+00,-3.063710451126098633e+00
-2.509732544422149658e-01,-1.931314706802368164e+00
3.890646994113922119e-01,4.941407203674316406e+00
-1.040886044502258301e+00,-4.558809757232666016e+00
-2.170036792755126953e+00,-4.383231639862060547e+00
-2.007681608200073242e+00,-1.958891391754150391e+00
1.734506249427795410e+00,-1.507569909095764160e+00
-2.985307276248931885e-01,-7.405626296997070312e+00
9.812778830528259277e-01,1.526374816894531250e+00
-8.772087097167968750e-01,-3.107573747634887695e+00
-1.732562541961669922e+00,-3.821059465408325195e-01
3.278215169906616211e+00,4.969028949737548828e+00
1.305382490158081055e+00,6.077480792999267578e+00
-8.591552972793579102e-01,-6.314852088689804077e-02
-6.502375006675720215e-01,2.264974862337112427e-01
9.740087389945983887e-01,4.908907890319824219e+00
-3.653531074523925781e-01,5.187626838684082031e+00
-6.071235537528991699e-01,-5.318849563598632812e+00
-2.244576454162597656e+00,-4.652714729309082031e+00
1.162536025047302246e+00,5.667968750000000000e+00
-4.730452001094818115e-01,1.969465374946594238e+00
1.316246986389160156e+00,3.409328699111938477e+00
-2.598384618759155273e+00,1.980526596307754517e-01
-6.379644274711608887e-01,-1.701146960258483887e+00
2.697825193405151367e+00,3.997476100921630859e+00
-1.767048835754394531e+00,-6.036044597625732422e+00
9.226705431938171387e-01,2.533458173274993896e-01
-3.200692415237426758e+00,8.195496201515197754e-01
-9.904913306236267090e-01,-9.737329483032226562e-01
1.299893856048583984e+00,-3.325730934739112854e-02
-1.721926212310791016e+00,-4.265361309051513672e+00
-5.202572345733642578e-01,3.835164785385131836e+00
-2.142532110214233398e+00,-4.339084148406982422e+00
1.755843639373779297e+00,-4.253993511199951172e+00
-1.840647697448730469e+00,-1.099253073334693909e-01
2.605929136276245117e+00,-1.639913082122802734e+00
-6.359888911247253418e-01,4.960474491119384766e+00
9.876767992973327637e-01,4.861201286315917969e+00
4.710074663162231445e-01,4.503506660461425781e+00
-1.038008570671081543e+00,2.862621068954467773e+00
3.792564570903778076e-01,4.306664466857910156e+00
2.382019042968750000e+00,1.774495124816894531e+00
2.008063793182373047e+00,4.704878628253936768e-01
3.007977247238159180e+00,4.183568000793457031e+00
-2.378590703010559082e-01,1.793528556823730469e+00
-9.567372798919677734e-01,-3.546962440013885498e-01
-2.953474283218383789e+00,-3.727709770202636719e+00
-1.578741706907749176e-02,-1.443399071693420410e+00
1.155025362968444824e-01,-2.395357131958007812e+00
-2.560710310935974121e-01,2.313860893249511719e+00
7.392879724502563477e-01,6.331524848937988281e+00
2.027046918869018555e+00,4.693921506404876709e-01
-2.174616813659667969e+00,6.052386760711669922e-02
7.939780354499816895e-01,3.132905721664428711e+00
2.791334390640258789e-01,6.171144485473632812e+00
-1.446415334939956665e-01,-1.487743377685546875e+00
6.097269654273986816e-01,7.044922113418579102e-01
-3.371792554855346680e+00,-3.300627946853637695e+00
-9.899340271949768066e-01,-1.092558383941650391e+00
5.237608775496482849e-02,2.565501689910888672e+00
-3.638639673590660095e-02,3.273028135299682617e+00
-2.105771303176879883e-01,1.512262582778930664e+00
-5.883991122245788574e-01,-5.889689445495605469e+00
1.046110033988952637e+00,-2.045743942260742188e+00
5.720356479287147522e-02,-6.275843381881713867e-01
3.935840606689453125e+00,7.927116155624389648e-01
1.780112862586975098e+00,-1.372564792633056641e+00
5.660543441772460938e-01,1.015146493911743164e+00
-8.300105333328247070e-01,1.754706978797912598e+00
-2.354358196258544922e+00,2.680938959121704102e+00
-2.143359899520874023e+00,2.799945592880249023e+00
-2.852761268615722656e+00,1.839102387428283691e+00
-6.368187069892883301e-01,-5.991535663604736328e+00
7.749693989753723145e-01,-4.731461048126220703e+00
2.984916210174560547e+00,7.055456638336181641e-01
1.726104021072387695e+00,1.004709124565124512e+00
4.742857515811920166e-01,4.422845363616943359e+00
-2.812263011932373047e+00,-1.662072658538818359e+00
-1.061769843101501465e+00,-4.740336418151855469e+00
6.434248685836791992e-01,-1.808437228202819824e+00
-1.634111046791076660e+00,1.018819570541381836e+00
-2.527057886123657227e+00,-1.135293960571289062e+00
-2.759517669677734375e+00,-3.799794197082519531e+00
8.146718740463256836e-01,-1.015351533889770508e+00
-6.507337689399719238e-01,-3.571450471878051758e+00
-2.658693790435791016e+00,-4.341119289398193359e+00
1.084639430046081543e+00,-1.928637981414794922e+00
-1.572121620178222656e+00,-1.339235663414001465e+00
-2.476490497589111328e+00,-3.592478275299072266e+00
6.830177903175354004e-01,-6.340950489044189453e+00
1.230267286300659180e+00,-6.262803077697753906e-01
-2.816709041595458984e+00,-5.173975467681884766e+00
-2.919159889221191406e+00,-5.606548786163330078e-01
-1.143629625439643860e-01,4.229125976562500000e+00
-2.755360305309295654e-01,2.067214250564575195e+00
2.267870008945465088e-01,1.769900083541870117e+00
2.567954540252685547e+00,-3.212473392486572266e+00
-2.248229503631591797e+00,2.100212097167968750e+00
-1.465967178344726562e+00,-2.720699548721313477e+00
-1.528207302093505859e+00,2.418578863143920898e+00
-3.663286268711090088e-01,3.684373855590820312e+00
-2.684664964675903320e+00,-1.306332230567932129e+00
2.548806905746459961e+00,-2.371306896209716797e+00
-1.315439343452453613e-01,-6.029824256896972656e+00
1.540583968162536621e+00,4.872961044311523438e+00
-1.725170910358428955e-01,-4.415033817291259766e+00
-2.128929615020751953e+00,-4.284465014934539795e-01
6.739871501922607422e-01,5.881185531616210938e+00
-1.156498193740844727e+00,-3.186607599258422852e+00
1.758300781250000000e+00,1.966859221458435059e+00
-6.784252524375915527e-01,1.462798357009887695e+00
-1.857068687677383423e-01,-4.895067214965820312e+00
-1.578593611717224121e+00,3.652216434478759766e+00
2.051129817962646484e+00,2.673274517059326172e+00
-2.976332664489746094e+00,-4.389431774616241455e-01
6.988620162010192871e-01,4.116290092468261719e+00
-1.373392820358276367e+00,2.892683267593383789e+00
-7.990814447402954102e-01,-1.252362966537475586e+00
-1.988634109497070312e+00,-1.521779656410217285e+00
1.011586189270019531e+00,-8.229955434799194336e-01
-3.089749813079833984e-01,-3.009259104728698730e-01
2.085270166397094727e+00,-1.573547601699829102e+00
1.496812582015991211e+00,-1.145926237106323242e+00
-1.796853899955749512e+00,-3.686501502990722656e+00
-9.077178239822387695e-01,-7.288249969482421875e+00
9.340672194957733154e-02,3.791559696197509766e+00
-5.911920666694641113e-01,-5.255107879638671875e+00
-6.572495698928833008e-01,-2.393774271011352539e+00
1.931488275527954102e+00,-2.061652183532714844e+00
1.433883190155029297e+00,-2.782152891159057617e+00
8.545284867286682129e-01,1.114580273628234863e+00
-1.279195547103881836e-01,-7.478820323944091797e+00
1.376941919326782227e+00,2.892687022686004639e-01
1.731724262237548828e+00,6.693249702453613281e+00
-1.141574859619140625e+00,-1.987838506698608398e+00
1.345343828201293945e+00,-3.081139326095581055e+00
1.134107351303100586e+00,-2.459601879119873047e+00
-1.195827007293701172e+00,-1.957644462585449219e+00
-6.515514850616455078e-01,3.697210311889648438e+00
2.676753759384155273e+00,2.519053936004638672e+00
-1.051608920097351074e+00,3.867672204971313477e+00
-6.589609384536743164e-01,2.750222682952880859e+00
4.662096500396728516e-01,-6.418301582336425781e+00
1.886088132858276367e+00,3.101813793182373047e+00
3.250424623489379883e+00,6.807326793670654297e+00
-2.542798757553100586e+00,-1.691079616546630859e+00
-2.259661197662353516e+00,1.425566554069519043e+00
-1.699058532714843750e+00,3.687622070312500000e+00
-2.608009815216064453e+00,-2.602810621261596680e+00
-1.672012172639369965e-02,-6.533458232879638672e+00
2.450167179107666016e+00,2.554814338684082031e+00
-6.879665255546569824e-01,3.503008842468261719e+00
1.121613979339599609e+00,-1.787529110908508301e+00
-1.843574881553649902e+00,2.588162660598754883e+00
-2.849849462509155273e-01,-7.628693431615829468e-02
-9.630845189094543457e-01,3.033764123916625977e+00
9.073303937911987305e-01,2.679006338119506836e+00
7.027480006217956543e-01,1.873902559280395508e+00
4.003731727600097656e+00,7.922861576080322266e-01
-1.594819903373718262e+00,-7.839189171791076660e-01
-5.984897017478942871e-01,-1.818740487098693848e+00
8.968169689178466797e-01,1.939032793045043945e+00
4.689191579818725586e-01,3.151735365390777588e-01
1.749344706535339355e+00,-2.940399050712585449e-01
-3.395361900329589844e+00,-2.510256767272949219e+00
2.173616647720336914e+00,3.433158159255981445e+00
-1.566041409969329834e-01,-2.120851039886474609e+00
1.032524585723876953e+00,-4.872881889343261719e+00
8.837786912918090820e-01,1.248639583587646484e+00
8.732299804687500000e-01,-4.723510265350341797e+00
-1.950283527374267578e+00,2.222110748291015625e+00
-3.661031007766723633e+00,-8.052483797073364258e-01
-2.695703268051147461e+00,1.673131108283996582e+00
1.014523625373840332e+00,1.517241716384887695e+00
-1.920599788427352905e-01,-3.572586297988891602e+00
-1.086933910846710205e-01,-2.455712318420410156e+00
3.721841335296630859e+00,6.948195457458496094e+00
-7.768660187721252441e-01,1.698703408241271973e+00
-8.953505754470825195e-01,2.065796963870525360e-02
1.018620371818542480e+00,-3.040917634963989258e+00
1.264456510543823242e+00,5.130340099334716797e+00
-4.954648315906524658e-01,1.922195911407470703e+00
1.372675061225891113e+00,1.571256518363952637e+00
-5.820616334676742554e-02,2.948939085006713867e+00
6.595865488052368164e-01,-1.063581943511962891e+00
2.161250829696655273e+00,6.292304992675781250e+00
3.906975090503692627e-01,3.367478609085083008e+00
-1.017262220382690430e+00,-4.733115196228027344e+00
-1.116412505507469177e-01,-6.140260100364685059e-01
1.863673776388168335e-01,-1.098224639892578125e+00
2.708709239959716797e+00,6.211063265800476074e-01
2.877280414104461670e-01,3.359183073043823242e+00
1.665190309286117554e-01,-7.071617126464843750e+00
3.286558091640472412e-01,-1.253106951713562012e+00
-2.052644491195678711e+00,3.071988821029663086e+00
2.906519174575805664e+00,1.375183463096618652e+00
6.604651212692260742e-01,5.155728340148925781e+00
-2.455778837203979492e+00,-2.762273311614990234e+00
1.293606042861938477e+00,4.275933265686035156e+00
1.685591459274291992e+00,4.794520378112792969e+00
-7.654814124107360840e-01,-2.159609645605087280e-01
2.203108072280883789e+00,5.469401836395263672e+00
8.189429044723510742e-01,-6.704996585845947266e+00
1.142953872680664062e+00,1.036113142967224121e+00
-2.456374883651733398e+00,2.077376097440719604e-01
-2.663042783737182617e+00,-2.701734542846679688e+00
9.094156324863433838e-02,-2.862522363662719727e+00
-2.495482444763183594e+00,2.016452550888061523e+00
-1.291148900985717773e+00,1.208455637097358704e-01
1.096369147300720215e+00,-5.164621353149414062e+00
2.696737051010131836e-01,-6.930213928222656250e+00
-2.448596477508544922e+00,-6.387886524200439453e+00
-4.030302762985229492e-01,-2.129924774169921875e+00
-7.440620064735412598e-01,3.967328310012817383e+00
-2.223890542984008789e+00,-5.659682750701904297e+00
-5.657311677932739258e-01,-5.188089370727539062e+00
1.415008187294006348e+00,-1.457634475082159042e-02
-5.376573652029037476e-02,-1.594807267189025879e+00
2.047722101211547852e+00,4.380149364471435547e+00
-8.753244578838348389e-02,-4.993882656097412109e+00
2.807062387466430664e+00,7.076788902282714844e+00
-9.321717619895935059e-01,4.451147079467773438e+00
3.963684737682342529e-01,4.636698246002197266e+00
-2.016387224197387695e+00,3.176008701324462891e+00
3.192650794982910156e+00,-1.103585600852966309e+00
-1.827667802572250366e-01,5.094296298921108246e-03
-1.816613525152206421e-01,7.076057195663452148e-01
-1.855739474296569824e+00,-3.009343862533569336e+00
3.957443618774414062e+01,1.848134040832519531e+01
7.378548979759216309e-01,4.112897396087646484e+00
-2.785196781158447266e+00,-3.681437015533447266e+00
2.377799510955810547e+00,4.668816566467285156e+00
3.483466804027557373e-01,5.860237121582031250e+00
-1.354608893394470215e+00,-4.337650299072265625e+00
-2.391281604766845703e+00,2.151725530624389648e+00
8.443332910537719727e-01,-9.677870273590087891e-01
-3.265135526657104492e+00,-2.777563571929931641e+00
-9.481275677680969238e-01,-2.411736488342285156e+00
-1.945789575576782227e+00,7.248846292495727539e-01
-6.174597144126892090e-01,-5.534109115600585938e+00
-2.265447854995727539e+00,5.389028191566467285e-01
-1.138338327407836914e+00,-5.124837875366210938e+00
-2.477782011032104492e+00,-3.868863821029663086e+00
-1.719577610492706299e-02,-6.064215302467346191e-01
-1.448703885078430176e+00,-6.640369892120361328e+00
-2.272234678268432617e+00,-2.066604375839233398e+00
7.612360715866088867e-01,2.626844882965087891e+00
1.224692583084106445e+00,-4.751166343688964844e+00
-2.556470870971679688e+00,-2.697786331176757812e+00
-5.688614249229431152e-01,4.248507499694824219e+00
-3.106109142303466797e+00,-1.780693173408508301e+00
-1.663865208625793457e+00,1.677352309226989746e+00
-5.789194107055664062e-01,7.488590478897094727e-01
-1.460765957832336426e+00,6.373583674430847168e-01
-1.654510617256164551e+00,3.743018150329589844e+00
1.649679541587829590e+00,6.331229686737060547e+00
2.325495481491088867e+00,5.675330162048339844e+00
3.286392211914062500e+00,5.513782024383544922e+00
-3.314798116683959961e+00,-2.977852344512939453e+00
-4.250065386295318604e-01,-5.652238845825195312e+00
7.972223162651062012e-01,-6.241487026214599609e+00
-3.193784236907958984e+00,-1.987411618232727051e+00
-1.185560941696166992e+00,-6.525354862213134766e+00
2.332607746124267578e+00,2.388701915740966797e+00
3.559700727462768555e+00,3.528512418270111084e-01
-2.322624206542968750e+00,-8.740190863609313965e-01
-6.432417314499616623e-03,-4.405550003051757812e+00
-2.064710140228271484e+00,1.524242162704467773e+00
1.012860298156738281e+00,-2.721751213073730469e+00
-1.934609174728393555e+00,6.762346625328063965e-01
2.718508481979370117e+00,-9.024263620376586914e-01
1.090435385704040527e+00,-3.020202875137329102e+00
-1.439906656742095947e-01,-5.834048748016357422e+00
1.192559003829956055e+00,8.770791292190551758e-01
9.486382603645324707e-01,1.763172626495361328e+00
2.635873556137084961e-01,-3.042349576950073242e+00
-1.618036627769470215e+00,2.611806631088256836e+00
3.315476179122924805e+00,1.898877501487731934e+00
9.653193950653076172e-01,3.222933411598205566e-01
3.394830942153930664e+00,4.610949039459228516e+00
-1.062105074524879456e-01,-5.805475711822509766e+00
1.593947887420654297e+00,5.743769645690917969e+00
5.218960642814636230e-01,-2.827540040016174316e-01
6.192109584808349609e-01,5.819169044494628906e+00
2.224593013525009155e-01,4.347442626953125000e+00
-1.699624776840209961e+00,-2.956366539001464844e+00
-2.642300605773925781e+00,6.400614380836486816e-01
3.115048170089721680e+00,9.966503381729125977e-01
-2.976238489151000977e+00,-3.219854116439819336e+00
2.276543617248535156e+00,4.372448921203613281e+00
2.152304410934448242e+00,1.339734435081481934e+00
-2.125194787979125977e+00,2.916992664337158203e+00
5.195344686508178711e-01,1.981046080589294434e+00
-2.612482070922851562e+00,3.808941543102264404e-01
1.207444593310356140e-01,-2.763516902923583984e+00
-7.014532089233398438e-01,5.369676589965820312e+00
-5.527346134185791016e-01,-6.799355506896972656e+00
-1.041676878929138184e+00,-3.798743724822998047e+00
3.509265661239624023e+00,-1.449760049581527710e-01
-6.653661727905273438e-01,1.340025782585144043e+00
3.731390953063964844e+00,6.896553993225097656e+00
1.414793133735656738e+00,2.013931035995483398e+00
5.807238817214965820e-01,-4.201792180538177490e-01
-1.053037762641906738e+00,3.145657300949096680e+00
2.278687477111816406e+00,-2.264256477355957031e+00
-6.063878908753395081e-02,-7.383199214935302734e+00
9.239447712898254395e-01,1.451411128044128418e+00
6.410148143768310547e-01,4.733489513397216797e+00
4.106259942054748535e-01,-6.403072357177734375e+00
-3.128152132034301758e+00,-1.997999787330627441e+00
2.569419622421264648e+00,-1.103471398353576660e+00
8.028752207756042480e-01,-2.370627641677856445e+00
1.851773977279663086e+00,-1.719489693641662598e+00
1.085702896118164062e+00,5.549768447875976562e+00
-3.738894164562225342e-01,-3.942108869552612305e+00
1.446553111076354980e+00,1.628369927406311035e+00
-1.880281865596771240e-01,1.638823866844177246e+00
-4.599927365779876709e-02,1.619796514511108398e+00
2.261619806289672852e+00,2.867131307721138000e-02
-2.764787197113037109e+00,-2.196113348007202148e+00
-2.552143096923828125e+00,-1.357135176658630371e+00
2.717751562595367432e-01,7.223197221755981445e-01
-5.354204773902893066e-01,-4.091432571411132812e+00
-6.247494220733642578e-01,-3.539181232452392578e+00
-6.047015786170959473e-01,-5.361795902252197266e+00
6.336307525634765625e-01,-9.618348479270935059e-01
-2.726470947265625000e+00,-1.388755917549133301e+00
1.555024147033691406e+00,1.659322857856750488e+00
-1.529681444168090820e+00,2.287580251693725586e+00
-1.689408302307128906e+00,-3.007530212402343750e+00
2.097495943307876587e-01,3.818744659423828125e+00
-3.304220438003540039e+00,-4.398844718933105469e+00
-1.139532446861267090e+00,-5.558554649353027344e+00
-7.696365714073181152e-01,-3.737442016601562500e+00
1.742695689201354980e+00,2.482097625732421875e+00
1.617210745811462402e+00,1.635517835617065430e+00
-2.007282495498657227e+00,-1.488193750381469727e+00
1.165844440460205078e+00,-2.146608382463455200e-01
-2.778440475463867188e+00,-2.025473833084106445e+00
-1.752852439880371094e+00,-1.618194699287414551e+00
1.934125185012817383e+00,1.427052497863769531e+00
2.005763530731201172e+00,1.256877899169921875e+00
2.507849693298339844e+00,1.045865654945373535e+00
-2.658903837203979492e+00,-1.290922760963439941e+00
8.519636988639831543e-01,3.720748901367187500e+00
-1.941142439842224121e+00,-9.571313261985778809e-01
1.741740852594375610e-04,-2.347675085067749023e+00
-2.025997191667556763e-01,5.024133682250976562e+00
2.882579803466796875e+00,5.682312011718750000e+00
-1.952868551015853882e-01,5.157601833343505859e-01
1.620667457580566406e+00,2.457690715789794922e+00
8.381686806678771973e-01,2.417844533920288086e+00
1.892053842544555664e+00,4.128262996673583984e+00
2.600634813308715820e+00,2.362115383148193359e+00
3.408631324768066406e+00,-3.603057563304901123e-01
-1.832205295562744141e+00,-2.074097156524658203e+00
8.906726837158203125e-01,-5.753034591674804688e+00
-2.063762426376342773e+00,7.235051989555358887e-01
-5.337283015251159668e-02,-4.171167850494384766e+00
1.798346400260925293e+00,3.064179420471191406e+00
2.948519468307495117e+00,-5.757691711187362671e-02
-2.030530214309692383e+00,2.160413026809692383e+00
-2.167896986007690430e+00,5.924980640411376953e-01
2.471606492996215820e+00,3.899870634078979492e+00
-1.034192800521850586e+00,5.458133816719055176e-01
-4.464637041091918945e-01,-1.195461750030517578e+00
3.097284793853759766e+00,4.816862344741821289e-01
2.927309274673461914e+00,-2.632757127285003662e-01
2.390711307525634766e+00,3.202954053878784180e+00
1.925303101539611816e+00,2.570519447326660156e+00
1.992012739181518555e+00,1.406290769577026367e+00
-1.133296966552734375e+00,3.919789552688598633e+00
-1.439253807067871094e+00,-8.381061553955078125e-01
8.508030772209167480e-01,1.674510002136230469e+00
-1.700865149497985840e+00,9.256178140640258789e-01
-3.058888673782348633e+00,-3.058705568313598633e+00
-3.532803431153297424e-02,-4.872348904609680176e-01
-2.187441349029541016e+00,1.304880231618881226e-01
1.297574043273925781e+00,4.931401729583740234e+00
-1.791890859603881836e+00,1.054680585861206055e+00
-1.990699887275695801e+00,6.012832522392272949e-01
2.154313087463378906e+00,6.140773773193359375e+00
2.312576770782470703e+00,-1.215468406677246094e+00
1.167579174041748047e+00,3.698803901672363281e+00
-6.292815804481506348e-01,1.053605824708938599e-01
-1.765689611434936523e+00,-2.008501768112182617e+00
-7.100498676300048828e-02,7.418615221977233887e-01
-1.557614088058471680e+00,-6.726815223693847656e+00
-7.940127849578857422e-01,-2.693838596343994141e+00
1.674195289611816406e+00,5.133926868438720703e+00
5.691807270050048828e-01,2.284428358078002930e+00
-5.558680295944213867e-01,1.166540682315826416e-01
2.083758115768432617e+00,7.202366590499877930e-01
-2.012413263320922852e+00,-2.840088129043579102e+00
-7.560108304023742676e-01,4.395501136779785156e+00
-2.148540735244750977e+00,-2.978468418121337891e+00
-9.583073258399963379e-01,4.017532348632812500e+00
1.014071702957153320e+00,-2.083931684494018555e+00
2.285227537155151367e+00,-2.247688293457031250e+00
-5.327662825584411621e-01,1.154008150100708008e+00
1.974552154541015625e+00,-3.443132638931274414e-01
2.509424448013305664e+00,5.193501949310302734e+00
-2.022177428007125854e-01,-7.930686697363853455e-03
-2.054092407226562500e+00,1.156393766403198242e+00
-1.870957016944885254e+00,-1.574010610580444336e+00
2.804315328598022461e+00,7.210662841796875000e+00
1.038133502006530762e+00,4.789746761322021484e+00
-4.546656608581542969e-01,1.656882166862487793e+00
-1.198418498039245605e+00,-4.252143859863281250e+00
-1.597603559494018555e+00,1.496758013963699341e-01
2.695341587066650391e+00,2.448796510696411133e+00
1.049270987510681152e+00,-3.210701704025268555e+00
-1.186705380678176880e-01,-4.897558212280273438e+00
-2.010787963867187500e+00,2.898946523666381836e+00
-1.204996347427368164e+00,-5.764679908752441406e+00
-1.855870604515075684e+00,-1.823134541511535645e+00
-2.120745420455932617e+00,-6.184868812561035156e+00
1.338315606117248535e+00,-1.268210768699645996e+00
-1.929648667573928833e-01,5.508097648620605469e+00
2.718670129776000977e+00,1.213088631629943848e+00
4.431040883064270020e-01,3.365885972976684570e+00
-1.590186119079589844e+00,-2.753500699996948242e+00
1.225636720657348633e+00,4.972861766815185547e+00
6.823750734329223633e-01,-4.915988445281982422e+00
1.290858507156372070e+00,-1.771943569183349609e-01
7.482654452323913574e-01,5.936949729919433594e+00
1.418397068977355957e+00,-3.498852968215942383e+00
-9.201846122741699219e-01,3.187900543212890625e+00
-2.204679489135742188e+00,-5.526931762695312500e+00
-1.025894880294799805e+00,-6.640918254852294922e+00
2.293169945478439331e-01,-4.952914237976074219e+00
-7.308492064476013184e-01,-4.123324394226074219e+00
7.737463116645812988e-01,-7.375483512878417969e+00
-2.499443292617797852e+00,-1.226246953010559082e+00
-1.113299608230590820e+00,2.978733301162719727e+00
1.288153171539306641e+00,2.624495983123779297e+00
-9.156153798103332520e-01,2.037804365158081055e+00
-8.820927888154983521e-02,-5.332205891609191895e-01
1.004692673683166504e+00,5.894914627075195312e+00
1.027658104896545410e+00,1.327999830245971680e+00
-2.790951490402221680e+00,-4.564658701419830322e-01
6.850466728210449219e-01,-7.203373908996582031e+00
6.672465801239013672e-01,-3.312967777252197266e+00
-6.647424101829528809e-01,-1.300977706909179688e+00
-9.293970465660095215e-01,-2.803955793380737305e+00
2.167076349258422852e+00,-2.353403091430664062e+00
-1.677708625793457031e+00,1.940352320671081543e+00
1.756557077169418335e-02,1.869730353355407715e+00
1.462223410606384277e+00,3.077143192291259766e+00
-1.919848680496215820e+00,-3.441730260848999023e+00
1.074453711509704590e+00,1.275148034095764160e+00
-2.215970039367675781e+00,-4.900838375091552734e+00
-3.150036633014678955e-01,-2.706426620483398438e+00
5.296202898025512695e-01,4.906467437744140625e+00
-1.084603428840637207e+00,1.815457701683044434e+00
-2.032468080520629883e+00,-6.033442497253417969e+00
-1.589625358581542969e+00,-3.017778158187866211e+00
3.702669739723205566e-01,-3.348890781402587891e+00
-5.444825887680053711e-01,-9.001168608665466309e-01
2.776752233505249023e+00,3.891653716564178467e-01
3.100669860839843750e+00,1.542997717857360840e+00
-9.948940873146057129e-01,2.994671821594238281e+00
5.594738125801086426e-01,-6.674654781818389893e-02
-3.494476556777954102e+00,-5.085448026657104492e-01
3.650031566619873047e+00,4.912072181701660156e+00
1.352458119392395020e+00,3.888664484024047852e+00
-1.550753563642501831e-01,4.382443904876708984e+00
2.662024021148681641e+00,-9.445304274559020996e-01
4.427760243415832520e-01,-1.043936967849731445e+00
2.886240482330322266e+00,9.669303894042968750e-01
-8.961430788040161133e-01,-2.036209821701049805e+00
-1.374890059232711792e-01,-4.837081909179687500e+00
-2.405135154724121094e+00,1.916120886802673340e+00
-9.689823389053344727e-01,-2.479146957397460938e+00
1.870410561561584473e+00,3.084435939788818359e+00
-2.111793309450149536e-01,-3.547422885894775391e+00
1.290053009986877441e+00,4.011508464813232422e+00
-6.608514785766601562e-01,-7.399555683135986328e+00
7.133170366287231445e-01,-3.736034631729125977e+00
1.458188295364379883e+00,-4.946573257446289062e+00
1.688593387603759766e+00,1.917346000671386719e+00
-2.665997266769409180e+00,1.321809291839599609e+00
-1.234800457954406738e+00,-1.179804086685180664e+00
-7.671552896499633789e-02,-1.477067112922668457e+00
-8.753236532211303711e-01,-5.866385102272033691e-01
3.318310022354125977e+00,4.110893249511718750e+00
3.538752794265747070e+00,1.041902184486389160e+00
-2.120576620101928711e+00,-2.342786073684692383e+00
3.443416118621826172e+00,7.322433590888977051e-01
-9.589340686798095703e-01,-3.906850337982177734e+00
2.400698661804199219e+00,-3.416273295879364014e-01
3.163665235042572021e-01,-1.266530632972717285e+00
-1.792598247528076172e+00,3.001248598098754883e+00
-1.762711524963378906e+00,2.460088253021240234e+00
1.310227513313293457e+00,-3.950921058654785156e+00
1.742615222930908203e+00,5.929163455963134766e+00
-2.232752799987792969e+00,1.215678572654724121e+00
1.692411899566650391e+00,6.407367229461669922e+00
2.197422683238983154e-01,-5.523312091827392578e+00
-1.999730467796325684e+00,2.553823471069335938e+00
3.803468346595764160e-01,-1.696274280548095703e+00
1.237363457679748535e+00,-2.369317293167114258e+00
1.337938547134399414e+00,6.336256504058837891e+00
1.398882746696472168e+00,3.559021711349487305e+00
-1.910544395446777344e+00,2.985162734985351562e+00
-1.777412295341491699e+00,-3.727793216705322266e+00
2.658259570598602295e-01,-3.526869535446166992e+00
-1.900831580162048340e+00,-4.536024570465087891e+00
2.158441096544265747e-01,6.145080566406250000e+00
-6.879333406686782837e-02,-3.767604827880859375e+00
-1.527821063995361328e+00,-1.375267386436462402e+00
1.695041537284851074e+00,-2.249485015869140625e+00
3.750919997692108154e-01,-6.352460384368896484e+00
2.774429321289062500e+00,2.632805332541465759e-02
-1.139348983764648438e+00,-1.402148246765136719e+00
3.227968454360961914e+00,9.769096374511718750e-01
-1.337020397186279297e+00,3.920270681381225586e+00
1.035659909248352051e+00,-1.437543392181396484e+00
3.786892592906951904e-01,3.292597293853759766e+00
3.371396541595458984e+00,5.458779335021972656e+00
-1.153942346572875977e+00,-8.117149472236633301e-01
-9.942976832389831543e-01,9.403765201568603516e-01
-1.418778538703918457e+00,-6.351468563079833984e+00
1.100085973739624023e+00,2.533113956451416016e-01
2.329927682876586914e+00,3.388278722763061523e+00
3.247962474822998047e+00,6.793828010559082031e+00
-2.483943939208984375e+00,-3.955790519714355469e+00
3.749779939651489258e+00,6.927034854888916016e+00
2.141588926315307617e+00,-1.490270853042602539e+00
1.058847665786743164e+00,1.386986494064331055e+00
-1.278915554285049438e-01,-6.005884647369384766e+00
-1.155099034309387207e+00,2.906718254089355469e+00
2.012014389038085938e+00,4.485744953155517578e+00
3.758421182632446289e+00,5.646578788757324219e+00
6.388438940048217773e-01,2.838114738464355469e+00
-1.366341114044189453e+00,-2.693592071533203125e+00
-1.609370827674865723e+00,-7.733938097953796387e-01
-5.430551171302795410e-01,1.841850519180297852e+00
2.231996536254882812e+00,4.306241989135742188e+00
8.812982439994812012e-01,-1.419694900512695312e+00
-1.336017131805419922e+00,-1.204919099807739258e+00
6.960755586624145508e-01,1.833082795143127441e+00
-2.081886053085327148e+00,-1.652831435203552246e+00
-6.114010214805603027e-01,-5.204168319702148438e+00
2.363591670989990234e+00,2.701087474822998047e+00
-5.601016879081726074e-01,-3.936199903488159180e+00
3.696159720420837402e-01,3.125807642936706543e-01
7.057175785303115845e-02,1.601311564445495605e+00
2.457093477249145508e+00,8.490269780158996582e-01
-1.659963130950927734e-01,-1.955463886260986328e+00
-7.601789236068725586e-01,-4.434257447719573975e-01
1.260967135429382324e+00,2.790127277374267578e+00
3.480617702007293701e-01,-4.123642742633819580e-01
2.361438274383544922e+00,3.320514202117919922e+00
2.432086229324340820e+00,6.967739105224609375e+00
-1.968613564968109131e-01,5.791851282119750977e-01
-2.680563688278198242e+00,-2.879818439483642578e+00
1.163094043731689453e+00,4.780568599700927734e+00
5.651780366897583008e-01,-1.768339157104492188e+00
-1.780238389968872070e+00,-5.998489379882812500e+00
-1.830191731452941895e+00,9.508969783782958984e-01
-5.336593389511108398e-01,-4.154893875122070312e+00
-1.383974850177764893e-01,2.877664089202880859e+00
5.099522471427917480e-01,5.253052711486816406e+00
1.241304636001586914e+00,-4.851030111312866211e-01
2.598395824432373047e+00,2.507786750793457031e+00
-1.877897381782531738e+00,-2.550157546997070312e+00
-1.603698849678039551e+00,-5.189352035522460938e+00
5.044657588005065918e-01,1.573686718940734863e+00
1.291045784950256348e+00,5.825253963470458984e+00
3.169451475143432617e+00,1.580933570861816406e+00
-1.793255686759948730e+00,-8.200553059577941895e-01
-2.429039716720581055e+00,-2.619138240814208984e+00
-1.587577342987060547e+00,-4.279643297195434570e-01
-1.974766105413436890e-01,-4.544065475463867188e+00
-3.044038534164428711e+00,-7.029162049293518066e-01
-1.783544182777404785e+00,-3.573195636272430420e-01
1.716331243515014648e+00,-1.325168371200561523e+00
2.951959371566772461e+00,2.029047250747680664e+00
1.191812157630920410e+00,-3.648060798645019531e+00
8.295664191246032715e-01,5.621132850646972656e+00
-1.448848962783813477e+00,1.651085495948791504e+00
-1.037369728088378906e+00,4.030313491821289062e+00
3.582566976547241211e-01,-4.737442016601562500e+00
-1.082374691963195801e+00,-6.559556007385253906e+00
8.296167850494384766e-01,-2.706360578536987305e+00
-2.214130640029907227e+00,-1.610342979431152344e+00
-4.388616085052490234e-01,2.163896262645721436e-01
2.158425807952880859e+00,-3.784122467041015625e+00
-1.413199543952941895e+00,-1.771892070770263672e+00
1.286342382431030273e+00,-1.007382392883300781e+00
2.000755071640014648e+00,-2.818648099899291992e+00
-1.568169593811035156e+00,-2.358546972274780273e+00
-1.547011286020278931e-01,-4.540036678314208984e+00
5.244084596633911133e-01,1.194562688469886780e-01
-2.513690233230590820e+00,-4.210939884185791016e+00
3.437464833259582520e-01,4.831244945526123047e+00
2.881364226341247559e-01,-1.602848410606384277e+00
-1.242164134979248047e+00,-1.158268094062805176e+00
-1.282387018203735352e+00,2.436515092849731445e-01
2.720854282379150391e-01,-5.548326492309570312e+00
-7.904999852180480957e-01,4.056939125061035156e+00
-1.473871707916259766e+00,1.075070738792419434e+00
1.283589363098144531e+00,-9.937468171119689941e-01
-1.200547933578491211e+00,1.728966593742370605e+00
-2.731708526611328125e+00,-1.682910799980163574e+00
-3.408450841903686523e+00,-3.517043292522430420e-01
1.194669961929321289e+00,6.591361761093139648e-01
2.117117166519165039e+00,1.634965300559997559e+00
-6.030523777008056641e-01,4.426487922668457031e+00
2.359675168991088867e+00,4.569667577743530273e-01
2.542879104614257812e+00,5.729888439178466797e+00
7.682275772094726562e-02,-5.082769870758056641e+00
2.262864828109741211e+00,-1.425878524780273438e+00
-2.215158700942993164e+00,-8.843777179718017578e-01
4.279825985431671143e-01,-1.092969655990600586e+00
8.959774971008300781e-01,8.903843760490417480e-01
3.033439636230468750e+00,4.472261905670166016e+00
1.036021590232849121e+00,7.916746139526367188e-01
6.385474465787410736e-03,7.348825931549072266e-01
1.569557189941406250e+00,3.762600898742675781e+00
2.304151773452758789e+00,-9.706131219863891602e-01
-5.306137353181838989e-02,3.534887313842773438e+00
-6.308599710464477539e-01,6.806768178939819336e-01
-2.996570825576782227e+00,-4.319913864135742188e+00
1.203253343701362610e-01,8.012219518423080444e-02
7.068571448326110840e-01,-7.325272560119628906e-01
3.509892702102661133e+00,1.470725893974304199e+00
-1.856604576110839844e+00,-2.020887613296508789e+00
-5.802527070045471191e-01,1.152310848236083984e+00
-1.644197851419448853e-01,3.981918573379516602e+00
2.741322517395019531e+00,6.007217764854431152e-01
1.355147361755371094e+00,9.828213453292846680e-01
1.291799426078796387e+00,2.588353872299194336e+00
-1.157564640045166016e+00,-1.612902402877807617e+00
-7.678487896919250488e-02,-3.373032331466674805e+00
-1.897665262222290039e+00,-2.385767936706542969e+00
-4.113681018352508545e-01,-6.014140605926513672e+00
-1.987142324447631836e+00,-5.387335777282714844e+00
7.807996869087219238e-02,-5.050513267517089844e+00
-2.349592447280883789e-01,1.871984601020812988e+00
1.694683432579040527e+00,-4.412138462066650391e+00
-9.929299950599670410e-01,2.609119415283203125e+00
-5.333402156829833984e-01,2.021461248397827148e+00
2.255196332931518555e+00,3.764067962765693665e-02
1.835174441337585449e+00,3.079472064971923828e+00
2.799200534820556641e+00,9.039800167083740234e-01
1.180030465126037598e+00,4.456187486648559570e-01
5.551163479685783386e-02,-5.027717113494873047e+00
-2.651054263114929199e-01,-5.677662849426269531e+00
-8.808001279830932617e-01,9.093050956726074219e-01
1.977803468704223633e+00,-7.694221735000610352e-01
1.612772583961486816e+00,1.485920071601867676e+00
-1.560042858123779297e+00,-2.838455915451049805e+00
-1.128738284111022949e+00,-8.525824546813964844e-01
2.714876890182495117e+00,-3.100967407226562500e+00
2.239480257034301758e+00,4.129055440425872803e-01
3.955520093441009521e-01,1.353555679321289062e+00
-2.789259433746337891e+00,1.001130819320678711e+00
1.750528335571289062e+00,6.903318762779235840e-01
1.577844619750976562e+00,2.762847840785980225e-01
6.950778365135192871e-01,-1.544864416122436523e+00
1.234260439872741699e+00,-3.824979662895202637e-01
1.268303632736206055e+00,4.273477077484130859e+00
-5.857924222946166992e-01,-6.562728881835937500e+00
-1.640684485435485840e+00,1.937133073806762695e+00
-1.102775454521179199e+00,-6.464531898498535156e+00
-1.315313458442687988e+00,1.392020225524902344e+00
-2.085034370422363281e+00,-4.040122985839843750e+00
4.878839254379272461e-01,-4.339573860168457031e+00
-1.542525172233581543e+00,-2.113877534866333008e+00
-8.456694483757019043e-01,-3.521642684936523438e+00
1.153417825698852539e-01,3.839007377624511719e+00
-2.367217302322387695e+00,2.948291301727294922e+00
3.054057836532592773e+00,5.714117050170898438e+00
-1.841908216476440430e+00,2.159600496292114258e+00
-5.816644430160522461e-02,-4.814607620239257812e+00
2.295124381780624390e-01,7.433166503906250000e-01
-1.853191018104553223e+00,-2.066122889518737793e-01
-1.203652262687683105e+00,-4.625693798065185547e+00
-1.760626316070556641e+00,1.012011051177978516e+00
5.715768933296203613e-01,-1.128141164779663086e+00
-1.900378823280334473e+00,1.758824348449707031e+00
8.429058194160461426e-01,5.528656959533691406e+00
2.875373363494873047e+00,4.101454257965087891e+00
5.144771337509155273e-01,-3.736451387405395508e+00
-1.312402129173278809e+00,-7.396999597549438477e-01
-1.282003641128540039e+00,-3.947415113449096680e+00
2.923809051513671875e+00,9.255678653717041016e-01
-3.227225691080093384e-02,-2.238555669784545898e+00
5.382866263389587402e-01,8.777922391891479492e-01
3.194713830947875977e+00,6.790004730224609375e+00
2.138186842203140259e-01,-7.643143087625503540e-02
-1.642900705337524414e-01,6.749086380004882812e-01
-9.796959161758422852e-02,-5.368918895721435547e+00
1.154430627822875977e+00,-7.527515888214111328e+00
-3.663511597551405430e-04,-3.017181873321533203e+00
-3.691094517707824707e-01,-4.622787475585937500e+00
5.527575016021728516e-01,-2.315983295440673828e+00
9.882500171661376953e-01,-1.476194620132446289e+00
2.721875905990600586e+00,1.876302361488342285e+00
-4.525935351848602295e-01,-6.824278235435485840e-01
8.805665969848632812e-01,1.865584373474121094e+00
1.071745514869689941e+00,1.154853820800781250e+00
2.348405838012695312e+00,-1.596703380346298218e-01
2.928487956523895264e-01,-6.322160243988037109e+00
-2.503289461135864258e+00,3.299651443958282471e-01
2.058059275150299072e-01,1.336118131875991821e-01
-7.990348935127258301e-01,2.133918553590774536e-01
1.256980776786804199e+00,-3.511175394058227539e+00
-7.134365439414978027e-01,-5.688191056251525879e-01
1.647665500640869141e+00,-3.691309988498687744e-01
-1.376730203628540039e+00,-4.398082256317138672e+00
-3.328919410705566406e+00,-2.535686969757080078e+00
-1.695986986160278320e+00,3.608808994293212891e+00
-2.023481607437133789e+00,1.325466752052307129e+00
6.867004632949829102e-01,-3.638784408569335938e+00
4.549437761306762695e-01,1.831340432167053223e+00
1.138963222503662109e+00,7.692655324935913086e-01
5.357600450515747070e-01,-6.369116306304931641e+00
5.820521712303161621e-01,3.175354480743408203e+00
1.237277030944824219e+00,1.053827643394470215e+00
1.679475456476211548e-01,-3.814595222473144531e+00
4.205547332763671875e+00,6.337715148925781250e+00
-1.644370079040527344e+00,-3.687191486358642578e+00
1.294608831405639648e+00,-4.674297809600830078e+00
1.287733763456344604e-01,-2.890980005264282227e+00
-2.848356962203979492e+00,-2.134476184844970703e+00
-2.386183500289916992e+00,3.628049492835998535e-01
2.906713485717773438e+00,1.607925534248352051e+00
-1.542101621627807617e+00,-6.439695358276367188e+00
1.192494273185729980e+00,-5.399327754974365234e+00
-8.902660608291625977e-01,2.845122098922729492e+00
1.254850268363952637e+00,-2.462515830993652344e+00
1.912711739540100098e+00,-1.556502223014831543e+00
2.479980707168579102e+00,5.568236827850341797e+00
-1.052092075347900391e+00,1.696591854095458984e+00
6.967236399650573730e-01,3.371162891387939453e+00
8.585903644561767578e-01,-4.607155799865722656e+00
-3.126724064350128174e-01,-5.233419418334960938e+00
-2.585770562291145325e-02,-5.132909417152404785e-01
4.495177567005157471e-01,5.213304996490478516e+00
-1.630432234378531575e-04,-5.169066905975341797e+00
-2.813601970672607422e+00,-1.714578509330749512e+00
2.825163602828979492e+00,7.177775502204895020e-01
1.626589417457580566e+00,-3.881405293941497803e-01
1.791185855865478516e+00,6.019150257110595703e+00
-2.090070247650146484e+00,-4.305435180664062500e+00
3.229359909892082214e-02,-4.596417248249053955e-01
1.791671633720397949e+00,5.435830116271972656e+00
-4.200803637504577637e-01,4.999053776264190674e-01
1.180846095085144043e+00,1.834869235754013062e-01
-4.022352397441864014e-01,1.728992104530334473e+00
-1.781410872936248779e-01,-1.926967859268188477e+00
3.036306858062744141e+00,1.500598311424255371e+00
1.553310990333557129e+00,1.956656217575073242e+00
-6.008734107017517090e-01,3.774204492568969727e+00
2.516736745834350586e+00,2.510464191436767578e+00
-1.175401806831359863e+00,-4.440782070159912109e+00
6.448273062705993652e-01,5.833940029144287109e+00
-5.856760144233703613e-01,2.115025281906127930e+00
4.193222522735595703e-01,-2.969229519367218018e-01
5.331966876983642578e-01,2.137503147125244141e+00
-3.269734382629394531e+00,-2.160514116287231445e+00
-2.044810533523559570e+00,-6.168685913085937500e+00
-8.733146190643310547e-01,2.111324518918991089e-01
3.374849319458007812e+00,9.599402546882629395e-01
-1.566983759403228760e-01,5.098740458488464355e-01
-1.957932233810424805e+00,2.480896711349487305e+00
-4.023308753967285156e-01,2.317763805389404297e+00
-5.502256751060485840e-01,-1.944726824760437012e+00
-1.636088728904724121e+00,1.613965034484863281e+00
7.010263949632644653e-02,-6.624912261962890625e+00
1.929173171520233154e-01,1.966432571411132812e+00
3.316967248916625977e+00,-5.490623116493225098e-01
-5.015589594841003418e-01,-1.355655789375305176e+00
-3.045697927474975586e+00,-6.082903742790222168e-01
-5.281453728675842285e-01,2.946141481399536133e+00
2.585128307342529297e+00,-1.555956602096557617e+00
-1.585791409015655518e-01,-4.035176753997802734e+00
-2.160180091857910156e+00,-1.908114314079284668e+00
8.441775441169738770e-01,-9.645469784736633301e-01
2.168263435363769531e+00,1.445608213543891907e-02
2.222275495529174805e+00,1.878582239151000977e+00
1.059187293052673340e+00,-7.352624535560607910e-01
-1.164599537849426270e+00,-3.566051006317138672e+00
-1.921037197113037109e+00,2.563730716705322266e+00
3.670042157173156738e-01,-4.334105968475341797e+00
-2.458593606948852539e+00,-4.692833900451660156e+00
3.494831919670104980e-01,4.497460365295410156e+00
3.004575252532958984e+00,1.437365055084228516e+00
-1.406273841857910156e+00,3.029160976409912109e+00
1.732415914535522461e+00,3.109778404235839844e+00
-1.095598220825195312e+00,-6.575558185577392578e-01
1.356721758842468262e+00,-3.296982049942016602e+00
-1.508224964141845703e+00,-2.958940982818603516e+00
-1.466831803321838379e+00,-5.611983299255371094e+00
-8.543588519096374512e-01,-5.766363143920898438e+00
-1.516729235649108887e+00,-6.712030887603759766e+00
2.214984893798828125e-01,-4.980899333953857422e+00
1.130678534507751465e+00,-5.464782118797302246e-01
1.341051936149597168e+00,1.525515675544738770e+00
-3.087436914443969727e+00,6.982186436653137207e-02
2.017425775527954102e+00,9.757254719734191895e-01
2.118569135665893555e+00,-1.818429350852966309e+00
4.335064888000488281e-01,3.344724178314208984e+00
2.702737092971801758e+00,5.958407878875732422e+00
-9.382674694061279297e-01,2.483814716339111328e+00
2.519970655441284180e+00,-6.721751689910888672e-01
3.024913072586059570e+00,4.802209854125976562e+00
-2.700025558471679688e+00,-4.644586086273193359e+00
-1.982824802398681641e-01,-1.114239096641540527e+00
2.315095663070678711e+00,3.020072698593139648e+00
1.400049924850463867e+00,7.397202253341674805e-01
-3.754699602723121643e-02,1.512598872184753418e+00
2.941951274871826172e+00,6.206177711486816406e+00
8.477885127067565918e-01,1.274646282196044922e+00
2.327564477920532227e+00,2.311838567256927490e-01
-9.035319685935974121e-01,9.634615778923034668e-01
6.606174707412719727e-01,-3.570199489593505859e+00
-1.656686961650848389e-01,-2.033208370208740234e+00
5.577710270881652832e-01,-7.249426841735839844e+00
6.041745543479919434e-01,-5.501073837280273438e+00
3.958893203735351562e+01,-8.217373847961425781e+00
5.693863034248352051e-01,3.532881140708923340e-01
-5.362304449081420898e-01,-4.770686924457550049e-01
1.363999843597412109e+00,3.841529786586761475e-01
-7.093568444252014160e-01,2.238285303115844727e+00
1.332299947738647461e+00,-1.917917609214782715e+00
5.229521542787551880e-02,-5.303539752960205078e+00
-2.323537111282348633e+00,-6.504798412322998047e+00
8.081656694412231445e-01,-4.044836521148681641e+00
-9.435932338237762451e-02,3.973973274230957031e+00
-9.674345850944519043e-01,-7.370403289794921875e+00
-2.930559217929840088e-01,-1.166766136884689331e-01
1.642415523529052734e+00,-9.672307372093200684e-01
1.568604111671447754e-01,-2.527418375015258789e+00
2.163764715194702148e+00,2.933742702007293701e-01
-1.526066660881042480e+00,2.404307126998901367e+00
-2.058014869689941406e+00,-1.323238730430603027e+00
1.455618619918823242e+00,5.596228122711181641e+00
1.060755729675292969e+00,-6.783702373504638672e-01
-1.054089784622192383e+00,-6.603935241699218750e+00
5.192973017692565918e-01,2.650005578994750977e+00
1.560597538948059082e+00,3.669238805770874023e+00
-6.012955307960510254e-01,2.477223157882690430e+00
1.065796494483947754e+00,-5.217732906341552734e+00
-2.153310298919677734e+00,-6.172358989715576172e+00
-2.107599735260009766e+00,1.382939934730529785e+00
-2.014494091272354126e-01,1.393299698829650879e+00
1.286585181951522827e-01,6.564252078533172607e-02
-2.457181692123413086e+00,-6.487224102020263672e-01
-7.092443108558654785e-01,3.586977005004882812e+00
1.699704289436340332e+00,1.965755701065063477e+00
-3.025134503841400146e-01,-1.891499161720275879e+00
3.377551317214965820e+00,9.232832789421081543e-01
-2.273402690887451172e+00,-9.752829670906066895e-01
-2.127194643020629883e+00,6.396176218986511230e-01
-9.618983268737792969e-01,2.298204898834228516e+00
1.650395750999450684e+00,-2.928870677947998047e+00
-7.156723141670227051e-01,4.145198345184326172e+00
5.567746758460998535e-01,1.607936620712280273e-01
-1.378795385360717773e+00,-3.008034825325012207e-01
1.171824336051940918e+00,-2.368019342422485352e+00
-2.474715232849121094e+00,-2.169593811035156250e+00
-5.993346571922302246e-01,3.251481056213378906e+00
2.412547111511230469e+00,3.391232967376708984e+00
-2.496022462844848633e+00,-2.521126985549926758e+00
9.729428291320800781e-01,3.806289672851562500e+00
-1.034137845039367676e+00,1.335859745740890503e-01
2.327904462814331055e+00,4.278198719024658203e+00
1.083706259727478027e+00,-2.148574352264404297e+00
-1.831719756126403809e+00,-5.732179164886474609e+00
1.466130465269088745e-01,-4.376921653747558594e+00
7.745805978775024414e-01,5.519447803497314453e+00
6.738562583923339844e-01,-1.578724145889282227e+00
1.748382449150085449e-01,-3.065948247909545898e+00
-5.126456543803215027e-02,5.048673629760742188e+00
-3.238853514194488525e-01,-5.313570976257324219e+00
-7.911126017570495605e-01,-3.750582218170166016e+00
1.772395670413970947e-01,-4.940495967864990234e+00
-8.284102678298950195e-01,-3.265475511550903320e+00
-1.727739214897155762e+00,3.892671585083007812e+00
1.699962653219699860e-02,1.810908555984497070e+00
-2.792838096618652344e+00,-5.123743534088134766e+00
-6.069096550345420837e-02,-4.423892021179199219e+00
1.651195406913757324e+00,-2.856267452239990234e+00
-2.362692594528198242e+00,-3.078216075897216797e+00
-2.704846620559692383e+00,1.067312002182006836e+00
-1.014949560165405273e+00,-3.290514945983886719e-01
-9.314442276954650879e-01,-6.132828235626220703e+00
-1.862024307250976562e+00,3.268312931060791016e+00
2.955337524414062500e+00,-1.284302026033401489e-01
2.687555789947509766e+00,-7.041602134704589844e-01
1.624348640441894531e+00,-3.025345325469970703e+00
-2.820858359336853027e-01,1.709459543228149414e+00
2.646152973175048828e+00,3.216504096984863281e+00
-2.012558937072753906e+00,-2.316610097885131836e+00
1.368088722229003906e+00,-9.463575482368469238e-01
3.446088314056396484e+00,1.024195909500122070e+00
6.422852873802185059e-01,-1.928881049156188965e+00
-8.796471953392028809e-01,5.456390976905822754e-01
6.310423016548156738e-01,-7.254903316497802734e+00
-2.118502140045166016e+00,1.082723975181579590e+00
-2.003041744232177734e+00,1.277634859085083008e+00
-1.069934487342834473e+00,-4.267303943634033203e+00
1.264939546585083008e+00,3.519093990325927734e+00
-1.737481951713562012e+00,-1.905710101127624512e+00
-1.364434212446212769e-01,-5.577214717864990234e+00
-1.920561194419860840e+00,-3.265494108200073242e+00
9.253294467926025391e-01,-6.787935733795166016e+00
-2.332745313644409180e+00,1.986675500869750977e+00
-1.016061067581176758e+00,2.647991418838500977e+00
2.987198591232299805e+00,-6.879975199699401855e-01
6.775629520416259766e-01,-3.285892724990844727e+00
-1.419712662696838379e+00,-1.406819701194763184e+00
3.315777301788330078e+00,-5.777623653411865234e-01
-3.998947795480489731e-03,-5.664162158966064453e+00
3.419364213943481445e+00,-1.775680780410766602e-01
-5.649209022521972656e-01,1.053458452224731445e+00
-1.037816643714904785e+00,-3.574287891387939453e+00
-3.584331512451171875e+00,-7.010518908500671387e-01
2.179712533950805664e+00,1.286467432975769043e+00
-8.020197153091430664e-01,-2.961554288864135742e+00
1.963249206542968750e+00,2.357027053833007812e+00
1.415554046630859375e+00,-1.464972972869873047e+00
-1.698060333728790283e-01,-3.266421556472778320e+00
-1.541356086730957031e+00,-1.621408820152282715e+00
3.939860343933105469e+00,1.635375022888183594e+00
2.655070304870605469e+00,2.449554681777954102e+00
-7.066178321838378906e-01,-2.260927200317382812e+00
1.890019327402114868e-01,6.038171291351318359e+00
2.370449751615524292e-01,2.497476339340209961e+00
2.195689454674720764e-02,-3.414110422134399414e+00
-4.018746782094240189e-03,3.169089078903198242e+00
1.629251480102539062e+00,4.245512485504150391e+00
-1.722936332225799561e-01,-3.037098169326782227e+00
-4.756803214550018311e-01,9.045442342758178711e-01
-5.346344113349914551e-01,-6.794687747955322266e+00
3.906250953674316406e+00,7.273232936859130859e-01
-1.989792346954345703e+00,-4.127484798431396484e+00
-2.593897581100463867e+00,-1.597511768341064453e+00
-1.362205862998962402e+00,-1.457747668027877808e-01
-1.802106022834777832e+00,-6.437167644500732422e+00
-1.208516508340835571e-01,4.847758769989013672e+00
2.933511972427368164e+00,4.127968788146972656e+00
-3.687980175018310547e-01,1.722670316696166992e+00
-8.948323130607604980e-01,2.133533060550689697e-01
-5.944042801856994629e-01,-1.042354255914688110e-01
1.623812317848205566e+00,-8.168983459472656250e-01
2.144742012023925781e+00,-3.246790409088134766e+00
3.533683121204376221e-01,2.119499206542968750e+00
5.019866228103637695e-01,-4.410535812377929688e+00
-6.665523648262023926e-01,-1.737808942794799805e+00
1.507550120353698730e+00,-9.261167049407958984e-01
2.860858678817749023e+00,3.343521595001220703e+00
-1.163234710693359375e+00,1.996261715888977051e+00
-1.841572403907775879e+00,-5.038665294647216797e+00
-6.792058944702148438e-01,-7.854873538017272949e-01
8.974121212959289551e-01,-6.728336215019226074e-01
2.155655384063720703e+00,-6.951334476470947266e-01
-9.424780011177062988e-01,-4.046567916870117188e+00
-3.503084182739257812e-01,1.047490835189819336e+00
3.842519760131835938e+00,1.414951205253601074e+00
-1.085748672485351562e+00,2.827930212020874023e+00
-4.830281436443328857e-01,-4.564273834228515625e+00
2.677580714225769043e-02,-4.951194226741790771e-01
-2.271936893463134766e+00,1.283634901046752930e+00
-1.892573356628417969e+00,6.688979268074035645e-01
1.778816223144531250e+00,6.014327526092529297e+00
7.145755290985107422e-01,1.976421594619750977e+00
1.763223648071289062e+00,8.828777670860290527e-01
2.772098302841186523e+00,1.133430838584899902e+00
1.198244318366050720e-01,1.576013088226318359e+00
-2.732928752899169922e+00,1.096193432807922363e+00
1.775645464658737183e-02,-7.741394042968750000e-01
-2.529268860816955566e-01,1.273656010627746582e+00
1.093423724174499512e+00,3.022534608840942383e+00
-9.869728088378906250e-01,2.288724660873413086e+00
-5.596230626106262207e-01,-7.377212047576904297e+00
-3.166311502456665039e+00,-1.142379283905029297e+00
6.488671898841857910e-01,-5.497598171234130859e+00
-1.700692772865295410e+00,-3.083322763442993164e+00
-2.812008142471313477e+00,-5.619877338409423828e+00
8.691540956497192383e-01,-5.651601314544677734e+00
-6.200501918792724609e-01,1.375615715980529785e+00
-2.195161342620849609e+00,-4.028950691223144531e+00
1.228180766105651855e+00,4.463132381439208984e+00
-4.279526881873607635e-03,1.227944493293762207e+00
1.608637332916259766e+00,3.013846278190612793e-01
6.995639801025390625e-01,-2.549400627613067627e-01
7.441676855087280273e-01,-7.185817241668701172e+00
9.674470424652099609e-01,3.030157983303070068e-01
-6.582179665565490723e-01,4.931386470794677734e+00
2.576296806335449219e+00,-2.875791549682617188e+00
1.167987704277038574e+00,-1.767792582511901855e+00
-1.459043502807617188e+00,1.153246402740478516e+00
-1.127776980400085449e+00,5.838453173637390137e-01
-2.400953769683837891e+00,-3.791703701019287109e+00
-1.841494560241699219e+00,-2.076161146163940430e+00
-2.793464899063110352e+00,-6.184350848197937012e-01
-1.783628821372985840e+00,-4.773189127445220947e-01
-2.466318845748901367e+00,-1.407137036323547363e+00
2.308760404586791992e+00,-9.554701447486877441e-01
-1.388478755950927734e+00,-1.637619853019714355e+00
-1.767751693725585938e+00,8.306287527084350586e-01
7.680331468582153320e-01,-3.100466489791870117e+00
-6.257896423339843750e-01,-4.123414039611816406e+00
1.993370294570922852e+00,-2.825746774673461914e+00
-1.697969913482666016e+00,5.415086746215820312e-01
1.626506805419921875e+00,1.801522731781005859e+00
-3.184447050094604492e+00,-2.604258656501770020e-01
1.807996481657028198e-01,1.878730535507202148e+00
-1.404732942581176758e+00,1.670925498008728027e+00
-2.452549934387207031e+00,-2.002825498580932617e+00
-1.680891156196594238e+00,-4.608451366424560547e+00
9.977658390998840332e-01,2.254607439041137695e+00
-9.855657219886779785e-01,-6.609370708465576172e+00
3.993777036666870117e-01,-1.441928505897521973e+00
-3.542628526687622070e+00,-5.608652830123901367e-01
1.539021849632263184e+00,-2.771500945091247559e-01
-1.687326431274414062e-01,1.334335565567016602e+00
-1.498689532279968262e+00,4.636918067932128906e+00
1.718574047088623047e+00,4.114654064178466797e+00
1.229159951210021973e+00,-1.274862647056579590e+00
-1.121953725814819336e+00,-7.578275799751281738e-01
-8.118219971656799316e-01,1.692897796630859375e+00
-5.355871319770812988e-01,-5.740778923034667969e+00
5.349407792091369629e-01,2.511966705322265625e+00
-1.513843059539794922e+00,2.300831317901611328e+00
-2.005115747451782227e+00,-1.967043995857238770e+00
-3.734635114669799805e-01,-7.660505294799804688e+00
1.310948848724365234e+00,6.475813865661621094e+00
1.126958966255187988e+00,-6.064441204071044922e+00
-2.916896343231201172e-01,-6.685556173324584961e-01
-2.058189392089843750e+00,-2.271097421646118164e+00
6.745634078979492188e-01,-1.894564628601074219e-01
1.316215991973876953e-01,-6.351903080940246582e-01
-1.313025474548339844e+00,-1.206994533538818359e+00
-1.208384275436401367e+00,-6.673676967620849609e+00
-2.371782064437866211e+00,-3.060473918914794922e+00
-3.269201040267944336e+00,-2.292314171791076660e-01
-3.233146429061889648e+00,-9.114746451377868652e-01
-2.889510154724121094e+00,-3.656694650650024414e+00
1.434894919395446777e+00,1.164203166961669922e+00
4.157555103302001953e+00,7.013620853424072266e+00
-2.435836791992187500e+00,2.040210247039794922e+00
-6.823821663856506348e-01,1.286057591438293457e+00
2.210111469030380249e-01,-1.479204773902893066e+00
9.187787771224975586e-01,6.499299049377441406e+00
-2.082409858703613281e+00,1.162686347961425781e+00
1.344427227973937988e+00,3.013501875102519989e-02
-2.000132322311401367e+00,1.969214677810668945e+00
-1.796484231948852539e+00,4.766595363616943359e-02
-9.586722403764724731e-02,-4.630852699279785156e+00
3.461677312850952148e+00,2.747750878334045410e-01
1.816803455352783203e+00,6.066473960876464844e+00
2.983177423477172852e+00,1.154963374137878418e+00
8.425454497337341309e-01,3.405207157135009766e+00
2.179322719573974609e+00,2.823123455047607422e+00
2.741989791393280029e-01,-3.408456087112426758e+00
-8.863485455513000488e-01,4.011014938354492188e+00
2.830295562744140625e-01,3.021391153335571289e+00
-3.289048433303833008e+00,-3.667827844619750977e+00
4.697771072387695312e-01,-1.460496306419372559e+00
1.889945626258850098e+00,5.818684101104736328e+00
1.824348449707031250e+00,-1.745033979415893555e+00
-2.353191375732421875e+00,-5.427077770233154297e+00
4.594392180442810059e-01,3.742894649505615234e+00
1.417194902896881104e-01,-7.979092597961425781e+00
3.151971578598022461e+00,6.337135314941406250e+00
2.395291090011596680e+00,-1.172980070114135742e+00
1.766669511795043945e+00,2.225575923919677734e+00
3.275998592376708984e+00,-8.684740066528320312e-01
1.972303032875061035e+00,1.697926163673400879e+00
1.180287718772888184e+00,3.231198549270629883e+00
-1.593674421310424805e+00,-2.572149991989135742e+00
-4.712992310523986816e-01,-8.470115661621093750e-01
-9.662093520164489746e-01,-7.320581436157226562e+00
-2.074193000793457031e+00,-8.780865930020809174e-03
3.607801496982574463e-01,2.023482561111450195e+00
-8.746931552886962891e-01,-4.749298095703125000e+00
-5.017433762550354004e-01,-2.420362472534179688e+00
-9.971160888671875000e-01,-6.522171974182128906e+00
3.745332002639770508e+00,3.197343349456787109e+00
-2.173019796609878540e-01,-6.484942913055419922e+00
-1.806224137544631958e-01,-5.965498447418212891e+00
3.689594030380249023e+00,5.127257823944091797e+00
-1.649888873100280762e+00,-4.571450233459472656e+00
-6.713053584098815918e-01,-5.445215225219726562e+00
-2.874688148498535156e+00,-3.411857366561889648e+00
1.121852159500122070e+00,1.633487939834594727e+00
1.402579069137573242e+00,3.602484703063964844e+00
8.021238446235656738e-01,1.164286136627197266e+00
-1.749056935310363770e+00,-5.170224189758300781e+00
2.893504142761230469e+00,4.478428363800048828e+00
-3.562161922454833984e+00,-5.460398197174072266e-01
1.593663573265075684e+00,-7.519065141677856445e-01
7.132425308227539062e-01,-7.630906581878662109e+00
7.714330554008483887e-01,2.330626010894775391e+00
8.625764250755310059e-01,1.153367757797241211e-01
3.135932981967926025e-01,1.994445800781250000e+00
-1.296041846275329590e+00,-5.893374085426330566e-01
-1.483136177062988281e+00,-6.838720798492431641e+00
-1.806376457214355469e+00,1.519410014152526855e+00
-6.732996702194213867e-01,3.601032018661499023e+00
6.856203079223632812e-01,-1.576394915580749512e+00
-1.112977266311645508e+00,1.987143307924270630e-01
9.263185411691665649e-02,1.945808768272399902e+00
9.225709438323974609e-01,6.625265598297119141e+00
2.625889480113983154e-01,2.015393495559692383e+00
5.702862739562988281e-01,4.675740003585815430e-01
1.361115217208862305e+00,2.943426609039306641e+00
8.354245424270629883e-01,2.766917943954467773e+00
2.302754074335098267e-01,4.484124660491943359e+00
-3.603825807571411133e+00,-1.328926086425781250e+00
2.075737953186035156e+00,-6.044083237648010254e-01
-4.309735894203186035e-01,-4.376845359802246094e+00
-1.037842750549316406e+00,-1.339586377143859863e+00
-2.826230764389038086e+00,-5.301429271697998047e+00
2.432894706726074219e+00,-3.351847410202026367e+00
-5.615635588765144348e-02,4.785336494445800781e+00
3.015772342681884766e+00,5.196226835250854492e-01
1.192164301872253418e+00,6.166514873504638672e+00
-4.986918866634368896e-01,-6.833577752113342285e-01
9.839031100273132324e-01,2.608862817287445068e-01
9.914203882217407227e-01,1.339437365531921387e+00
-9.456770420074462891e-01,-8.467493057250976562e-01
-8.981184959411621094e-01,1.019162058830261230e+00
-4.957211613655090332e-01,-5.419478416442871094e+00
-1.050351381301879883e+00,-1.752177000045776367e+00
-2.841584205627441406e+00,-3.049943923950195312e+00
-1.508332967758178711e+00,-3.422566056251525879e-01
-2.245494127273559570e+00,-9.822255373001098633e-01
7.580442726612091064e-02,-2.232611179351806641e+00
2.378963708877563477e+00,4.987368106842041016e+00
-1.695245504379272461e+00,1.040788888931274414e+00
-2.132078647613525391e+00,-1.717823266983032227e+00
1.573265790939331055e+00,1.305822849273681641e+00
-2.523758411407470703e+00,-5.993018627166748047e+00
-4.040924608707427979e-01,3.982491970062255859e+00
7.572290897369384766e-01,5.558307170867919922e+00
-7.720497250556945801e-01,-2.726912736892700195e+00
2.560310840606689453e+00,-1.909391045570373535e+00
-3.661654889583587646e-01,-5.809338092803955078e+00
-1.048720404505729675e-01,3.099420070648193359e+00
-4.153239727020263672e-01,2.436541080474853516e+00
-8.279301524162292480e-01,-3.108985185623168945e+00
-2.968515634536743164e+00,-4.936372339725494385e-01
6.072425246238708496e-01,3.208364546298980713e-01
-5.805555582046508789e-01,1.279785156250000000e+00
2.344020843505859375e+00,4.449495792388916016e+00
-8.665311932563781738e-01,-2.037000179290771484e+00
6.887543201446533203e-01,2.569338083267211914e-01
6.996394693851470947e-02,-1.159634113311767578e+00
2.414816617965698242e+00,-1.308395743370056152e+00
4.537472128868103027e-01,-1.201859354972839355e+00
-5.388258099555969238e-01,-1.672351837158203125e+00
1.746089905500411987e-01,8.155707120895385742e-01
-1.240077972412109375e+00,-2.003743886947631836e+00
-2.428282260894775391e+00,-1.909646630287170410e+00
1.403448462486267090e+00,2.991838455200195312e+00
-7.064267247915267944e-02,1.499867558479309082e+00
9.803273677825927734e-01,4.901199817657470703e+00
4.823612868785858154e-01,3.451262116432189941e-01
1.204712629318237305e+00,1.132083654403686523e+00
-2.247408777475357056e-02,-5.225765705108642578e+00
-2.247577905654907227e+00,-5.340045452117919922e+00
3.358416080474853516e+00,5.519424915313720703e+00
3.209364891052246094e+00,3.472990036010742188e+00
2.122868299484252930e+00,-6.637517213821411133e-01
7.880652546882629395e-01,4.663897037506103516e+00
-3.390999883413314819e-02,-2.217445611953735352e+00
-1.444372415542602539e+00,2.619792938232421875e+00
-2.613708496093750000e+00,1.950937986373901367e+00
-1.833810567855834961e+00,-1.597133040428161621e+00
1.936662077903747559e+00,4.909543037414550781e+00
-3.630658864974975586e+00,-1.326281189918518066e+00
-1.911485195159912109e+00,-3.583148241043090820e+00
-2.051555156707763672e+00,-4.142185688018798828e+00
-1.500489950180053711e+00,4.112823486328125000e+00
-2.249965667724609375e+00,-4.585244655609130859e+00
1.160386800765991211e+00,4.375332832336425781e+00
-2.086001396179199219e+00,-2.307951927185058594e+00
5.480828285217285156e-01,-7.239018917083740234e+00
2.107985019683837891e+00,-8.750987052917480469e-01
-1.790849924087524414e+00,1.009122371673583984e+00
-1.729030847549438477e+00,-1.636722385883331299e-01
-9.785346984863281250e-01,-3.590707302093505859e+00
-2.499405890703201294e-01,-4.559524059295654297e+00
-1.569334864616394043e-01,1.607374101877212524e-01
-1.889345884323120117e+00,-5.581676959991455078e+00
-2.517637252807617188e+00,-2.335093498229980469e+00
-7.504726052284240723e-01,-4.435204267501831055e-01
-1.876485943794250488e+00,-2.148590087890625000e+00
-9.276994466781616211e-01,-4.662209987640380859e+00
2.098632335662841797e+00,1.858080744743347168e+00
8.301380872726440430e-01,2.702749967575073242e+00
-1.308902502059936523e+00,-6.910024881362915039e-01
-4.940425157546997070e-01,8.731215000152587891e-01
-2.406037092208862305e+00,1.630206704139709473e+00
-2.226533889770507812e+00,-4.887537002563476562e+00
-4.267872869968414307e-01,-4.990601539611816406e+00
-1.739329457283020020e+00,2.461639165878295898e+00
3.239099264144897461e+00,4.969739317893981934e-01
-2.268722951412200928e-01,-4.221634864807128906e+00
2.619082450866699219e+00,5.431803226470947266e+00
2.517670989036560059e-01,-5.494043350219726562e+00
-3.199528455734252930e+00,-4.206987380981445312e+00
3.276636600494384766e-01,6.224783420562744141e+00
8.861006796360015869e-02,-1.413756608963012695e+00
2.947837114334106445e+00,9.089666604995727539e-01
2.230116128921508789e+00,2.663501024246215820e+00
8.436074256896972656e-01,-2.525770664215087891e+00
2.409639120101928711e+00,-9.392409324645996094e-01
-9.153658747673034668e-01,-4.851278781890869141e+00
2.330965518951416016e+00,1.697688102722167969e+00
-1.352106928825378418e+00,-5.883005619049072266e+00
1.655469089746475220e-01,8.648483753204345703e-01
1.398705244064331055e+00,-3.051278114318847656e+00
-1.771033644676208496e+00,1.909621119499206543e+00
8.448719382286071777e-01,3.631147384643554688e+00
1.324514508247375488e+00,2.820123910903930664e+00
2.934766054153442383e+00,-2.180933058261871338e-01
-1.694051742553710938e+00,-3.181047439575195312e-01
-1.022160530090332031e+00,2.783293724060058594e+00
1.659718990325927734e+00,5.162738800048828125e+00
-3.625650405883789062e+00,-7.048366069793701172e-01
6.229405999183654785e-01,-5.556195735931396484e+00
-9.778434038162231445e-02,4.230296134948730469e+00
5.138669610023498535e-01,-5.484386920928955078e+00
-1.715632200241088867e+00,-2.052231788635253906e+00
-4.254936873912811279e-01,-5.803375720977783203e+00
1.243478059768676758e-01,9.258585572242736816e-01
-2.202759265899658203e+00,-3.748011827468872070e+00
2.431932926177978516e+00,2.417856216430664062e+00
-5.612878203392028809e-01,-5.308595180511474609e+00
-3.534770011901855469e-01,-5.216953754425048828e+00
-2.973288774490356445e+00,3.854069411754608154e-01
5.654802918434143066e-01,4.742887496948242188e+00
-5.361286997795104980e-01,-5.003482103347778320e-01
-2.230570763349533081e-01,4.611631870269775391e+00
2.621008872985839844e+00,6.700314521789550781e+00
1.229796528816223145e+00,5.097143650054931641e+00
1.652716875076293945e+00,3.105723381042480469e+00
-2.899695374071598053e-02,-1.810240149497985840e+00
1.053521275520324707e+00,4.545686244964599609e+00
1.282098412513732910e+00,1.640650331974029541e-01
1.694524645805358887e+00,-4.318906784057617188e+00
1.595063090324401855e+00,2.235438108444213867e+00
-9.433788657188415527e-01,1.160804629325866699e+00
5.361977219581604004e-01,2.496185064315795898e+00
-1.613234996795654297e+00,-4.301414489746093750e+00
1.880438923835754395e+00,4.933290958404541016e+00
-1.810021162033081055e+00,2.626258850097656250e+00
-3.409641981124877930e-02,3.549554824829101562e+00
-2.657396197319030762e-01,9.504581689834594727e-01
1.657582879066467285e+00,6.531422138214111328e+00
5.097624659538269043e-02,-2.882914304733276367e+00
1.017449378967285156e+00,5.406627655029296875e-01
1.387522220611572266e+00,-6.640702724456787109e+00
3.782245159149169922e+00,6.860341548919677734e+00
1.228647232055664062e+00,9.803493320941925049e-02
4.845782518386840820e-01,2.008208990097045898e+00
-1.138081401586532593e-01,4.559903621673583984e+00
-6.419198513031005859e-01,1.978400588035583496e+00
2.454342991113662720e-01,6.140764236450195312e+00
-9.596785902976989746e-02,-5.744502067565917969e+00
2.014964818954467773e+00,4.524580478668212891e+00
-1.094617962837219238e+00,2.029331207275390625e+00
-1.858675718307495117e+00,-1.151622682809829712e-01
2.389003515243530273e+00,6.525398254394531250e+00
1.295216798782348633e+00,8.193394541740417480e-01
2.558270454406738281e+00,4.623805522918701172e+00
-2.164832800626754761e-01,5.805608272552490234e+00
-3.444152176380157471e-01,-6.522425174713134766e+00
-5.733023881912231445e-01,1.411007165908813477e+00
-1.854839205741882324e+00,2.993845045566558838e-01
-9.833245277404785156e-01,3.895395994186401367e+00
1.327831149101257324e-01,-1.751761585474014282e-01
2.995912313461303711e+00,5.734995603561401367e-01
2.052967071533203125e+00,3.561655759811401367e+00
-2.775635719299316406e-01,-5.518681928515434265e-02
8.186519145965576172e-03,-1.778632640838623047e+00
-1.666578531265258789e+00,-2.937777638435363770e-01
-4.217516481876373291e-01,5.578690528869628906e+00
-1.792926788330078125e+00,3.844277620315551758e+00
8.119204044342041016e-01,-8.778830170631408691e-01
-4.804003834724426270e-01,-3.891289949417114258e+00
6.268300414085388184e-01,2.039295434951782227e+00
7.238233685493469238e-01,3.308091640472412109e+00
-2.097828984260559082e-01,1.689868979156017303e-02
2.467456340789794922e+00,4.198355078697204590e-01
-3.339394032955169678e-01,-2.539650678634643555e+00
2.125460803508758545e-01,-3.347262144088745117e+00
1.900476217269897461e+00,5.949990749359130859e+00
3.164524555206298828e+00,3.588813304901123047e+00
-2.194107294082641602e+00,1.471304178237915039e+00
1.458582639694213867e+00,4.173555374145507812e+00
-1.624011516571044922e+00,-4.822000026702880859e+00
9.173725843429565430e-01,-8.816675841808319092e-02
1.966000318527221680e+00,9.514214843511581421e-02
1.604845374822616577e-01,1.659467071294784546e-01
2.987915515899658203e+00,1.174280643463134766e+00
6.185801029205322266e-01,1.890794634819030762e+00
-1.510704040527343750e+00,-1.448957085609436035e+00
4.372456967830657959e-01,-7.590243816375732422e-01
-2.556717395782470703e-01,-4.329595565795898438e+00
8.337386250495910645e-01,4.087596416473388672e+00
5.314317345619201660e-01,1.936457395553588867e+00
2.863619029521942139e-01,-1.773120909929275513e-01
-1.732436180114746094e+00,-1.772622466087341309e+00
3.539016962051391602e+00,5.445736646652221680e-01
-6.277778744697570801e-01,9.880537390708923340e-01
-1.206926107406616211e+00,-1.255006551742553711e+00
6.122835874557495117e-01,-1.414674967527389526e-01
1.912839770317077637e+00,-3.325344622135162354e-01
6.472260951995849609e-01,-1.319443732500076294e-01
-8.562754094600677490e-02,3.987478017807006836e+00
1.784430146217346191e+00,-6.140778660774230957e-01
2.378702908754348755e-01,3.724180161952972412e-01
5.296378955245018005e-02,-3.122808635234832764e-01
-2.172555208206176758e+00,1.207736492156982422e+00
5.824493765830993652e-01,-1.700643658638000488e+00
-2.256567955017089844e+00,-5.628246784210205078e+00
2.206332832574844360e-01,-2.069804906845092773e+00
6.412117481231689453e-01,1.507856965065002441e+00
1.664962649345397949e+00,-3.951980173587799072e-01
2.699899435043334961e+00,5.974624633789062500e+00
-9.075703620910644531e-01,3.086677074432373047e+00
-1.085222840309143066e+00,-1.069804668426513672e+00
1.217691063880920410e+00,-1.147131681442260742e+00
-7.378260493278503418e-01,-1.372896432876586914e+00
-6.926809549331665039e-01,-6.302661895751953125e-01
1.814712762832641602e+00,-3.430512189865112305e+00
2.100167036056518555e+00,-1.585485488176345825e-01
-2.118059873580932617e+00,2.927938699722290039e+00
-1.345510244369506836e+00,-4.304814815521240234e+00
-2.516149759292602539e+00,1.577501416206359863e+00
-5.256696939468383789e-01,1.610276937484741211e+00
2.368197441101074219e+00,-1.415795236825942993e-01
3.046185672283172607e-01,-3.996829032897949219e+00
-6.804371625185012817e-02,4.032446861267089844e+00
1.189661979675292969e+00,3.668332338333129883e+00
-5.672177076339721680e-01,4.804409503936767578e+00
9.436780214309692383e-01,-3.333072960376739502e-01
-2.595067262649536133e+00,-2.701942443847656250e+00
-1.476769149303436279e-01,-1.455794930458068848e+00
1.579537987709045410e+00,-1.244175195693969727e+00
-2.782732844352722168e-01,-5.934471607208251953e+00
-3.603681802749633789e+00,-1.001985669136047363e+00
-1.085526227951049805e+00,1.418227553367614746e+00
1.256998538970947266e+00,3.122375309467315674e-01
-1.947193622589111328e+00,1.905975461006164551e+00
1.814257144927978516e+00,4.038211822509765625e+00
-1.361334443092346191e+00,-2.568843662738800049e-01
2.826146841049194336e+00,6.688874363899230957e-01
9.903203248977661133e-01,4.831091403961181641e+00
1.858745574951171875e+00,-7.171894907951354980e-01
-3.135402917861938477e+00,-4.550839960575103760e-01
1.568679809570312500e-01,-1.798954963684082031e+00
9.017639756202697754e-01,3.435909032821655273e+00
2.198040962219238281e+00,6.928280353546142578e+00
-1.213286161422729492e+00,-2.602960109710693359e+00
-3.406785488128662109e+00,-1.788624048233032227e+00
-2.360953688621520996e-01,4.554741859436035156e+00
2.984936833381652832e-01,-5.724194526672363281e+00
-6.733456999063491821e-02,4.952779293060302734e+00
-2.069481849670410156e+00,-1.665000557899475098e+00
-2.116177082061767578e+00,1.958398669958114624e-01
4.189890325069427490e-01,2.056360721588134766e+00
-1.360174617730081081e-03,-6.146180629730224609e+00
-1.611089706420898438e-01,-2.903261661529541016e+00
-2.034597396850585938e+00,-2.617630481719970703e+00
-1.901912093162536621e+00,1.537325680255889893e-01
1.046756625175476074e+00,-3.938038349151611328e+00
6.597355604171752930e-01,-2.011845588684082031e+00
1.082748889923095703e+00,4.857600033283233643e-01
-1.499384164810180664e+00,2.265945911407470703e+00
7.735213041305541992e-01,-3.147251367568969727e+00
5.945423841476440430e-01,1.932874768972396851e-01
5.412333607673645020e-01,5.773509979248046875e+00
1.141313910484313965e+00,-3.886233866214752197e-01
8.654603362083435059e-01,6.025221824645996094e+00
-3.182784616947174072e-01,-6.488664627075195312e+00
2.105428218841552734e+00,7.293557643890380859e+00
1.139718055725097656e+00,5.795932292938232422e+00
2.383906364440917969e+00,6.840462684631347656e+00
-7.517265677452087402e-01,1.960554242134094238e+00
1.575698018074035645e+00,5.643746376037597656e+00
-1.915239453315734863e+00,2.526851177215576172e+00
1.776703596115112305e-01,-3.397063970565795898e+00
-9.776827692985534668e-01,3.163412094116210938e+00
-1.604658246040344238e+00,-5.208194732666015625e+00
3.363974809646606445e+00,6.567196369171142578e+00
-4.092873334884643555e-01,1.869203805923461914e+00
8.465238213539123535e-01,-6.629542827606201172e+00
-6.335476040840148926e-01,-1.264824509620666504e+00
2.308766126632690430e+00,1.508649230003356934e+00
-9.845891594886779785e-01,-3.487749338150024414e+00
7.186087369918823242e-01,3.254486322402954102e+00
2.202966958284378052e-01,4.391872882843017578e+00
2.086978197097778320e+00,2.213427782058715820e+00
-7.104624509811401367e-01,-5.311212062835693359e+00
9.803887605667114258e-01,-3.461888313293457031e+00
-3.461067080497741699e-01,8.291605114936828613e-01
-8.236409425735473633e-01,-5.714108347892761230e-01
-6.285834908485412598e-01,-1.852477192878723145e+00
2.375196069478988647e-01,4.447540283203125000e+00
-2.792414426803588867e+00,-1.661860227584838867e+00
-2.322291374206542969e+00,1.929747462272644043e+00
-3.682610690593719482e-01,-6.053094387054443359e+00
-2.523840665817260742e+00,-1.375294089317321777e+00
-1.878244519233703613e+00,-1.368113011121749878e-01
-1.294143438339233398e+00,-4.513170242309570312e+00
-9.199224114418029785e-01,-2.319104671478271484e+00
2.676286101341247559e-01,-2.561578512191772461e+00
8.915008306503295898e-01,8.007774353027343750e-01
-2.569282531738281250e+00,1.267233371734619141e+00
2.961161613464355469e+00,3.312338113784790039e+00
7.286410331726074219e-01,-8.282896876335144043e-01
2.128365993499755859e+00,4.322069644927978516e+00
2.845970094203948975e-01,-3.381258726119995117e+00
2.203051805496215820e+00,3.041045367717742920e-01
6.848679780960083008e-01,-8.410247564315795898e-01
1.471225738525390625e+00,5.972822189331054688e+00
1.061776638031005859e+00,5.329438447952270508e-01
2.434418678283691406e+00,7.362939119338989258e-01
1.265581965446472168e+00,2.347637563943862915e-01
2.951597690582275391e+00,5.663988113403320312e+00
1.842043280601501465e+00,5.438160419464111328e+00
-5.945475101470947266e-01,-1.127279281616210938e+00
-6.680143475532531738e-01,-5.376715660095214844e+00
-1.289293050765991211e+00,-1.443704724311828613e+00
9.078795313835144043e-01,-5.191766262054443359e+00
-2.681493759155273438e+00,-1.249286174774169922e+00
1.036342740058898926e+00,1.422551512718200684e+00
-4.961642622947692871e-01,-7.115634679794311523e-01
-2.572686374187469482e-01,-5.334228277206420898e-01
1.528521895408630371e+00,-5.263461589813232422e+00
3.225186586380004883e+00,9.883694052696228027e-01
-4.595361948013305664e-01,-5.823147296905517578e-01
-5.229559540748596191e-01,-1.687653422355651855e+00
-1.329588890075683594e+00,5.230837464332580566e-01
1.206181049346923828e+00,4.522611618041992188e+00
-6.198254227638244629e-01,-6.040316581726074219e+00
-1.186390638351440430e+00,-5.391221523284912109e+00
-1.197713851928710938e+00,5.879148244857788086e-01
-8.669785261154174805e-01,-6.112442016601562500e-01
1.637733459472656250e+00,-5.942533016204833984e+00
-1.308481574058532715e+00,1.362998843193054199e+00
9.495309591293334961e-01,-1.526634573936462402e+00
-1.528653740882873535e+00,2.493936061859130859e+00
2.572266817092895508e+00,7.176526188850402832e-01
-1.750858724117279053e-01,3.105997085571289062e+00
8.118098974227905273e-01,-5.043433189392089844e+00
1.684797286987304688e+00,6.634540557861328125e-01
1.840201020240783691e+00,2.379141092300415039e+00
-8.671131134033203125e-01,5.574867725372314453e-01
-1.753479838371276855e+00,9.962022304534912109e-01
-5.726839303970336914e-01,-5.018476486206054688e+00
7.159101366996765137e-01,-2.290207594633102417e-01
-1.708039790391921997e-01,-6.818009376525878906e+00
1.602465748786926270e+00,-4.818537235260009766e+00
5.490870773792266846e-02,-6.514143943786621094e+00
-2.006300836801528931e-01,1.531074792146682739e-01
7.376133799552917480e-01,-2.093349456787109375e+00
-1.494790554046630859e+00,-3.310688018798828125e+00
-1.441651344299316406e+00,-5.385146141052246094e+00
-9.799306392669677734e-01,3.217479705810546875e+00
-2.923845946788787842e-01,-2.035126447677612305e+00
2.588322401046752930e+00,-6.452013254165649414e-01
2.574100732803344727e+00,-2.316584110260009766e+00
-1.409569621086120605e+00,2.542150497436523438e+00
1.213460326194763184e+00,9.318022727966308594e-01
-2.054562330245971680e+00,6.984059810638427734e-01
7.001745104789733887e-01,-1.607166647911071777e+00
-4.800859391689300537e-01,2.948817253112792969e+00
2.455748796463012695e+00,6.021577835083007812e+00
2.397799015045166016e+00,-1.248310685157775879e+00
-2.043649673461914062e+00,-6.195534706115722656e+00
2.022427320480346680e+00,-2.726785421371459961e+00
3.619607686996459961e+00,6.487758159637451172e+00
-2.682477533817291260e-01,-4.423775672912597656e+00
-2.830545425415039062e+00,-6.663776040077209473e-01
-4.866073727607727051e-01,5.498930454254150391e+00
-1.065926671028137207e+00,3.997520208358764648e+00
4.145776107907295227e-02,3.541838884353637695e+00
-3.216203927993774414e+00,-6.664970517158508301e-01
5.070998892188072205e-02,1.291638493537902832e+00
-2.641058862209320068e-01,4.518545627593994141e+00
3.409575462341308594e+00,7.325245380401611328e+00
-4.245094954967498779e-01,-2.388913869857788086e+00
4.583263695240020752e-01,-1.548094451427459717e-01
1.230641826987266541e-01,3.199517250061035156e+00
-2.125561714172363281e+00,-1.129201147705316544e-02
1.063928008079528809e+00,-5.507716655731201172e+00
1.938990950584411621e+00,4.817711353302001953e+00
-2.727312445640563965e-01,-7.410455226898193359e+00
4.415109157562255859e-01,1.851724147796630859e+00
-3.258954524993896484e+00,-2.054228067398071289e+00
2.101435184478759766e+00,5.729532718658447266e+00
2.664509296417236328e+00,2.263907670974731445e+00
-2.393820047378540039e+00,-5.044338703155517578e+00
-1.565192937850952148e+00,-1.604415774345397949e+00
9.235187172889709473e-01,-4.676752567291259766e+00
-2.414291620254516602e+00,-2.541747331619262695e+00
-1.774996668100357056e-01,-4.572552204132080078e+00
-3.121211230754852295e-01,9.765586256980895996e-01
-3.754662871360778809e-01,-2.034800291061401367e+00
1.257514119148254395e+00,2.860273838043212891e+00
4.942189455032348633e-01,4.706432819366455078e+00
-1.313500404357910156e+00,1.775726526975631714e-01
3.021584749221801758e-01,4.525128841400146484e+00
1.383483409881591797e+00,-3.170670032501220703e+00
-8.112878203392028809e-01,4.411439895629882812e+00
-2.254398912191390991e-01,6.120731234550476074e-01
1.464708209037780762e+00,-1.281375885009765625e+00
1.233565211296081543e+00,4.294624805450439453e+00
-3.099160194396972656e+00,1.932447105646133423e-01
-2.626316785812377930e+00,-2.645653486251831055e+00
1.079838871955871582e+00,4.894847869873046875e+00
2.734637498855590820e+00,-3.003314018249511719e+00
2.190133094787597656e+00,2.314785480499267578e+00
-6.816773414611816406e-01,-1.345013499259948730e+00
-2.193990707397460938e+00,-6.060931205749511719e+00
2.953468322753906250e+00,1.976660013198852539e+00
8.734723925590515137e-01,2.363137722015380859e+00
-1.954742908477783203e+00,-6.948887109756469727e-01
-2.347429752349853516e+00,-3.655757188796997070e+00
-1.728919267654418945e+00,3.095754683017730713e-01
-2.074516296386718750e+00,2.162777662277221680e+00
-8.519979119300842285e-01,4.411254405975341797e+00
2.177602052688598633e+00,7.316828966140747070e-01
-3.697342634201049805e+00,-7.983686923980712891e-01
1.815521121025085449e+00,4.914336681365966797e+00
2.932059764862060547e+00,-1.140422895550727844e-01
4.216016292572021484e+00,6.881716251373291016e+00
2.941022634506225586e+00,-1.768859177827835083e-01
-1.444064259529113770e+00,-6.610811710357666016e+00
5.743982195854187012e-01,-6.339007377624511719e+00
-7.998636923730373383e-03,5.030738353729248047e+00
-6.464738845825195312e-01,-4.110149860382080078e+00
-4.578719437122344971e-01,6.891977190971374512e-01
-2.292193651199340820e+00,-6.260877609252929688e+00
6.640095710754394531e-01,-3.726799726486206055e+00
-2.190052032470703125e+00,-2.261593341827392578e+00
2.067754983901977539e+00,2.460148334503173828e+00
-4.555002748966217041e-01,-2.308313548564910889e-01
8.341343998908996582e-01,-2.660047769546508789e+00
1.606435328722000122e-01,2.648761749267578125e+00
-1.705866098403930664e+00,1.713407874107360840e+00
6.818667054176330566e-01,2.687758922576904297e+00
6.449517607688903809e-01,-7.293837547302246094e+00
-6.436411738395690918e-01,2.111242294311523438e+00
5.205302834510803223e-01,-1.003057241439819336e+00
2.514973640441894531e+00,4.668831825256347656e+00
-1.607053279876708984e+00,1.202510356903076172e+00
2.761088609695434570e+00,1.737016558647155762e+00
-1.118779182434082031e+00,-6.152271032333374023e-01
-1.038680672645568848e+00,2.924081087112426758e+00
1.690515041351318359e+00,-2.051358461380004883e+00
2.445411205291748047e+00,3.298647880554199219e+00
-2.357492685317993164e+00,-6.679457187652587891e+00
-2.047840356826782227e+00,8.767778277397155762e-01
1.518589258193969727e+00,-2.385858744382858276e-01
2.263647079467773438e+00,1.080970048904418945e+00
1.915329575538635254e+00,-1.003520786762237549e-01
-7.467653751373291016e-01,-2.949388027191162109e+00
-5.039457678794860840e-01,3.894991159439086914e+00
-6.801250576972961426e-01,-2.028446197509765625e+00
-1.401966452598571777e+00,-5.428958892822265625e+00
-1.842379927635192871e+00,-3.830325126647949219e+00
-2.361204624176025391e+00,-2.614574730396270752e-01
1.702602982521057129e+00,1.893205344676971436e-01
2.279956340789794922e+00,4.249649345874786377e-01
-2.744559049606323242e+00,-3.792023658752441406e+00
1.286900281906127930e+00,4.494851231575012207e-01
-1.110705971717834473e+00,-7.619301676750183105e-01
2.810894727706909180e+00,4.811571836471557617e-01
1.412201762199401855e+00,1.568661808967590332e+00
-4.217884838581085205e-01,8.009219169616699219e-01
4.606274366378784180e-01,3.433901786804199219e+00
-1.872368693351745605e+00,-5.668798446655273438e+00
1.396795749664306641e+00,-1.996669411659240723e+00
-1.541975975036621094e+00,-1.503589510917663574e+00
-2.261485338211059570e+00,-3.774429559707641602e+00
-2.471055835485458374e-01,2.307374477386474609e+00
-2.097816765308380127e-01,1.256174802780151367e+00
-3.037814140319824219e+00,-5.510696887969970703e+00
8.233695030212402344e-01,-5.200691699981689453e+00
-1.150720000267028809e+00,-2.742965459823608398e+00
6.962888836860656738e-01,-7.078681588172912598e-01
2.415060043334960938e+00,4.079047679901123047e+00
7.376265525817871094e-01,-5.880722999572753906e+00
8.003706932067871094e-01,-4.771889686584472656e+00
1.064486145973205566e+00,2.344684362411499023e+00
-1.423429965972900391e+00,1.558740258216857910e+00
-1.936260104179382324e+00,-3.182306289672851562e-01
2.075679063796997070e+00,1.236774682998657227e+00
-1.788599133491516113e+00,-1.619294643402099609e+00
-1.229458808898925781e+00,-8.689896464347839355e-01
-1.625910639762878418e+00,-5.775159835815429688e+00
5.320233702659606934e-01,3.878202438354492188e+00
-2.101013064384460449e-01,5.240432262420654297e+00
1.071716919541358948e-01,-7.298209071159362793e-01
5.047455430030822754e-01,-1.519757509231567383e+00
2.328167855739593506e-01,-9.607002139091491699e-01
-3.930201828479766846e-01,-4.837354645133018494e-02
-2.227369308471679688e+00,-3.082322478294372559e-01
7.678842544555664062e-01,5.636039257049560547e+00
1.697246283292770386e-01,-7.995658397674560547e+00
1.283919572830200195e+00,1.452746868133544922e+00
-9.935314059257507324e-01,-3.288178682327270508e+00
2.952972650527954102e+00,1.448311686515808105e+00
-2.900840520858764648e+00,-4.397875308990478516e+00
-6.320706605911254883e-01,-1.258841753005981445e+00
-1.311690211296081543e+00,-5.569287776947021484e+00
2.098927497863769531e+00,-7.339096069335937500e-02
1.599213480949401855e+00,4.188576698303222656e+00
-1.572669506072998047e+00,-7.022007942199707031e+00
3.812485933303833008e-02,4.933872222900390625e+00
1.558988332748413086e+00,-4.064311027526855469e+00
-2.463764101266860962e-01,-5.703550338745117188e+00
2.441859722137451172e+00,-8.797518014907836914e-01
8.983331918716430664e-01,-8.886041492223739624e-02
2.136952638626098633e+00,-2.345274448394775391e+00
-1.827517986297607422e+00,-8.301970958709716797e-01
-1.445588827133178711e+00,2.152382880449295044e-01
-2.655359745025634766e+00,-1.225233912467956543e+00
2.408982276916503906e+00,3.449257612228393555e+00
2.193138599395751953e+00,6.240198135375976562e+00
9.236519336700439453e-01,-8.302505016326904297e-01
-2.523896217346191406e+00,-1.796223044395446777e+00
-2.291001558303833008e+00,-8.331261873245239258e-01
-2.104021787643432617e+00,-1.956863522529602051e+00
-9.143204689025878906e-01,3.374766707420349121e-01
-1.192233204841613770e+00,-4.547825336456298828e+00
2.266983747482299805e+00,1.674978733062744141e+00
1.513775587081909180e+00,-8.634546399116516113e-01
3.212081491947174072e-01,4.214711666107177734e+00
1.437406420707702637e+00,-2.091295242309570312e+00
-1.195298135280609131e-01,2.352579832077026367e+00
-6.724148988723754883e-01,-4.634059429168701172e+00
2.761400461196899414e+00,-5.376453995704650879e-01
-8.396931290626525879e-01,-3.010481357574462891e+00
-2.903991460800170898e+00,-4.406009197235107422e+00
1.143030002713203430e-01,4.872979640960693359e+00
8.990384936332702637e-01,4.891609191894531250e+00
4.510584175586700439e-01,2.156569004058837891e+00
-1.899408698081970215e+00,-2.811136484146118164e+00
5.394406318664550781e-01,1.475901007652282715e+00
2.523562669754028320e+00,-1.864465236663818359e+00
-2.231932163238525391e+00,9.212419986724853516e-01
-2.608981132507324219e+00,-2.910183906555175781e+00
9.099557399749755859e-01,4.094454765319824219e+00
-4.207647442817687988e-01,-2.374001264572143555e+00
-1.131326079368591309e+00,2.873467683792114258e+00
-2.811388254165649414e+00,-5.767953395843505859e+00
1.868814527988433838e-01,1.943855762481689453e+00
1.397581100463867188e-01,5.929868817329406738e-01
-2.808196842670440674e-01,-4.117955684661865234e+00
-2.966252863407135010e-01,3.863710165023803711e+00
-2.625483512878417969e+00,-5.394781589508056641e+00
8.179705739021301270e-01,2.896873950958251953e+00
8.143100142478942871e-01,-5.158080577850341797e+00
-9.841890335083007812e-01,-6.656903266906738281e+00
1.870073437690734863e+00,-2.744990289211273193e-01
3.884459435939788818e-01,3.828575015068054199e-01
-2.719222307205200195e-01,-3.737514734268188477e+00
-8.676553964614868164e-01,-2.631553709506988525e-01
1.455703616142272949e+00,9.425982236862182617e-01
2.439966440200805664e+00,3.336359024047851562e+00
5.719246268272399902e-01,5.110795974731445312e+00
-1.492818593978881836e+00,-4.407477855682373047e+00
2.459684610366821289e-01,4.065667688846588135e-01
-3.094738245010375977e+00,-5.081547498703002930e-01
-1.393044352531433105e+00,2.261253595352172852e+00
-1.981645703315734863e+00,2.806096076965332031e+00
1.123831987380981445e+00,-3.749439954757690430e+00
2.956594467163085938e+00,3.406363010406494141e+00
-3.444127142429351807e-01,1.973872423171997070e+00
-7.912546396255493164e-01,4.054914951324462891e+00
-8.763080835342407227e-01,-5.879889488220214844e+00
5.191866755485534668e-01,1.576374053955078125e+00
-6.485028862953186035e-01,-4.971848964691162109e+00
2.576376438140869141e+00,5.291760444641113281e+00
-5.005796551704406738e-01,3.695830345153808594e+00
-4.243113696575164795e-01,-4.206646919250488281e+00
-1.134623408317565918e+00,1.516117572784423828e+00
1.024011969566345215e+00,1.522636175155639648e+00
-9.227138757705688477e-02,2.410042524337768555e+00
-1.332098484039306641e+00,3.076831579208374023e+00
-8.712647855281829834e-02,-4.855360984802246094e+00
-2.952872753143310547e+00,1.385906934738159180e+00
-1.020058631896972656e+00,3.961462497711181641e+00
-4.381825625896453857e-01,1.785585522651672363e+00
6.694330573081970215e-01,1.790222644805908203e+00
1.690950155258178711e+00,-2.741710245609283447e-01
2.249833106994628906e+00,-1.416194438934326172e+00
-2.316159486770629883e+00,-8.201903700828552246e-01
2.301724910736083984e+00,-2.360432595014572144e-02
3.240341246128082275e-01,5.682804107666015625e+00
2.151455163955688477e+00,1.743753552436828613e+00
1.564848184585571289e+00,3.462712466716766357e-01
1.849263072013854980e+00,2.458875417709350586e+00
-1.177338242530822754e+00,1.471895813941955566e+00
-5.266249179840087891e-01,-4.107229709625244141e+00
2.391600370407104492e+00,1.817363262176513672e+00
1.637990474700927734e+00,1.237151503562927246e+00
1.443439424037933350e-01,2.042035579681396484e+00
7.100331783294677734e-01,-6.101348876953125000e+00
2.688708305358886719e+00,3.857098817825317383e-01
-1.192072868347167969e+00,4.237228870391845703e+00
1.305281043052673340e+00,-3.924579858779907227e+00
6.224018931388854980e-01,-1.252717852592468262e+00
2.342944383621215820e+00,-4.371916502714157104e-02
2.946128547191619873e-01,-2.720422983169555664e+00
2.396098852157592773e+00,4.116904258728027344e+00
-1.504306674003601074e+00,-5.280678749084472656e+00
9.618970751762390137e-01,1.593104243278503418e+00
1.482154250144958496e+00,5.622612833976745605e-01
1.677078485488891602e+00,1.484332680702209473e+00
-9.619935750961303711e-01,2.727145195007324219e+00
1.206347227096557617e+00,-2.329791307449340820e+00
2.958395957946777344e+00,4.209952354431152344e+00
2.141935110092163086e+00,2.669337034225463867e+00
4.195417091250419617e-02,-2.247932672500610352e+00
-2.162720203399658203e+00,-1.294846057891845703e+00
1.545464515686035156e+00,-2.956268787384033203e+00
2.573223114013671875e+00,-1.122902512550354004e+00
3.777338981628417969e+00,5.697856426239013672e+00
8.300787806510925293e-01,1.255731105804443359e+00
-1.429061055183410645e+00,1.470543026924133301e+00
-1.632384777069091797e+00,-4.479099273681640625e+00
2.047929048538208008e+00,5.467499256134033203e+00
2.907729744911193848e-01,5.655541419982910156e+00
2.619704723358154297e+00,-1.661788463592529297e+00
-3.669126272201538086e+00,-1.288633465766906738e+00
-8.862265944480895996e-01,-1.893304139375686646e-01
-1.881986021995544434e+00,-3.120285987854003906e+00
-1.389946699142456055e+00,-5.988418579101562500e+00
-1.938828945159912109e+00,-2.957491397857666016e+00
-2.076397418975830078e+00,6.512989401817321777e-01
-1.622096747159957886e-01,-1.089512705802917480e+00
5.493766665458679199e-01,5.026249885559082031e+00
1.311074972152709961e+00,7.447135448455810547e-02
1.703581452369689941e+00,2.601701736450195312e+00
-2.014839887619018555e+00,-3.308820486068725586e+00
1.478323459625244141e+00,2.599612951278686523e+00
4.301185011863708496e-01,6.276040554046630859e+00
1.066398382186889648e+00,1.688841581344604492e+00
-7.930948138236999512e-01,3.589040756225585938e+00
3.105457782745361328e+00,2.798836946487426758e+00
2.291756391525268555e+00,6.292474746704101562e+00
-1.819873690605163574e+00,-1.993179202079772949e+00
1.792613983154296875e+00,2.819496989250183105e-01
-2.910466432571411133e+00,6.320501565933227539e-01
2.780114412307739258e+00,4.805725812911987305e-01
1.784586071968078613e+00,-2.069013118743896484e+00
4.114583432674407959e-01,-7.005256175994873047e+00
-1.467133522033691406e+00,-6.376773357391357422e+00
1.090666651725769043e+00,4.877485930919647217e-01
-1.565992832183837891e+00,-1.877756834030151367e+00
2.152304649353027344e+00,2.911295652389526367e+00
1.131997823715209961e+00,8.013153076171875000e-01
1.131719112396240234e+00,9.327938556671142578e-01
1.345133781433105469e+00,3.369860649108886719e-01
-6.104549858719110489e-03,-6.534513950347900391e+00
1.689703464508056641e+00,-9.576301574707031250e-01
-2.230180978775024414e+00,-5.013493061065673828e+00
2.866170406341552734e+00,-7.876298427581787109e-01
3.610880076885223389e-01,-4.931843757629394531e+00
1.812211036682128906e+00,4.436054706573486328e+00
4.737619757652282715e-01,6.823651194572448730e-01
-2.228793799877166748e-01,5.188178539276123047e+00
3.080916404724121094e+00,-1.023600101470947266e+00
-6.160047054290771484e-01,-2.060639381408691406e+00
4.395680129528045654e-01,-1.816938161849975586e+00
-1.749033689498901367e+00,-7.642320990562438965e-01
-1.843919873237609863e+00,-2.066360950469970703e+00
3.296554565429687500e+00,1.912719488143920898e+00
1.367188096046447754e+00,5.663004398345947266e+00
-7.723040580749511719e-01,-4.521322727203369141e+00
4.140834510326385498e-01,-5.633829116821289062e+00
6.531741470098495483e-02,4.349005699157714844e+00
-1.345097541809082031e+00,3.846364736557006836e+00
1.833947896957397461e+00,2.452920436859130859e+00
-2.549556016921997070e+00,7.741447091102600098e-01
2.974817037582397461e+00,2.714236736297607422e+00
1.367574095726013184e+00,-3.104328393936157227e+00
-8.297165632247924805e-01,-5.917861938476562500e+00
3.737793564796447754e-01,-6.887229084968566895e-01
-2.435919013805687428e-04,3.348156690597534180e+00
-3.438020348548889160e-01,-5.579390525817871094e+00
-2.408045768737792969e+00,-3.822340011596679688e+00
1.562798976898193359e+00,1.673880696296691895e+00
-1.052261233329772949e+00,-1.645151376724243164e+00
-2.973862290382385254e-01,2.322700500488281250e+00
1.541568279266357422e+00,-4.112534999847412109e+00
1.782754302024841309e+00,-3.420424699783325195e+00
3.030431032180786133e+00,1.484515070915222168e+00
5.958552360534667969e-01,-3.383418798446655273e+00
-2.361199855804443359e+00,-1.472962141036987305e+00
-1.867361307144165039e+00,-2.149565219879150391e+00
-7.398215532302856445e-01,4.045303821563720703e+00
-2.918159961700439453e+00,-2.122581452131271362e-01
1.368306875228881836e+00,-2.215011119842529297e+00
-1.446010112762451172e+00,2.415546894073486328e+00
2.869997501373291016e+00,4.509401798248291016e+00
1.452267408370971680e+00,-3.442295312881469727e+00
-2.544379711151123047e+00,1.680977225303649902e+00
-5.428166389465332031e-01,7.622458338737487793e-01
3.055670671164989471e-02,4.442378997802734375e+00
-1.139061808586120605e+00,-3.846684455871582031e+00
1.216476082801818848e+00,-3.909977674484252930e+00
1.662087917327880859e+00,2.285078287124633789e+00
4.251096844673156738e-01,2.109890937805175781e+00
-1.154375791549682617e+00,-2.154137134552001953e+00
-9.847475290298461914e-01,2.891192674636840820e+00
-2.967650413513183594e+00,-4.250107407569885254e-01
-2.226873636245727539e-01,4.597161769866943359e+00
-2.021443843841552734e+00,-4.333134651184082031e+00
8.027426004409790039e-01,8.129312396049499512e-01
2.699748992919921875e+00,7.332321256399154663e-02
-1.584247946739196777e+00,2.804392576217651367e+00
1.181503057479858398e+00,2.673782408237457275e-01
2.714916944503784180e+00,1.044152855873107910e+00
4.122104346752166748e-01,-3.232915699481964111e-01
-2.008041590452194214e-01,-5.763227462768554688e+00
-6.161737442016601562e-01,3.072243690490722656e+00
-1.157811760902404785e+00,1.340519428253173828e+00
-5.848549008369445801e-01,-5.089285850524902344e+00
8.121011853218078613e-01,-7.781966209411621094e+00
1.473343133926391602e+00,6.728856563568115234e-01
-2.008843660354614258e+00,2.666705131530761719e+00
1.492628604173660278e-01,5.126723647117614746e-01
-2.654425621032714844e+00,-1.291667222976684570e+00
-2.956549882888793945e+00,-3.808659076690673828e+00
-1.790484666824340820e+00,3.066619396209716797e+00
-1.414265155792236328e+00,-3.101059794425964355e-02
1.822360157966613770e+00,3.057636022567749023e+00
-1.106823086738586426e+00,-5.123358249664306641e+00
1.683698296546936035e+00,-2.230938434600830078e+00
2.187034338712692261e-01,-5.068089962005615234e+00
-2.998280763626098633e+00,-3.652116060256958008e+00
1.267512440681457520e+00,-1.577012300491333008e+00
-1.585709333419799805e+00,1.994683980941772461e+00
2.360431671142578125e+00,6.866827964782714844e+00
-2.095078229904174805e+00,-4.254552841186523438e+00
-4.100551307201385498e-01,-4.198181629180908203e+00
3.393713235855102539e+00,1.400918722152709961e+00
1.941209077835083008e+00,5.038089275360107422e+00
1.541573286056518555e+00,-3.433623909950256348e-01
1.007856801152229309e-01,-4.941476345062255859e+00
-2.037187814712524414e+00,-6.026618480682373047e+00
-6.335650682449340820e-01,8.164958357810974121e-01
-2.572863101959228516e+00,2.429136037826538086e+00
-1.730658411979675293e+00,2.461474895477294922e+00
2.690536499023437500e+00,-7.319527268409729004e-01
-2.053214550018310547e+00,-1.123580098152160645e+00
3.010013103485107422e-01,2.180638790130615234e+00
-1.657613664865493774e-01,-3.960466146469116211e+00
9.274454712867736816e-01,-5.857821941375732422e+00
1.235106348991394043e+00,2.566771268844604492e+00
-5.989996194839477539e-01,-2.188245058059692383e+00
-1.951215982437133789e+00,-4.065915584564208984e+00
-4.354231804609298706e-02,7.776640653610229492e-01
-2.199182510375976562e+00,1.257652163505554199e+00
1.860596537590026855e+00,5.408465385437011719e+00
9.672566652297973633e-01,-2.470721721649169922e+00
2.823212444782257080e-01,1.783284544944763184e+00
-2.408397912979125977e+00,-1.206936955451965332e+00
-1.732282161712646484e+00,-4.379641056060791016e+00
1.385252237319946289e+00,-3.395481407642364502e-01
9.294450283050537109e-02,-3.580283880233764648e+00
7.248901724815368652e-01,-7.281867027282714844e+00
-3.946441411972045898e-01,1.734631419181823730e+00
2.144825458526611328e+00,-1.204072713851928711e+00
-1.864857077598571777e-01,5.736656188964843750e-01
-2.649525403976440430e+00,-5.541958332061767578e+00
2.627613782882690430e+00,2.202820539474487305e+00
-1.092720746994018555e+00,-9.012858867645263672e-01
3.127572536468505859e+00,-1.117962837219238281e+00
8.266944885253906250e-01,-2.614547729492187500e+00
-5.376011133193969727e-01,-4.070548534393310547e+00
3.745679259300231934e-01,1.057920530438423157e-01
6.924352645874023438e-01,-1.666670083999633789e+00
1.266939342021942139e-01,3.113003969192504883e+00
-1.480440497398376465e+00,-3.425690650939941406e+00
2.366475343704223633e+00,-3.052603960037231445e+00
3.093451023101806641e+00,1.378339678049087524e-01
-6.212059855461120605e-01,4.239107608795166016e+00
-2.122820019721984863e-01,-2.975951671600341797e+00
-1.927927255630493164e+00,-4.390662312507629395e-01
2.846611499786376953e+00,4.327848434448242188e+00
-1.972516417503356934e+00,-4.680721163749694824e-01
8.985936641693115234e-01,1.285466551780700684e+00
-3.002260684967041016e+00,-1.076262116432189941e+00
-3.160230219364166260e-01,-6.574109554290771484e+00
1.267068862915039062e+00,3.600925207138061523e+00
-1.391008347272872925e-01,-4.128542423248291016e+00
2.335034132003784180e+00,6.800995349884033203e+00
2.182898998260498047e+00,2.637217283248901367e+00
1.566213488578796387e+00,-3.141538143157958984e+00
-1.006162539124488831e-01,-3.475074529647827148e+00
7.645186185836791992e-01,1.018474221229553223e+00
-2.309191972017288208e-01,1.766082882881164551e+00
1.031733632087707520e+00,2.112290412187576294e-01
-9.321312308311462402e-01,-4.840385437011718750e+00
-1.852862834930419922e+00,2.471383333206176758e+00
2.357213735580444336e+00,2.618066310882568359e+00
3.331702470779418945e+00,2.357988357543945312e+00
-7.140919566154479980e-01,-1.130589723587036133e+00
-2.655540466308593750e+00,-4.938109397888183594e+00
-1.508781015872955322e-01,3.247675895690917969e+00
-2.181161940097808838e-01,-6.259634971618652344e+00
1.082213401794433594e+00,5.607945919036865234e+00
-1.306313872337341309e+00,-1.697974205017089844e+00
4.175665378570556641e+00,7.018048286437988281e+00
-1.507957577705383301e-01,-4.854751586914062500e+00
2.870168924331665039e+00,6.384182572364807129e-01
-7.143918275833129883e-01,-8.906534314155578613e-01
-1.153926253318786621e+00,-6.704639434814453125e+00
-2.686028182506561279e-01,-6.658989787101745605e-01
-9.368411302566528320e-01,3.047397136688232422e+00
1.140368700027465820e+00,-6.403265595436096191e-01
1.080641865730285645e+00,4.379540681838989258e-01
1.154471278190612793e+00,-1.905986547470092773e+00
2.266331672668457031e+00,5.989949703216552734e+00
2.253010511398315430e+00,-3.661731481552124023e+00
6.419400870800018311e-02,-3.939472436904907227e+00
-1.192602753639221191e+00,2.038205146789550781e+00
-1.787019014358520508e+00,3.836923360824584961e+00
3.045767307281494141e+00,5.742509841918945312e+00
-2.257999181747436523e+00,1.739263176918029785e+00
1.232068419456481934e+00,1.551344394683837891e+00
-9.713751077651977539e-01,-7.419340133666992188e+00
5.487332493066787720e-02,4.906360626220703125e+00
3.586595654487609863e-01,6.687700152397155762e-01
1.461313724517822266e+00,-4.971211910247802734e+00
2.673709154129028320e+00,-3.105868339538574219e+00
3.000026226043701172e+00,3.342540025711059570e+00
-1.055207133293151855e+00,-5.926484584808349609e+00
-1.048474192619323730e+00,5.152029991149902344e-01
2.544184684753417969e+00,-2.246258974075317383e+00
-2.628210186958312988e-01,2.537068128585815430e+00
-2.841260910034179688e+00,-4.407269001007080078e+00
-5.431003570556640625e-01,3.104066133499145508e+00
-1.135584592819213867e+00,1.688485383987426758e+00
7.666689753532409668e-01,-6.171197295188903809e-01
-1.610732674598693848e+00,-4.415020465850830078e+00
1.704808712005615234e+00,4.281549453735351562e-01
1.129482984542846680e+00,-1.470442771911621094e+00
-6.792914867401123047e-01,-5.743333697319030762e-01
2.470624208450317383e+00,-1.672347784042358398e-01
2.574472904205322266e+00,-1.794228553771972656e+00
2.852521419525146484e+00,-1.453464984893798828e+00
-6.376050114631652832e-01,3.778932094573974609e+00
-2.389326095581054688e+00,3.045113086700439453e+00
8.628236055374145508e-01,3.265913486480712891e+00
-2.475757896900177002e-01,-5.413620948791503906e+00
6.611116975545883179e-02,2.588541984558105469e+00
1.384645581245422363e+00,9.547993540763854980e-01
-9.578554034233093262e-01,-1.990129947662353516e+00
-9.106121063232421875e-01,-2.840163469314575195e+00
2.050959616899490356e-01,-5.416194915771484375e+00
1.398178339004516602e+00,6.153985023498535156e+00
-2.123145580291748047e+00,-2.199602365493774414e+00
9.633345007896423340e-01,-6.822447299957275391e+00
-2.582304954528808594e+00,2.385041713714599609e-01
5.049911141395568848e-01,-3.345245361328125000e+00
-6.983438134193420410e-01,3.555134236812591553e-01
1.218264251947402954e-01,8.670434951782226562e-01
1.179032206535339355e+00,-5.329814434051513672e+00
1.781853795051574707e+00,2.245823621749877930e+00
-4.241598248481750488e-01,1.903250455856323242e+00
-1.111141800880432129e+00,-1.565469264984130859e+00
3.394498229026794434e-01,6.759381890296936035e-01
-2.840075731277465820e+00,-1.376143217086791992e+00
-1.808758020401000977e+00,2.690080404281616211e+00
1.190253734588623047e+00,1.663419604301452637e+00
1.603708267211914062e+00,4.286187648773193359e+00
2.094068676233291626e-01,-5.321713924407958984e+00
-2.366769075393676758e+00,2.137543678283691406e+00
7.113876938819885254e-01,-6.221896171569824219e+00
-1.692296743392944336e+00,-3.690181255340576172e+00
-7.241068482398986816e-01,3.511084318161010742e+00
1.612967848777770996e+00,1.623892188072204590e+00
1.538839578628540039e+00,1.541812300682067871e+00
4.133491590619087219e-02,1.321574211120605469e+00
-2.364229440689086914e+00,1.038763746619224548e-01
2.359599590301513672e+00,1.531720399856567383e+00
7.082017064094543457e-01,-2.102743864059448242e+00
2.444536924362182617e+00,-6.077287793159484863e-01
4.239633083343505859e+00,6.845683097839355469e+00
-7.375953793525695801e-01,-5.925796985626220703e+00
8.303346037864685059e-01,-3.947744145989418030e-02
1.033552646636962891e+00,-5.139529109001159668e-01
7.911779284477233887e-01,-4.700810611248016357e-01
5.011556744575500488e-01,-1.109783291816711426e+00
2.555924177169799805e+00,-2.293259277939796448e-02
-7.762733101844787598e-01,-6.095298767089843750e+00
-1.245802342891693115e-01,4.606942176818847656e+00
6.347941160202026367e-01,-6.408798694610595703e+00
-8.647242188453674316e-01,-2.801770210266113281e+00
1.709190607070922852e+00,1.244502067565917969e+00
4.451035559177398682e-01,3.738623857498168945e+00
1.658855915069580078e+00,5.790772438049316406e+00
-1.421534299850463867e+00,2.514886856079101562e+00
-1.764396905899047852e+00,3.431442022323608398e+00
3.300934791564941406e+00,1.725851416587829590e+00
2.205307483673095703e+00,2.746820926666259766e+00
6.684834957122802734e-01,8.718675374984741211e-01
-2.296001166105270386e-01,3.226125001907348633e+00
-6.432419419288635254e-01,-5.183373928070068359e+00
-2.932145118713378906e+00,-7.012793421745300293e-01
4.297965466976165771e-01,3.719665288925170898e+00
-3.073431968688964844e+00,-2.478368520736694336e+00
-1.119320511817932129e+00,1.002128601074218750e+00
-1.281468942761421204e-02,6.961933970451354980e-01
3.365162849426269531e+00,-7.596898078918457031e-01
3.436647951602935791e-01,-2.522312164306640625e+00
3.835575580596923828e+00,-5.421819090843200684e-01
1.858643591403961182e-01,6.174342155456542969e+00
-2.442357301712036133e+00,-3.030840635299682617e+00
3.626549720764160156e+00,1.049424171447753906e+00
-1.208424329757690430e+00,-6.521157622337341309e-01
-1.077636033296585083e-01,2.341459989547729492e+00
4.658266529440879822e-02,3.539693653583526611e-01
1.233013510704040527e+00,2.188081264495849609e+00
1.751837372779846191e+00,4.074094295501708984e+00
1.089981555938720703e+00,5.937989234924316406e+00
3.714314222335815430e+00,6.848154067993164062e+00
-1.005951017141342163e-01,-5.859682083129882812e+00
4.316278934478759766e+00,1.045884966850280762e+00
6.013039350509643555e-01,2.650201559066772461e+00
-5.727413296699523926e-01,2.857781410217285156e+00
-6.183769702911376953e-01,-3.338045358657836914e+00
-3.005932331085205078e+00,9.916546195745468140e-02
3.076368868350982666e-01,-2.412621498107910156e+00
-1.221732139587402344e+00,2.833013534545898438e+00
-8.303914666175842285e-01,-4.582344532012939453e+00
-6.315424442291259766e-01,-9.457238316535949707e-01
-6.523696780204772949e-01,-3.023192644119262695e+00
-2.202953338623046875e+00,-1.834222197532653809e+00
-3.614248633384704590e-01,-5.110923051834106445e-01
-2.407866239547729492e+00,3.257357478141784668e-01
2.108735322952270508e+00,2.566211938858032227e+00
-4.687607288360595703e-01,5.500586509704589844e+00
-1.367022752761840820e+00,-4.769779205322265625e+00
-4.700137078762054443e-01,3.790368556976318359e+00
-1.418461561203002930e+00,-6.362102985382080078e+00
-3.102389574050903320e-01,4.033492565155029297e+00
-6.266087293624877930e-01,2.990055322647094727e+00
3.889192342758178711e+00,7.063801288604736328e-01
-9.303503632545471191e-01,2.695304453372955322e-01
-1.367862820625305176e+00,4.607009887695312500e+00
2.478981971740722656e+00,4.026077270507812500e+00
2.101638317108154297e+00,4.728066921234130859e+00
-7.180839180946350098e-01,-5.746916532516479492e-01
6.863729953765869141e-01,-5.598119258880615234e+00
2.714622020721435547e+00,9.029698967933654785e-01
-2.919162750244140625e+00,4.890182018280029297e-01
-3.064576625823974609e+00,-2.514618635177612305e+00
-2.942232847213745117e+00,1.298045992851257324e+00
1.417959094047546387e+00,-2.474720478057861328e+00
-2.268052339553833008e+00,-4.100021839141845703e+00
1.665627211332321167e-01,-4.906388759613037109e+00
1.583341836929321289e+00,-2.263369798660278320e+00
-3.758223354816436768e-01,-3.844711482524871826e-01
-2.392374992370605469e+00,-6.593152284622192383e-01
-2.288939803838729858e-01,3.658431529998779297e+00
3.142370223999023438e+00,6.404657363891601562e+00
-2.722324430942535400e-01,-4.193024635314941406e+00
-1.281605958938598633e+00,-6.739938735961914062e+00
-3.211200237274169922e+00,-4.422552585601806641e+00
-2.432093143463134766e+00,4.798835813999176025e-01
-1.054232120513916016e+00,-1.483730435371398926e+00
2.656397342681884766e+00,-1.251534372568130493e-01
-2.607269048690795898e+00,-1.259865760803222656e+00
-7.959699034690856934e-01,-3.806588172912597656e+00
4.256078898906707764e-01,5.682288646697998047e+00
-7.784885168075561523e-01,2.996531486511230469e+00
2.220823764801025391e-01,6.251697063446044922e+00
-1.053773999214172363e+00,3.974656820297241211e+00
2.402604520320892334e-01,-5.615191936492919922e+00
2.376592874526977539e+00,4.375549316406250000e+00
7.355138659477233887e-01,-5.466789245605468750e+00
1.362849593162536621e+00,-4.118952274322509766e+00
9.634730219841003418e-02,-5.636950016021728516e+00
-9.502241611480712891e-01,-4.522712707519531250e+00
9.625297188758850098e-01,2.344703912734985352e+00
1.052110120654106140e-01,-5.506478786468505859e+00
-1.186344385147094727e+00,-2.206877231597900391e+00
-2.249217987060546875e+00,-3.987817525863647461e+00
1.460888981819152832e+00,-5.037969350814819336e-01
2.102358341217041016e+00,4.640237808227539062e+00
1.201601028442382812e+00,-2.479930400848388672e+00
-1.524722456932067871e+00,-1.492633581161499023e+00
7.405395507812500000e-01,-5.853915214538574219e+00
1.814577102661132812e+00,3.881193995475769043e-01
7.091816663742065430e-01,-1.996441364288330078e+00
3.111741542816162109e+00,1.337206006050109863e+00
3.085127830505371094e+00,-8.131614923477172852e-01
-1.239076495170593262e+00,6.413222849369049072e-02
-3.292191922664642334e-01,-1.564770579338073730e+00
-8.682457804679870605e-01,-3.159585237503051758e+00
-1.626525402069091797e+00,-4.869825363159179688e+00
4.273633658885955811e-01,4.845868587493896484e+00
-6.895145177841186523e-01,2.090730428695678711e+00
1.784423708915710449e+00,-1.249279379844665527e+00
5.628504157066345215e-01,4.451686382293701172e+00
1.765272021293640137e+00,-2.453196763992309570e+00
9.990897774696350098e-01,6.836250782012939453e+00
2.707849442958831787e-01,-1.276842236518859863e+00
-1.753661990165710449e+00,1.819328308105468750e+00
1.334668755531311035e+00,2.447012662887573242e+00
1.353311300277709961e+00,-3.562441587448120117e+00
1.007700860500335693e-01,-7.028009414672851562e+00
-1.965083740651607513e-02,-5.229601860046386719e+00
3.671852052211761475e-01,-2.759090065956115723e-01
-4.376124739646911621e-01,-5.016519069671630859e+00
9.865509718656539917e-02,1.419525742530822754e+00
-1.120922088623046875e+00,4.127025604248046875e+00
1.804441213607788086e+00,3.102882862091064453e+00
-8.524578809738159180e-01,-3.499866276979446411e-02
-6.214737296104431152e-01,-6.737841606140136719e+00
8.666058778762817383e-01,-3.646305561065673828e+00
-1.234072089195251465e+00,4.114285469055175781e+00
1.187934517860412598e+00,9.281526803970336914e-01
-6.739147305488586426e-01,-3.195400238037109375e+00
1.560795158147811890e-01,-9.346327185630798340e-01
5.158147215843200684e-01,2.231711149215698242e+00
-8.044363260269165039e-01,2.877826213836669922e+00
-9.315535426139831543e-02,4.396045804023742676e-01
2.397005319595336914e+00,-1.287750124931335449e+00
1.813814342021942139e-01,8.970804214477539062e-01
-2.555788755416870117e+00,-5.966306686401367188e+00
1.662419319152832031e+00,9.559427499771118164e-01
-1.202643513679504395e+00,-2.982897162437438965e-01
-1.887803524732589722e-01,1.398516297340393066e+00
-1.006977081298828125e+00,-9.415198564529418945e-01
1.422178149223327637e+00,4.274218559265136719e+00
-1.312354803085327148e+00,-3.615885734558105469e+00
-3.379152297973632812e+00,-2.677871942520141602e+00
-4.071425646543502808e-02,-5.922446727752685547e+00
1.352107644081115723e+00,-2.044778168201446533e-01
-1.480559408664703369e-01,3.996608018875122070e+00
-9.183906912803649902e-01,-3.488120555877685547e+00
1.010368704795837402e+00,-7.066716253757476807e-02
-1.374994277954101562e+00,-4.139125823974609375e+00
-1.763492822647094727e+00,-3.115753412246704102e+00
-1.280396223068237305e+00,-1.680009365081787109e+00
-1.622606396675109863e+00,-4.423637390136718750e+00
3.234726190567016602e+00,5.393479824066162109e+00
-5.863568782806396484e-01,2.697500944137573242e+00
1.202688813209533691e+00,-1.472803592681884766e+00
-1.198171257972717285e+00,-5.423779010772705078e+00
1.018612861633300781e+00,-4.392177462577819824e-01
-7.200426459312438965e-01,9.028673171997070312e-01
5.165315866470336914e-01,4.460327148437500000e+00
2.187448024749755859e+00,6.837929248809814453e+00
1.254170060157775879e+00,-2.019694328308105469e+00
3.216066837310791016e+00,2.962670326232910156e-01
1.027775526046752930e+00,8.434720635414123535e-01
2.139064550399780273e+00,-2.395011425018310547e+00
-7.461737394332885742e-01,-5.387518405914306641e-01
6.027377843856811523e-01,4.376413822174072266e+00
-7.142209410667419434e-01,3.537736654281616211e+00
-5.989124774932861328e-01,-1.947973489761352539e+00
-9.201760888099670410e-01,-3.740207195281982422e+00
-1.540366530418395996e+00,2.383570194244384766e+00
7.637572884559631348e-01,3.394065380096435547e+00
1.206188797950744629e+00,-5.878364443778991699e-01
-2.344274282455444336e+00,2.251646518707275391e+00
-4.407928138971328735e-02,-4.692564487457275391e+00
2.072536349296569824e-01,4.220347404479980469e+00
4.563245177268981934e-01,-7.326935768127441406e+00
3.842018842697143555e+00,9.305731654167175293e-01
-2.340641021728515625e+00,-8.553034067153930664e-01
-6.892580986022949219e-01,-5.957715988159179688e+00
2.523541212081909180e+00,2.080341100692749023e+00
-2.663375437259674072e-01,-2.126462697982788086e+00
-1.246558547019958496e+00,-8.716684579849243164e-01
-2.872129678726196289e+00,-3.579670429229736328e+00
-2.768135964870452881e-01,-3.875716924667358398e+00
-2.030613183975219727e+00,7.158264517784118652e-01
5.935272574424743652e-02,-5.157102108001708984e+00
7.097989320755004883e-01,-1.194599628448486328e+00
-6.717085242271423340e-01,1.421070098876953125e-01
-2.389358520507812500e+00,-2.376031130552291870e-01
-8.040618300437927246e-01,-5.328172817826271057e-02
2.697281122207641602e+00,1.602113962173461914e+00
-2.683178901672363281e+00,1.307153701782226562e+00
-4.495507180690765381e-01,2.976161241531372070e+00
4.066933393478393555e-01,-4.946561336517333984e+00
-2.226227045059204102e+00,1.666916348040103912e-02
2.178665876388549805e+00,4.266067028045654297e+00
-3.500955700874328613e-01,3.439499616622924805e+00
2.208359241485595703e-01,-2.095884323120117188e+00
9.459388256072998047e-02,-3.264915198087692261e-02
-2.216464281082153320e+00,1.176277279853820801e+00
1.972901225090026855e+00,2.449973523616790771e-01
-2.649510502815246582e-01,2.454537868499755859e+00
8.192837834358215332e-01,5.918399333953857422e+00
1.914555668830871582e+00,2.508395195007324219e+00
4.603180885314941406e-01,1.864714264869689941e+00
8.408541083335876465e-01,6.250768184661865234e+00
-9.077851772308349609e-01,1.601104021072387695e+00
-7.268096208572387695e-01,-1.432177066802978516e+00
-1.001749277114868164e+00,-5.725327014923095703e+00
-2.077739000320434570e+00,-2.325194358825683594e+00
-2.076817512512207031e+00,-3.128301620483398438e+00
2.849180810153484344e-02,-5.242365837097167969e+00
-1.335936427116394043e+00,3.185092508792877197e-01
-2.643371105194091797e+00,-1.507778763771057129e+00
-3.429409980773925781e+00,-2.038266181945800781e+00
-1.243852853775024414e+00,9.928424954414367676e-01
1.872283577919006348e+00,-5.630995631217956543e-01
1.599385023117065430e+00,6.570531368255615234e+00
2.168106555938720703e+00,7.185520172119140625e+00
-1.107231616973876953e+00,-5.183415412902832031e+00
-2.203478813171386719e+00,-4.304341793060302734e+00
-5.474135875701904297e-01,-6.351074576377868652e-01
7.589458823204040527e-01,4.238834857940673828e+00
-5.306936427950859070e-02,5.757362246513366699e-01
6.750761270523071289e-01,-4.412530899047851562e+00
2.991916418075561523e+00,6.036530494689941406e+00
-2.101703643798828125e+00,-3.267501294612884521e-01
2.059357643127441406e+00,4.798689365386962891e+00
-1.848936825990676880e-01,-2.942997455596923828e+00
3.309461116790771484e+00,-1.019883155822753906e+00
2.632699728012084961e+00,5.037147521972656250e+00
-8.904274702072143555e-01,7.557826042175292969e-01
7.980945110321044922e-01,1.986504554748535156e+00
2.108388900756835938e+00,3.816864013671875000e+00
-2.357838153839111328e+00,5.374664068222045898e-01
-3.434365987777709961e-01,1.937738776206970215e+00
5.444464087486267090e-01,6.862943768501281738e-01
-1.975115895271301270e+00,1.586451977491378784e-01
2.326200962066650391e+00,1.742998719215393066e+00
1.730430960655212402e+00,-2.126313686370849609e+00
-3.436479568481445312e+00,5.505054593086242676e-01
-2.657366991043090820e+00,-1.098328948020935059e+00
-9.982795715332031250e-01,-1.209759235382080078e+00
9.462805986404418945e-01,4.946119785308837891e+00
-1.886628419160842896e-01,-3.612163066864013672e+00
-1.687377214431762695e+00,-4.862574100494384766e+00
-7.293200492858886719e-01,-2.100205898284912109e+00
-2.999036550521850586e+00,-1.108094930648803711e+00
-5.362865924835205078e-01,-3.454130172729492188e+00
8.819155097007751465e-01,-5.405306816101074219e-01
3.361180126667022705e-01,-1.230001926422119141e+00
-1.533256173133850098e+00,1.018492698669433594e+00
-5.808582901954650879e-02,3.284761905670166016e+00
8.888288736343383789e-01,2.342305660247802734e+00
-1.596183419227600098e+00,-1.593024492263793945e+00
-7.820675969123840332e-01,-1.470179557800292969e+00
5.655440688133239746e-01,2.177986502647399902e-01
4.833159744739532471e-01,2.008894681930541992e+00
1.250325322151184082e+00,1.634668827056884766e+00
-9.298201203346252441e-01,-3.237722873687744141e+00
1.705342888832092285e+00,-2.863128900527954102e+00
2.058421134948730469e+00,1.185776114463806152e+00
-3.590745329856872559e-01,-9.162084013223648071e-02
-2.098620891571044922e+00,-6.205600738525390625e+00
4.911993145942687988e-01,6.289591312408447266e+00
-5.889437198638916016e-01,1.432914972305297852e+00
1.001392245292663574e+00,-4.306311607360839844e-01
1.556738615036010742e+00,2.348638534545898438e+00
-1.340680569410324097e-01,2.311423540115356445e+00
-8.122358322143554688e-01,-1.904693543910980225e-01
9.857382625341415405e-02,-7.015459537506103516e+00
-2.335518836975097656e+00,2.776110410690307617e+00
-3.102966547012329102e+00,-4.532785117626190186e-01
-1.179819822311401367e+00,4.281578540802001953e+00
-3.629471659660339355e-01,-3.650104701519012451e-01
-1.606885045766830444e-01,3.535795450210571289e+00
4.614757001399993896e-02,8.820353746414184570e-01
-8.753724098205566406e-01,-2.890807867050170898e+00
2.807136297225952148e+00,2.255484342575073242e+00
3.230025053024291992e+00,3.044408321380615234e+00
-1.732790708541870117e+00,-6.349690437316894531e+00
1.607313752174377441e+00,1.279711484909057617e+00
1.259291887283325195e+00,1.350704193115234375e+00
-3.377399921417236328e+00,-2.005486249923706055e+00
-3.574451804161071777e-02,4.154198169708251953e+00
-2.658423662185668945e+00,4.759012460708618164e-01
-8.912386298179626465e-01,-6.254281044006347656e+00
3.560050725936889648e+00,3.060097694396972656e-01
-8.918257951736450195e-01,3.674362897872924805e+00
-4.765742719173431396e-01,-2.590456306934356689e-01
2.277696371078491211e+00,-1.275887012481689453e+00
1.371979832649230957e+00,-6.660096645355224609e+00
1.832041978836059570e+00,4.747838020324707031e+00
-2.445258617401123047e+00,-3.151400327682495117e+00
-1.010037541389465332e+00,3.911444902420043945e+00
-8.425830006599426270e-01,-8.036916255950927734e-01
5.640072822570800781e-01,-2.807496786117553711e+00
-1.402851343154907227e+00,1.660903453826904297e+00
1.353947162628173828e+00,-1.077429294586181641e+00
3.109717607498168945e+00,3.831263303756713867e+00
-2.944667577743530273e+00,-4.298598468303680420e-01
-7.932704687118530273e-01,3.323204755783081055e+00
3.209206342697143555e+00,3.430685400962829590e-01
-2.037047147750854492e-01,4.886957645416259766e+00
-2.584996700286865234e+00,-3.768395185470581055e+00
1.077696084976196289e+00,3.739737033843994141e+00
1.766546726226806641e+00,-1.219727635383605957e+00
-1.918481945991516113e+00,8.429952859878540039e-01
-2.591874837875366211e+00,-3.748200416564941406e+00
-2.891598939895629883e+00,-3.330778181552886963e-01
1.824773073196411133e+00,-5.514792919158935547e+00
-2.760435342788696289e+00,-4.394586086273193359e+00
3.338745236396789551e-01,6.221363544464111328e+00
2.195749044418334961e+00,6.647450923919677734e-01
1.310422182083129883e+00,2.634551286697387695e+00
8.415065407752990723e-01,3.482085227966308594e+00
-4.070242941379547119e-01,-3.762701988220214844e+00
-3.562232017517089844e+00,-1.361336588859558105e+00
-1.636872887611389160e+00,-3.394888043403625488e-01
1.960675835609436035e+00,5.460889816284179688e+00
-1.684635162353515625e+00,-3.903357744216918945e+00
-2.497816801071166992e+00,-9.671903848648071289e-01
3.030581474304199219e+00,3.387805938720703125e+00
-3.165643453598022461e+00,-1.397260278463363647e-01
2.404709815979003906e+00,1.789369106292724609e+00
2.147276163101196289e+00,6.104075431823730469e+00
7.559574842453002930e-01,-1.749352455139160156e+00
3.991150140762329102e+00,1.532949686050415039e+00
-1.281604886054992676e+00,3.058630466461181641e+00
2.397412776947021484e+00,-1.375887513160705566e+00
1.141377210617065430e+00,4.972458362579345703e+00
-1.234136462211608887e+00,-6.688518047332763672e+00
7.359414696693420410e-01,4.347206115722656250e+00
-8.652414083480834961e-01,-1.854030847549438477e+00
2.146732091903686523e+00,1.351118326187133789e+00
2.888415098190307617e+00,1.805154800415039062e+00
2.050829648971557617e+00,6.503371596336364746e-01
4.588136076927185059e-01,2.785321235656738281e+00
-9.837971329689025879e-01,-6.629117488861083984e+00
1.143252968788146973e+00,-3.520657300949096680e+00
-6.889327764511108398e-01,-3.219573259353637695e+00
8.428020477294921875e-01,1.054361939430236816e+00
9.063691496849060059e-01,4.858716487884521484e+00
-3.498798370361328125e+00,-1.913233399391174316e+00
3.250745773315429688e+00,3.405228614807128906e+00
-4.779121577739715576e-01,-4.016106605529785156e+00
2.375201225280761719e+00,6.594508647918701172e+00
1.584622502326965332e+00,1.267012476921081543e+00
7.628956437110900879e-01,6.017804145812988281e+00
4.176606237888336182e-01,2.242969036102294922e+00
-2.045250177383422852e+00,4.948124885559082031e-01
-2.772979974746704102e+00,4.263156950473785400e-01
3.445803165435791016e+00,2.708184957504272461e+00
-1.511543869972229004e+00,2.073601007461547852e+00
1.900864958763122559e+00,5.104197502136230469e+00
5.661485791206359863e-01,4.454070091247558594e+00
-8.307797312736511230e-01,4.518869400024414062e+00
-5.924494862556457520e-01,4.103785514831542969e+00
3.433263540267944336e+00,7.329204559326171875e+00
1.600008606910705566e+00,3.912925004959106445e+00
3.362728357315063477e+00,-5.247467160224914551e-01
-9.083618521690368652e-01,-7.288264274597167969e+00
-6.595801115036010742e-01,-1.237591505050659180e+00
2.717581510543823242e+00,6.228402256965637207e-01
-5.777205824851989746e-01,-1.250790834426879883e+00
-2.294581890106201172e+00,1.837748765945434570e+00
1.822578072547912598e+00,2.517744302749633789e+00
-2.461457490921020508e+00,7.110829353332519531e-01
-1.137319445610046387e+00,-2.469364643096923828e+00
2.858156681060791016e+00,1.303854465484619141e+00
-3.026998043060302734e+00,-2.898577928543090820e+00
3.177455425262451172e+00,1.732587575912475586e+00
-2.806771278381347656e+00,-1.599553585052490234e+00
6.846494227647781372e-02,-1.342272877693176270e+00
-3.549770116806030273e+00,-5.795823931694030762e-01
1.904479980468750000e+00,-3.411236047744750977e+00
1.124548673629760742e+00,-2.385761260986328125e+00
1.116137504577636719e+00,-2.222967624664306641e+00
-1.355966448783874512e+00,2.124414682388305664e+00
3.579969644546508789e+00,3.216440677642822266e-01
-3.059991359710693359e+00,-1.075403332710266113e+00
2.986259222030639648e+00,7.228959083557128906e+00
-1.664278149604797363e+00,-1.671292066574096680e+00
-1.011147618293762207e+00,1.523909449577331543e+00
-6.067247390747070312e-01,-1.627306103706359863e+00
1.205277562141418457e+00,-3.566119194030761719e+00
-1.653450250625610352e+00,4.037723064422607422e+00
-2.716841995716094971e-01,1.893544554710388184e+00
-6.606215238571166992e-01,-2.576213479042053223e-01
2.850669622421264648e-02,-5.627362728118896484e+00
3.778730928897857666e-01,5.694721221923828125e+00
-1.623164415359497070e+00,-4.607915878295898438e+00
2.791764259338378906e+00,4.715434312820434570e-01
1.859396338462829590e+00,5.408784389495849609e+00
-3.098095893859863281e+00,-4.855211079120635986e-01
1.272675514221191406e+00,-2.589058876037597656e+00
1.108450174331665039e+00,-3.230275213718414307e-01
8.047007918357849121e-01,-5.601112365722656250e+00
-2.550457715988159180e+00,-3.151678562164306641e+00
-6.973026990890502930e-01,2.255917310714721680e+00
5.328386425971984863e-01,-3.735527992248535156e-01
2.570060491561889648e+00,-2.597165584564208984e+00
2.537240743637084961e+00,4.097885608673095703e+00
1.024940490722656250e+00,5.869820117950439453e+00
1.898870229721069336e+00,-3.554730653762817383e+00
3.100026607513427734e+00,-8.928496241569519043e-01
-9.342051297426223755e-02,-3.418119430541992188e+00
-2.335233211517333984e+00,1.344277381896972656e+00
4.095675468444824219e+00,7.033089160919189453e+00
1.520508248358964920e-02,-6.132245063781738281e+00
-1.202796578407287598e+00,-2.683850228786468506e-01
3.373572111129760742e+00,6.279125809669494629e-02
2.984918832778930664e+00,6.712794780731201172e+00
-3.028269290924072266e+00,-2.403132438659667969e+00
-1.967653393745422363e+00,-2.362811803817749023e+00
-9.732908010482788086e-01,2.591694831848144531e+00
2.933628559112548828e+00,6.459931373596191406e+00
7.838495820760726929e-02,-4.774857044219970703e+00
1.963167786598205566e+00,-1.940093375742435455e-02
3.510051488876342773e+00,1.084580779075622559e+00
-2.021420001983642578e+00,-4.239778518676757812e+00
3.260150432586669922e+00,-1.026066184043884277e+00
-1.334187388420104980e+00,-4.287520885467529297e+00
1.301170825958251953e+00,-4.072647988796234131e-01
2.613598823547363281e+00,5.456846237182617188e+00
1.659694314002990723e+00,3.151709079742431641e+00
3.586577653884887695e+00,1.232402175664901733e-01
2.307745933532714844e+00,5.664743900299072266e+00
3.121154069900512695e+00,-1.528400033712387085e-01
-1.880195856094360352e+00,1.007009506225585938e+00
3.377443552017211914e-01,-5.219212055206298828e+00
-6.832262277603149414e-01,-2.057714909315109253e-01
1.377230584621429443e-01,-5.643629074096679688e+00
1.211476564407348633e+00,-1.036493301391601562e+00
-6.760616302490234375e-01,-1.904537439346313477e+00
1.199114084243774414e+00,-1.154856920242309570e+00
9.514346718788146973e-01,-2.220579147338867188e+00
-7.947999238967895508e-01,1.590758562088012695e+00
-8.124078512191772461e-01,-7.248910427093505859e+00
-1.935941725969314575e-01,3.847712516784667969e+00
-1.186408400535583496e+00,-4.627775192260742188e+00
-6.006178259849548340e-01,-5.435547351837158203e+00
-1.213643774390220642e-01,-8.097364306449890137e-01
4.069605827331542969e+00,2.044178724288940430e+00
9.611601829528808594e-01,-2.875560224056243896e-01
2.591321945190429688e+00,-1.951692938804626465e+00
1.403901219367980957e+00,-4.023361682891845703e+00
1.430380940437316895e+00,4.169240474700927734e+00
-2.045846223831176758e+00,-2.442499637603759766e+00
-1.080072283744812012e+00,7.991243600845336914e-01
-3.380960822105407715e-01,9.973435997962951660e-01
2.100075244903564453e+00,2.310374975204467773e+00
3.647346973419189453e+00,3.294630646705627441e-01
4.767883419990539551e-01,-1.645671606063842773e+00
-6.722387075424194336e-01,-2.860280990600585938e+00
1.222749352455139160e+00,4.306527614593505859e+00
1.987424254417419434e+00,2.221709728240966797e+00
-4.818507134914398193e-01,-6.828882098197937012e-01
7.395202517509460449e-01,5.885374069213867188e+00
1.313933730125427246e-01,-1.534141659736633301e+00
6.589949131011962891e-01,1.197918653488159180e+00
-3.528488397598266602e+00,-6.213482022285461426e-01
7.437446117401123047e-01,-4.613347053527832031e+00
2.075333595275878906e+00,8.400444984436035156e-01
-1.128435015678405762e+00,2.867085695266723633e+00
2.222520828247070312e+00,-2.317328453063964844e+00
8.593472242355346680e-01,-6.272323131561279297e+00
1.802479267120361328e+00,3.838190078735351562e+00
1.552167773246765137e+00,3.760661363601684570e+00
2.227978706359863281e+00,1.358927607536315918e+00
-8.110511898994445801e-01,1.732558131217956543e+00
5.691887140274047852e-01,-1.039823174476623535e+00
3.405174255371093750e+00,1.894854903221130371e+00
-2.385743141174316406e+00,-1.283515810966491699e+00
1.999148488044738770e+00,-5.858104825019836426e-01
-1.024859070777893066e+00,-2.439187049865722656e+00
1.591410160064697266e+00,8.161848187446594238e-01
2.163164377212524414e+00,4.666417598724365234e+00
-1.875280030071735382e-02,-8.242045044898986816e-01
2.091526985168457031e+00,3.476304531097412109e+00
2.590458154678344727e+00,6.572233200073242188e+00
-2.619821310043334961e+00,1.035760164260864258e+00
-1.517619013786315918e+00,1.253135800361633301e+00
2.551142454147338867e+00,5.679146289825439453e+00
-8.929945230484008789e-01,-2.933790206909179688e+00
2.949346065521240234e+00,-4.601635038852691650e-01
-1.725599288940429688e+00,2.627824068069458008e+00
1.412271618843078613e+00,1.588782548904418945e+00
-2.619242966175079346e-01,2.667704820632934570e+00
-1.003465279936790466e-01,4.976494789123535156e+00
-9.656029939651489258e-02,6.539731025695800781e-01
2.876924514770507812e+00,-2.244116514921188354e-01
8.954063057899475098e-01,-1.233480051159858704e-01
2.273890256881713867e+00,-7.703019678592681885e-02
2.227257013320922852e+00,-2.507332324981689453e+00
2.898655235767364502e-01,4.416889667510986328e+00
-2.935923635959625244e-01,-2.800963163375854492e+00
3.391345500946044922e+00,1.876381039619445801e+00
2.432712554931640625e+00,2.575843334197998047e+00
1.841186404228210449e+00,2.993019819259643555e+00
1.268896162509918213e-01,-2.523408889770507812e+00
-1.689539074897766113e+00,-3.976068019866943359e+00
1.512691378593444824e-01,2.792945861816406250e+00
5.197988748550415039e-01,5.182330608367919922e+00
-3.529879570007324219e+00,-1.258654356002807617e+00
2.125567197799682617e+00,1.324447989463806152e+00
2.894484281539916992e+00,-6.675508022308349609e-01
2.718362957239151001e-03,-4.311899662017822266e+00
-2.268081188201904297e+00,3.003268480300903320e+00
-1.532896995544433594e+00,-6.828323841094970703e+00
-3.345002174377441406e+00,-9.128733724355697632e-02
-2.424533069133758545e-01,-4.554465770721435547e+00
-1.292633175849914551e+00,2.198807954788208008e+00
5.622130036354064941e-01,3.113630294799804688e+00
-7.187626361846923828e-01,4.408432006835937500e+00
1.759779453277587891e+00,-2.713239431381225586e+00
-1.133065938949584961e+00,-5.623668670654296875e+00
-2.356456518173217773e-01,1.487030267715454102e+00
6.833473443984985352e-01,-1.294188499450683594e+00
8.323375582695007324e-01,4.106514930725097656e+00
8.501374721527099609e-01,-2.560938119888305664e+00
2.422930717468261719e+00,8.109942674636840820e-01
4.190722942352294922e+00,6.359575271606445312e+00
-1.234349727630615234e+00,-1.327711939811706543e+00
-2.022463321685791016e+00,-9.499759078025817871e-01
2.022764444351196289e+00,2.552011728286743164e+00
-1.610088229179382324e+00,2.791674375534057617e+00
-2.519200146198272705e-01,-1.805780410766601562e+00
2.063351124525070190e-01,-1.470752239227294922e+00
-3.897077143192291260e-01,-6.941250801086425781e+00
2.452959537506103516e+00,6.772801280021667480e-01
-3.240345954895019531e+00,-1.000658869743347168e+00
7.115125656127929688e-01,-1.454799413681030273e+00
-1.631493926048278809e+00,-1.079858168959617615e-01
-2.004542827606201172e+00,-1.470710754394531250e+00
-7.932030409574508667e-02,3.516711950302124023e+00
6.184621453285217285e-01,1.524553894996643066e+00
-1.325149059295654297e+00,3.568423271179199219e+00
1.175881266593933105e+00,9.131696820259094238e-01
5.133447647094726562e-01,1.907352566719055176e+00
3.438915967941284180e+00,1.714589476585388184e+00
3.672254562377929688e+00,6.587192535400390625e+00
8.544688224792480469e-01,6.221107959747314453e+00
3.299584388732910156e+00,5.470423221588134766e+00
4.873113334178924561e-01,6.178970932960510254e-01
1.221735358238220215e+00,4.238682746887207031e+00
-1.045059800148010254e+00,4.930617511272430420e-01
3.117646932601928711e+00,4.862966060638427734e+00
-8.547722697257995605e-01,1.053774714469909668e+00
-6.886206269264221191e-01,-3.722082853317260742e+00
1.728492259979248047e+00,-6.809314250946044922e+00
3.758313417434692383e+00,6.892608642578125000e+00
3.982803523540496826e-01,7.919238805770874023e-01
-1.855098724365234375e+00,-4.974612236022949219e+00
-1.917246133089065552e-01,-6.783806800842285156e+00
-1.973500728607177734e+00,-6.167479515075683594e+00
1.212930679321289062e+00,4.535271644592285156e+00
2.094514608383178711e+00,-1.537515759468078613e+00
2.237664937973022461e+00,6.889267444610595703e+00
-2.551130391657352448e-02,2.708190917968750000e+00
-8.534510135650634766e-01,2.622608184814453125e+00
1.554185271263122559e+00,-8.748405575752258301e-01
-1.855431795120239258e-01,3.257514476776123047e+00
-1.036533992737531662e-02,-1.219385743141174316e+00
5.576321482658386230e-01,-1.750692605972290039e+00
-2.960388660430908203e-01,-2.357052564620971680e+00
1.915638208389282227e+00,3.199793577194213867e+00
-1.651298046112060547e+00,7.207093834877014160e-01
-3.355302810668945312e-01,2.573150396347045898e+00
2.204740524291992188e+00,5.719736576080322266e+00
-1.979699730873107910e+00,-3.212213754653930664e+00
-2.032903283834457397e-01,-1.026225090026855469e+00
3.079722404479980469e+00,4.331437498331069946e-02
1.722719430923461914e+00,8.375024199485778809e-01
-1.297207355499267578e+00,-6.167839527130126953e+00
9.601126313209533691e-01,6.707776069641113281e+00
1.142359748482704163e-01,-6.056718230247497559e-01
2.832834482192993164e+00,2.173359245061874390e-01
-1.063145160675048828e+00,9.240474104881286621e-01
1.788617014884948730e+00,-6.879846453666687012e-01
-1.427457213401794434e+00,5.059918761253356934e-02
2.760202169418334961e+00,5.246502757072448730e-01
2.312581062316894531e+00,4.307697296142578125e+00
-1.776384830474853516e+00,-5.358721017837524414e-01
3.050429821014404297e+00,1.566736340522766113e+00
5.681117177009582520e-01,-1.472143888473510742e+00
-1.322164654731750488e+00,-4.461285591125488281e+00
-1.687616556882858276e-01,-5.768903255462646484e+00
1.837358722696080804e-04,-1.288715600967407227e+00
-1.215805206447839737e-02,3.248688220977783203e+00
-3.076623201370239258e+00,-2.249394655227661133e+00
-1.688804507255554199e+00,-3.107824802398681641e+00
5.074660107493400574e-02,-1.864469885826110840e+00
2.111315250396728516e+00,-8.729326725006103516e-02
6.556142568588256836e-01,-3.380697727203369141e+00
-5.728016495704650879e-01,-2.288316726684570312e+00
2.360511541366577148e+00,2.354856491088867188e+00
1.044286012649536133e+00,4.867491722106933594e+00
-7.305673360824584961e-01,4.045431613922119141e+00
8.583096861839294434e-01,6.134819984436035156e+00
2.631610870361328125e+00,-2.860010385513305664e+00
1.628761172294616699e+00,3.549108266830444336e+00
1.640779495239257812e+00,8.591853380203247070e-01
-1.443912744522094727e+00,9.259516596794128418e-01
-2.682804584503173828e+00,-5.049105167388916016e+00
2.386595726013183594e+00,1.394605040550231934e+00
2.067805290222167969e+00,9.276679158210754395e-01
4.158994257450103760e-01,1.782546281814575195e+00
1.702140092849731445e+00,-2.894897162914276123e-01
-1.784855484962463379e+00,-4.788794517517089844e+00
-2.543342590332031250e+00,-5.434531688690185547e+00
-2.433821678161621094e+00,1.577501446008682251e-01
-2.982342004776000977e+00,-4.857260584831237793e-01
5.097448229789733887e-01,-4.415856838226318359e+00
1.511943101882934570e+00,2.049393177032470703e+00
4.842415153980255127e-01,2.014992713928222656e+00
1.881007909774780273e+00,3.122047424316406250e+00
3.159129381179809570e+00,5.440168976783752441e-01
-1.963151454925537109e+00,-4.274297714233398438e+00
1.201787352561950684e+00,4.545549392700195312e+00
4.946348369121551514e-01,-3.122277736663818359e+00
-3.070213079452514648e+00,-4.344193339347839355e-01
-1.011425852775573730e+00,4.554687023162841797e+00
-4.870404303073883057e-02,2.606504857540130615e-01
-8.924705982208251953e-01,-3.243026018142700195e+00
3.086077868938446045e-01,6.258050918579101562e+00
-3.400982916355133057e-01,-6.441702365875244141e+00
1.133613586425781250e+00,-4.516176879405975342e-02
7.528208494186401367e-01,-4.327171802520751953e+00
-1.754745244979858398e+00,3.809621334075927734e+00
3.622691035270690918e-01,-5.788975238800048828e+00
4.811954125761985779e-02,2.619230747222900391e+00
1.893616676330566406e+00,5.022574424743652344e+00
-1.928838729858398438e+00,-5.081835985183715820e-01
1.145457744598388672e+00,5.632686614990234375e+00
1.296154737472534180e+00,-2.151340723037719727e+00
-3.340788483619689941e-01,-6.988960266113281250e+00
1.322659254074096680e+00,-2.525147438049316406e+00
-6.359664797782897949e-01,-8.056420326232910156e+00
2.788473844528198242e+00,-7.385157346725463867e-01
2.990732908248901367e+00,1.116394042968750000e+00
-8.248967528343200684e-01,-2.448218345642089844e+00
-1.173181891441345215e+00,2.727770328521728516e+00
-6.527519226074218750e-01,-1.457827448844909668e+00
1.331991910934448242e+00,-6.682738780975341797e+00
3.368044376373291016e+00,-8.359233289957046509e-02
6.701959371566772461e-01,-2.325950145721435547e+00
1.406881928443908691e+00,9.437699317932128906e-01
-2.281785964965820312e+00,1.381876111030578613e+00
-1.572108864784240723e+00,1.517750978469848633e+00
2.178915739059448242e+00,6.899385929107666016e+00
-1.674930095672607422e+00,-1.030001282691955566e+00
1.324099540710449219e+00,-3.891350030899047852e+00
-1.510401606559753418e+00,1.034686446189880371e+00
2.084996700286865234e+00,2.365436792373657227e+00
1.246154308319091797e+00,-3.235022783279418945e+00
7.213541269302368164e-01,1.616799235343933105e+00
-7.888454198837280273e-02,-2.174952745437622070e+00
9.452036581933498383e-03,-1.323079586029052734e+00
2.023077487945556641e+00,-2.481213808059692383e+00
-1.155683875083923340e+00,-1.802452653646469116e-01
-2.298502206802368164e+00,3.021596074104309082e-01
6.597135066986083984e-01,-5.864604711532592773e-01
-2.449294805526733398e+00,1.134703308343887329e-01
2.571834564208984375e+00,9.903425574302673340e-01
-3.247645616531372070e+00,-3.707870721817016602e+00
-5.986050367355346680e-01,6.351065039634704590e-01
-1.409334659576416016e+00,6.725630164146423340e-01
-2.280243158340454102e+00,-4.633707523345947266e+00
1.113588094711303711e+00,5.755895376205444336e-01
1.222364544868469238e+00,-5.293960571289062500e+00
-1.714792013168334961e+00,-1.013101577758789062e+00
2.840265512466430664e+00,1.711886286735534668e+00
2.338399589061737061e-01,-4.473092555999755859e+00
1.450950950384140015e-01,-1.455494523048400879e+00
-3.300413846969604492e+00,-3.631104707717895508e+00
-3.027202129364013672e+00,-2.411827564239501953e+00
-9.248405694961547852e-01,-5.798978805541992188e+00
2.434408187866210938e+00,6.754371643066406250e+00
-3.309869289398193359e+00,-2.005805730819702148e+00
-1.023446679115295410e+00,1.101829528808593750e+00
8.912858963012695312e-01,-5.546277999877929688e+00
-8.289120346307754517e-02,1.587703824043273926e+00
1.555859923362731934e+00,-1.344207048416137695e+00
1.929362654685974121e+00,4.173723697662353516e+00
7.728416323661804199e-01,-4.826759338378906250e+00
-3.095723628997802734e+00,-3.893034458160400391e+00
3.248994112014770508e+00,3.054381310939788818e-01
-2.290838956832885742e-01,4.943778991699218750e+00
-2.269464015960693359e+00,-1.455753684043884277e+00
-1.317823648452758789e+00,-6.216137886047363281e+00
-1.954692482948303223e+00,6.127837300300598145e-01
2.285320758819580078e+00,2.991412401199340820e+00
-3.101941585540771484e+00,-2.958213567733764648e+00
-1.279498934745788574e-01,3.088435411453247070e+00
1.578857898712158203e+00,1.100532412528991699e+00
4.729633033275604248e-01,-6.952791690826416016e+00
1.765559673309326172e+00,-5.463331222534179688e+00
8.692519664764404297e-01,3.105930089950561523e+00
9.380878806114196777e-01,5.417608261108398438e+00
2.039707183837890625e+00,2.678310394287109375e+00
2.269118577241897583e-01,5.069866657257080078e+00
-7.029886245727539062e-01,-3.762803673744201660e-01
-2.221901893615722656e+00,-2.643857955932617188e+00
1.275972843170166016e+00,2.457574844360351562e+00
-1.581125140190124512e+00,-6.544436812400817871e-01
-1.652226328849792480e+00,2.858632564544677734e+00
1.949053883552551270e+00,3.834985971450805664e+00
2.451718091964721680e+00,3.868146240711212158e-01
-3.570982933044433594e+00,-1.960022330284118652e+00
-1.320361256599426270e+00,-4.719567298889160156e+00
6.337222456932067871e-01,-5.544853210449218750e+00
3.397680521011352539e+00,-1.095028877258300781e+00
9.146808385848999023e-01,-1.847895681858062744e-01
3.687239170074462891e+00,3.453773498535156250e+00
-6.185430288314819336e-01,1.544429659843444824e+00
-5.226758122444152832e-01,5.519742488861083984e+00
2.751779794692993164e+00,5.225502848625183105e-01
-3.976418077945709229e-01,-1.282025814056396484e+00
1.706497669219970703e+00,-7.265641689300537109e-01
-1.357400417327880859e+00,-5.281063079833984375e+00
-6.517413854598999023e-01,1.213175177574157715e+00
3.046805560588836670e-01,2.067134380340576172e+00
1.068430066108703613e+00,-2.239965438842773438e+00
-2.243471622467041016e+00,3.216702222824096680e+00
-3.495142698287963867e+00,-9.387691020965576172e-01
-6.265984773635864258e-01,4.290499210357666016e+00
6.028145551681518555e-01,5.085972785949707031e+00
2.805778980255126953e+00,-5.040106773376464844e-01
2.105249643325805664e+00,1.239154100418090820e+00
-1.250170469284057617e+00,1.883780598640441895e+00
-8.974072337150573730e-01,-2.928843021392822266e+00
-6.641892194747924805e-01,4.054541110992431641e+00
1.541602730751037598e+00,5.713910579681396484e+00
1.727057576179504395e+00,2.029827594757080078e+00
4.214973747730255127e-01,7.844368219375610352e-01
-2.657757997512817383e+00,-2.434535741806030273e+00
1.119956135749816895e+00,-6.219479441642761230e-01
-1.893003582954406738e+00,-2.066989660263061523e+00
-2.761778354644775391e+00,-6.777593493461608887e-01
1.772597551345825195e+00,-5.635650157928466797e-01
-8.360491394996643066e-01,-6.030324935913085938e+00
1.386458396911621094e+00,1.201056838035583496e+00
1.820891857147216797e+00,3.810522794723510742e+00
-1.322713494300842285e+00,-1.337495565414428711e+00
1.143920063972473145e+00,3.705473661422729492e+00
-1.827268958091735840e+00,-1.388286590576171875e+00
-2.697338104248046875e+00,-1.176103830337524414e+00
2.569494247436523438e+00,-6.419444084167480469e-01
7.708057165145874023e-01,2.830128908157348633e+00
-8.694669008255004883e-01,-3.463315248489379883e+00
-1.842700004577636719e+00,-4.260393619537353516e+00
9.455522894859313965e-01,1.445116400718688965e+00
-9.893900752067565918e-01,-5.905979633331298828e+00
2.214573383331298828e+00,-3.679144382476806641e+00
-4.643472135066986084e-01,-3.485635519027709961e+00
-3.585803806781768799e-01,-2.170294046401977539e+00
1.024380564689636230e+00,3.771950244903564453e+00
1.937329888343811035e+00,4.939004898071289062e+00
-1.774408221244812012e+00,-4.657629013061523438e+00
-1.700783729553222656e+00,2.603266477584838867e+00
2.893930912017822266e+00,1.374654531478881836e+00
2.427316904067993164e+00,6.495676636695861816e-01
-6.269795894622802734e-01,-5.202688694000244141e+00
-1.212028503417968750e+00,-2.562162637710571289e+00
-1.344020128250122070e+00,-5.407911300659179688e+00
-6.569105386734008789e-01,-1.527083754539489746e+00
-2.852138996124267578e+00,-2.171239852905273438e+00
3.703260421752929688e-01,-3.320047855377197266e+00
1.460624217987060547e+00,3.737568616867065430e+00
1.857183277606964111e-01,9.771400094032287598e-01
-2.245008945465087891e+00,-4.858361721038818359e+00
-4.178876280784606934e-01,1.203147172927856445e+00
2.555725574493408203e+00,5.607872486114501953e+00
-8.620968461036682129e-01,2.423121213912963867e+00
2.107873678207397461e+00,-2.142035484313964844e+00
-2.163636684417724609e+00,6.061173081398010254e-01
1.357882499694824219e+00,2.660297155380249023e+00
-2.196171522140502930e+00,1.209927082061767578e+00
-2.244816064834594727e+00,-2.433779716491699219e+00
-6.111943125724792480e-01,-5.843675136566162109e+00
1.462400913238525391e+00,-6.490685462951660156e+00
1.072629615664482117e-01,-4.666149914264678955e-01
-1.362150430679321289e+00,-4.794262886047363281e+00
3.163536071777343750e+00,1.527303338050842285e+00
9.266300201416015625e-01,-4.654211997985839844e+00
5.969254970550537109e-01,2.977510094642639160e-01
1.381691098213195801e+00,-3.116556167602539062e+00
-1.859896183013916016e+00,2.627028703689575195e+00
6.317306160926818848e-01,-1.044629096984863281e+00
2.910051345825195312e+00,-7.511679530143737793e-01
-1.833069086074829102e+00,-1.068240627646446228e-01
1.079108953475952148e+00,1.278493523597717285e+00
8.425094485282897949e-01,5.003815650939941406e+00
-8.595318198204040527e-01,1.109375834465026855e+00
-2.231011241674423218e-01,-6.307706832885742188e+00
5.835018754005432129e-01,-3.640097141265869141e+00
1.745890855789184570e+00,-5.502385616302490234e+00
-1.878641843795776367e+00,-3.029638528823852539e+00
3.512064218521118164e+00,2.616672277450561523e+00
2.960171997547149658e-01,-3.390144348144531250e+00
7.957140803337097168e-01,2.322305440902709961e+00
7.142515778541564941e-01,4.579000473022460938e+00
-1.114894032478332520e+00,-3.557096004486083984e+00
-8.247396349906921387e-02,-3.534958600997924805e+00
4.158577620983123779e-01,5.413292407989501953e+00
5.379127860069274902e-01,-6.396319866180419922e+00
5.414290428161621094e-01,4.715385913848876953e+00
-6.210852265357971191e-01,-1.145674943923950195e+00
1.660940885543823242e+00,-1.048118472099304199e+00
6.262080371379852295e-02,-2.872171640396118164e+00
-2.201555967330932617e-01,-5.221394538879394531e+00
3.540704846382141113e-01,4.529634952545166016e+00
-2.473854273557662964e-01,-2.798362493515014648e+00
-1.454316854476928711e+00,2.239398956298828125e+00
4.213318824768066406e+00,6.885723114013671875e+00
-2.133405208587646484e+00,7.450935244560241699e-01
-2.568203687667846680e+00,-2.762561321258544922e+00
3.034816503524780273e+00,1.947354435920715332e+00
-1.979728579521179199e+00,1.151620149612426758e+00
-5.666376948356628418e-01,-4.171503067016601562e+00
1.853406429290771484e+00,-3.249533414840698242e+00
4.251136302947998047e+00,9.185447096824645996e-01
-6.482878327369689941e-01,-3.814369201660156250e+00
2.377212524414062500e+00,1.923893690109252930e+00
-1.170598864555358887e+00,9.879268407821655273e-01
-1.062322497367858887e+00,1.298597335815429688e+00
-2.227325201034545898e+00,-9.897086024284362793e-01
-2.518393278121948242e+00,-6.066073417663574219e+00
-1.704682230949401855e+00,4.511649310588836670e-01
-2.447161674499511719e+00,1.801320791244506836e+00
-2.027774572372436523e+00,-5.978624820709228516e+00
8.458769321441650391e-01,-5.260866880416870117e-01
3.843288421630859375e-01,5.603165626525878906e-01
-2.058040648698806763e-01,-3.640447854995727539e+00
2.348268985748291016e+00,5.679263114929199219e+00
3.386439323425292969e+00,1.704964995384216309e+00
-9.059778451919555664e-01,4.375022411346435547e+00
7.702562212944030762e-01,3.016322851181030273e+00
-1.519435048103332520e+00,1.039630770683288574e+00
-5.498413443565368652e-01,-4.034506320953369141e+00
4.594703018665313721e-01,5.194481372833251953e+00
-1.715481758117675781e+00,9.599264264106750488e-01
-1.811204195022583008e+00,1.715314030647277832e+00
-2.240610361099243164e+00,1.902206063270568848e+00
-2.663974046707153320e+00,1.337626278400421143e-01
1.232337832450866699e+00,7.648025453090667725e-02
-2.327219724655151367e+00,1.008506059646606445e+00
1.610810756683349609e+00,4.906690597534179688e+00
-8.298131227493286133e-01,-2.838907957077026367e+00
4.122225642204284668e-01,2.089048147201538086e+00
3.762513399124145508e-01,3.308480739593505859e+00
1.094314217567443848e+00,3.546455204486846924e-01
1.297109723091125488e+00,4.362547397613525391e+00
1.487500786781311035e+00,1.829853892326354980e+00
-2.863752365112304688e+00,-5.682274341583251953e+00
-1.052635312080383301e+00,3.924243688583374023e+00
-2.790462255477905273e+00,-5.580742835998535156e+00
-3.274543523788452148e+00,-1.857520103454589844e+00
6.215289235115051270e-01,2.463445216417312622e-01
1.349714398384094238e+00,-2.872903347015380859e+00
-5.074003338813781738e-01,2.893235683441162109e-01
9.415134787559509277e-03,1.996740460395812988e+00
5.049409866333007812e-01,-2.531374216079711914e+00
2.627397060394287109e+00,2.359057962894439697e-01
-2.745790004730224609e+00,-2.139898538589477539e+00
1.919331312179565430e+00,8.314248919486999512e-02
1.070478439331054688e+00,2.021359920501708984e+00
1.053218364715576172e+00,-2.759510040283203125e+00
3.404438734054565430e+00,2.038860507309436798e-02
-1.932232081890106201e-01,-2.817541837692260742e+00
-2.461644887924194336e+00,-4.789046764373779297e+00
9.203956276178359985e-02,-7.077215671539306641e+00
8.775686621665954590e-01,7.840207964181900024e-02
3.224010705947875977e+00,-1.274941802024841309e+00
-1.742626905441284180e+00,-4.877897739410400391e+00
1.117925763130187988e+00,-1.905918836593627930e+00
6.089386940002441406e-01,3.821546554565429688e+00
-9.994354248046875000e-01,-3.270076751708984375e+00
-9.285119175910949707e-01,-1.896865248680114746e+00
-2.081082105636596680e+00,8.596954345703125000e-01
8.250150829553604126e-02,-1.560408115386962891e+00
3.364350318908691406e+00,-1.053352832794189453e+00
-1.468841314315795898e+00,2.990397214889526367e-01
-1.852230668067932129e+00,-6.054781377315521240e-02
-5.894256830215454102e-01,-1.158535122871398926e+00
-1.779335618019104004e+00,-2.679896116256713867e+00
1.804780721664428711e+00,1.795520335435867310e-01
1.776451349258422852e+00,2.516596317291259766e+00
-2.960767507553100586e+00,-3.829272508621215820e+00
-3.592086553573608398e+00,-6.007397174835205078e-01
-1.357787013053894043e+00,-1.204523921012878418e+00
-1.854832649230957031e+00,-1.712833523750305176e+00
-6.383316516876220703e-01,4.272121906280517578e+00
-6.495078206062316895e-01,-5.867641448974609375e+00
2.590595960617065430e+00,3.824893236160278320e+00
-1.739481329917907715e+00,4.559763073921203613e-01
-3.361195802688598633e+00,-2.726877450942993164e+00
1.142987370491027832e+00,-3.159920930862426758e+00
6.195329427719116211e-01,-6.419946670532226562e+00
9.173510223627090454e-02,3.274303674697875977e-01
1.599972248077392578e+00,-4.060110092163085938e+00
1.557620882987976074e+00,1.107781410217285156e+00
-7.215217351913452148e-01,-3.063843250274658203e+00
1.443504333496093750e+00,9.989684224128723145e-01
1.669819235801696777e+00,-2.195791155099868774e-02
-3.393358707427978516e+00,-2.857786655426025391e+00
-7.990224957466125488e-01,-2.707873284816741943e-01
-1.164906501770019531e+00,9.535967558622360229e-02
1.212795138359069824e+00,2.558717966079711914e+00
-2.006989955902099609e+00,-4.143051624298095703e+00
2.593410015106201172e-01,1.441324830055236816e+00
1.359101653099060059e+00,2.518352270126342773e+00
-2.939745187759399414e+00,-2.520756959915161133e+00
-5.179071426391601562e-01,3.065034151077270508e+00
-9.052191376686096191e-01,1.502843797206878662e-01
1.279589653015136719e+00,2.972442388534545898e+00
2.692508935928344727e+00,4.942866325378417969e+00
4.007309436798095703e+00,7.275094985961914062e-01
3.059732198715209961e+00,3.301056385040283203e+00
2.677750587463378906e-01,6.171158790588378906e+00
1.046079993247985840e+00,1.096023559570312500e+00
-9.026938080787658691e-01,-3.317156791687011719e+00
4.690756797790527344e-01,-5.744003295898437500e+00
8.924387097358703613e-01,-8.274605274200439453e-01
2.139228433370590210e-01,3.365986049175262451e-01
8.694239258766174316e-01,-4.969800949096679688e+00
-1.837361216545104980e+00,-6.283916831016540527e-01
-2.276543855667114258e+00,-1.115793585777282715e+00
-1.863334774971008301e+00,5.267326831817626953e-01
-3.403076410293579102e+00,-1.378133594989776611e-01
1.725285530090332031e+00,-1.802843809127807617e-01
4.618999660015106201e-01,-1.144876003265380859e+00
1.608281970024108887e+00,1.545098304748535156e+00
-1.391500353813171387e+00,-4.653249263763427734e+00
-4.000827074050903320e-01,1.709413290023803711e+00
8.161270022392272949e-01,-2.100504636764526367e-01
-3.313743591308593750e+00,8.169841170310974121e-01
9.523402452468872070e-01,-5.421367883682250977e-01
1.471123576164245605e+00,-1.329993486404418945e+00
5.246539115905761719e-01,7.971510291099548340e-01
7.504789233207702637e-01,5.924967765808105469e+00
-9.092700481414794922e-01,-6.288231015205383301e-01
-1.336709618568420410e+00,-4.402931690216064453e+00
4.199934005737304688e+00,7.002185821533203125e+00
-4.389356970787048340e-01,1.932972073554992676e+00
1.835955977439880371e+00,4.256473541259765625e+00
1.087911128997802734e+00,4.465770721435546875e-01
9.657957553863525391e-01,-1.756921529769897461e+00
-3.480607986450195312e+00,1.805844426155090332e+00
-1.307099223136901855e+00,-3.755911350250244141e+00
9.253527522087097168e-01,3.030858039855957031e+00
-8.384348154067993164e-01,-2.964241266250610352e+00
2.657514572143554688e+00,-1.523434996604919434e+00
-2.852047204971313477e+00,-5.750563144683837891e-01
-4.328878596425056458e-02,4.839045524597167969e+00
-1.974495351314544678e-01,-2.757854461669921875e+00
7.204992771148681641e-01,-2.211657762527465820e+00
2.809914350509643555e+00,1.179693043231964111e-01
3.793337047100067139e-01,2.656713008880615234e+00
-2.095094442367553711e+00,-6.507892012596130371e-01
7.764328718185424805e-01,1.726207852363586426e+00
-3.133834838867187500e+00,-4.518552422523498535e-01
1.231300830841064453e+00,1.416697725653648376e-02
9.285550117492675781e-01,-3.579410016536712646e-01
-1.222971558570861816e+00,-6.053356647491455078e+00
-1.469377994537353516e+00,1.510473608970642090e+00
5.618655309081077576e-02,-1.112904667854309082e+00
2.810544729232788086e+00,1.684217929840087891e+00
2.129316806793212891e+00,6.122418403625488281e+00
-3.261320114135742188e+00,-1.297741234302520752e-01
2.302976369857788086e+00,-1.469784498214721680e+00
-8.222931623458862305e-02,5.152245044708251953e+00
2.846074342727661133e+00,6.233269214630126953e+00
-9.739057421684265137e-01,7.488252520561218262e-01
-1.953521013259887695e+00,2.840460062026977539e+00
1.906076192855834961e+00,-6.967703700065612793e-01
9.138005971908569336e-01,-4.637363910675048828e+00
-5.113233327865600586e-01,-4.994781494140625000e+00
-2.579288959503173828e+00,1.048862859606742859e-01
2.533122301101684570e+00,2.747125625610351562e-01
6.989349722862243652e-01,-5.686588287353515625e-01
-2.913115322589874268e-01,-7.583233356475830078e+00
-3.009603619575500488e-01,3.566491365432739258e+00
9.870525002479553223e-01,2.366018772125244141e+00
2.027013778686523438e+00,3.701382637023925781e+00
7.754553556442260742e-01,1.432067036628723145e+00
-1.088824272155761719e+00,-5.607803344726562500e+00
1.241408586502075195e+00,2.569655656814575195e+00
-2.906993865966796875e+00,1.040692925453186035e-01
5.754219889640808105e-01,-5.568174839019775391e+00
-2.013145446777343750e+00,-1.069914221763610840e+00
-5.151250958442687988e-01,5.265115261077880859e+00
9.649849534034729004e-01,6.106158733367919922e+00
3.000809669494628906e+00,1.398734450340270996e+00
9.289836287498474121e-01,-5.040628433227539062e+00
-8.518035411834716797e-01,-3.330892801284790039e+00
4.060061454772949219e+00,1.903931379318237305e+00
-2.978062868118286133e+00,-2.904505252838134766e+00
-1.753778100013732910e+00,-1.651600718498229980e+00
-3.306451141834259033e-01,2.160195827484130859e+00
-1.097781538963317871e+00,1.144294261932373047e+00
7.638801336288452148e-01,-1.057234048843383789e+00
2.410470396280288696e-01,2.828836202621459961e+00
2.981471776962280273e+00,1.698081970214843750e+00
-7.273478806018829346e-02,-4.388195037841796875e+00
5.762425661087036133e-01,-2.764066934585571289e+00
3.107068061828613281e+00,1.523541927337646484e+00
2.830152511596679688e+00,5.705120563507080078e-01
3.274359703063964844e+00,5.450980663299560547e+00
1.182674407958984375e+00,-4.300111770629882812e+00
-1.562859654426574707e+00,-6.362855434417724609e+00
-1.927372455596923828e+00,-2.548416137695312500e+00
1.415062546730041504e+00,4.357491016387939453e+00
2.363489389419555664e+00,2.713361501693725586e+00
1.016397118568420410e+00,2.421282291412353516e+00
-9.558913707733154297e-01,2.288518428802490234e+00
2.738442659378051758e+00,4.637951374053955078e+00
-7.370158433914184570e-01,-1.971646666526794434e+00
-2.412641763687133789e+00,-3.078202724456787109e+00
-2.085973262786865234e+00,2.580430507659912109e+00
3.232442855834960938e+00,3.518467843532562256e-01
-3.084709644317626953e+00,-4.705369770526885986e-01
-8.344762027263641357e-02,1.346618652343750000e+00
-2.432780027389526367e+00,1.943217515945434570e-01
-8.977444171905517578e-01,2.582120299339294434e-01
3.213313579559326172e+00,4.180348396301269531e+00
3.295073986053466797e+00,7.131027698516845703e+00
-1.385139584541320801e+00,1.244209170341491699e+00
-1.405314542353153229e-02,9.978720545768737793e-01
6.867920756340026855e-01,-3.789533853530883789e+00
-1.093811273574829102e+00,-2.596583127975463867e+00
1.431966900825500488e+00,-8.838880062103271484e-01
-2.110258579254150391e+00,1.802388668060302734e+00
-1.133508205413818359e+00,2.308667898178100586e+00
-2.907006740570068359e+00,-3.733104228973388672e+00
-3.242184638977050781e+00,-1.756898760795593262e+00
-2.917320013046264648e+00,4.529464244842529297e-01
8.435052633285522461e-01,-5.062067985534667969e+00
1.465429902076721191e+00,7.907856702804565430e-01
2.383920997381210327e-01,-4.043899536132812500e+00
-1.442361176013946533e-01,7.165135145187377930e-01
1.669736623764038086e+00,7.774963974952697754e-01
-4.626895487308502197e-01,5.452795505523681641e+00
-1.368548154830932617e+00,3.099583864212036133e+00
2.634505271911621094e+00,7.002301216125488281e+00
2.487159013748168945e+00,-6.988467574119567871e-01
-3.030220508575439453e+00,-2.419094562530517578e+00
-7.983806133270263672e-01,-7.017287731170654297e+00
-3.329389989376068115e-01,2.609696149826049805e+00
2.111715078353881836e+00,-1.808414578437805176e+00
3.669113636016845703e+00,2.926222383975982666e-01
1.760487556457519531e+00,2.906258583068847656e+00
-2.729126214981079102e+00,-1.500707149505615234e+00
-1.665869712829589844e+00,4.789077639579772949e-01
-1.149662375450134277e+00,-1.723186016082763672e+00
-8.576484322547912598e-01,2.686102092266082764e-01
2.647391080856323242e+00,4.345888614654541016e+00
-5.028905272483825684e-01,-1.178854942321777344e+00
-9.814000129699707031e-01,1.231008917093276978e-01
1.986925482749938965e+00,8.010692596435546875e-01
-2.076072931289672852e+00,-5.007743239402770996e-01
3.173173666000366211e+00,4.827582836151123047e+00
2.812292873859405518e-01,4.692536294460296631e-01
-2.198728084564208984e+00,-2.388803958892822266e+00
-1.748881936073303223e+00,-2.089071273803710938e+00
2.672772109508514404e-01,-4.893543243408203125e+00
-2.708614110946655273e+00,-3.749029636383056641e+00
2.384838581085205078e+00,-3.635234594345092773e+00
-2.149463891983032227e-01,4.364623069763183594e+00
-4.022777974605560303e-01,-7.393780630081892014e-03
-3.372530698776245117e+00,-2.667812585830688477e+00
-1.618034124374389648e+00,1.067714840173721313e-01
3.160540103912353516e+00,5.788380503654479980e-01
1.300885796546936035e+00,2.348758935928344727e+00
-1.564389348030090332e+00,-5.402363538742065430e-01
2.237186908721923828e+00,-1.307264328002929688e+00
1.891559839248657227e+00,4.397632598876953125e+00
4.413820505142211914e-01,3.403918027877807617e+00
-1.913844197988510132e-01,-2.863410472869873047e+00
-4.531250596046447754e-01,-1.313635468482971191e+00
3.341353654861450195e+00,1.934906959533691406e+00
-2.833857059478759766e+00,-3.053983211517333984e+00
-2.749979496002197266e+00,-3.750385999679565430e+00
8.934473395347595215e-01,2.956767082214355469e+00
-1.720210671424865723e+00,-4.793070316314697266e+00
1.322773694992065430e+00,7.489238679409027100e-02
2.276924133300781250e+00,1.216348886489868164e+00
9.825210571289062500e-01,-1.093415260314941406e+00
1.249047756195068359e+00,-1.775431513786315918e+00
-2.148577690124511719e+00,-1.563189268112182617e+00
-2.960905730724334717e-01,-2.540617942810058594e+00
2.046033620834350586e+00,5.410706043243408203e+00
-1.676229000091552734e+00,1.603250980377197266e+00
-3.067810535430908203e+00,-1.423589348793029785e+00
3.056367874145507812e+00,5.716955184936523438e+00
8.294578790664672852e-01,-1.515431761741638184e+00
-1.580753684043884277e+00,-5.062077999114990234e+00
-2.144626617431640625e+00,1.185578107833862305e+00
3.360127210617065430e-01,5.724181175231933594e+00
1.313758373260498047e+00,-6.654557704925537109e+00
2.672640562057495117e+00,2.787430763244628906e+00
-8.391916751861572266e-01,-5.777436733245849609e+00
-1.008435249328613281e+00,4.357476711273193359e+00
-2.707468032836914062e+00,4.400616884231567383e-01
6.358894705772399902e-01,2.188240051269531250e+00
3.327580690383911133e+00,3.821140527725219727e-02
5.388904809951782227e-01,3.221991777420043945e+00
-2.860299348831176758e+00,8.038565516471862793e-01
-3.558958530426025391e+00,-4.881402850151062012e-01
2.498386859893798828e+00,-1.797017216682434082e+00
-1.071136713027954102e+00,-1.672242045402526855e+00
2.161608457565307617e+00,1.521295428276062012e+00
1.474765539169311523e+00,-4.097123146057128906e+00
-1.959778554737567902e-02,2.411121606826782227e+00
-4.867780804634094238e-01,-5.734218120574951172e+00
-3.090957164764404297e+00,-2.979134082794189453e+00
1.921448945999145508e+00,8.411044478416442871e-01
-1.887576095759868622e-02,-3.568959712982177734e+00
2.042227745056152344e+00,6.036273956298828125e+00
-1.642865300178527832e+00,-7.035053730010986328e+00
-1.748705863952636719e+00,-3.576375961303710938e+00
1.190427422523498535e+00,4.851557731628417969e+00
7.431398630142211914e-01,4.163541316986083984e+00
1.608984112739562988e+00,1.016995429992675781e+00
1.437078595161437988e+00,5.461594581604003906e+00
-1.487011194229125977e+00,1.605422198772430420e-01
-3.103826284408569336e+00,-5.566878318786621094e-01
1.055044054985046387e+00,2.593097209930419922e+00
-1.282794952392578125e+00,-3.153541088104248047e+00
-2.028169184923171997e-01,-9.194112420082092285e-01
1.203487753868103027e+00,-2.500880241394042969e+00
3.059755802154541016e+00,1.383750677108764648e+00
-2.629160642623901367e+00,-1.430352091789245605e+00
-1.813487768173217773e+00,3.397215604782104492e+00
8.478718996047973633e-01,-3.300150483846664429e-02
1.458945870399475098e+00,3.963198423385620117e+00
2.723415374755859375e+00,-1.855377674102783203e+00
-3.168057203292846680e-01,-2.004959583282470703e+00
5.933433771133422852e-01,3.694013059139251709e-01
-3.090854167938232422e+00,-4.452548980712890625e+00
-1.600299477577209473e+00,-2.622581720352172852e+00
-5.260483622550964355e-01,-1.169990777969360352e+00
5.494482815265655518e-03,-5.373156070709228516e+00
2.254015922546386719e+00,2.890578031539916992e+00
1.584452867507934570e+00,9.097279906272888184e-01
3.675596043467521667e-02,-6.029805660247802734e+00
-1.368594527244567871e+00,-3.310099124908447266e+00
5.337304472923278809e-01,4.685794353485107422e+00
-2.452913522720336914e+00,-1.217659592628479004e+00
2.305808305740356445e+00,2.354349136352539062e+00
-1.117545008659362793e+00,-3.395386934280395508e+00
3.405921697616577148e+00,1.047188997268676758e+00
-2.297802686691284180e+00,2.900501012802124023e+00
3.715766668319702148e+00,6.791495800018310547e+00
2.369746379554271698e-02,-4.350341320037841797e+00
2.191064357757568359e+00,4.771341979503631592e-01
-2.063349246978759766e+00,4.863729178905487061e-01
-6.801745295524597168e-01,-2.403810024261474609e+00
-1.189270377159118652e+00,-1.413907527923583984e+00
3.703049898147583008e+00,5.167186260223388672e+00
1.803169965744018555e+00,-4.307953357696533203e+00
-7.631560415029525757e-02,-5.883986473083496094e+00
-2.086591720581054688e+00,2.058927118778228760e-01
4.032168388366699219e-01,3.296933412551879883e+00
3.886100053787231445e-01,3.336296319961547852e+00
-2.493247240781784058e-01,3.367893457412719727e+00
-1.210599303245544434e+00,1.362239003181457520e+00
3.221184253692626953e+00,3.091920018196105957e-01
1.261015892028808594e+00,-1.762135922908782959e-01
2.405904293060302734e+00,3.357441186904907227e+00
7.490954399108886719e-01,-5.067169189453125000e+00
2.049514293670654297e+00,-1.505600452423095703e+00
-1.511028707027435303e-01,1.532175540924072266e+00
1.076639965176582336e-01,-1.486065506935119629e+00
3.200756788253784180e+00,9.911939501762390137e-02
1.447028994560241699e+00,1.870582818984985352e+00
1.671676754951477051e+00,-1.958168864250183105e+00
-1.488500714302062988e+00,1.011652469635009766e+00
-1.871302723884582520e+00,-4.166329383850097656e+00
-6.903117895126342773e-01,2.380455017089843750e+00
-2.780941963195800781e+00,-7.224859595298767090e-01
1.125125527381896973e+00,2.325254678726196289e+00
-3.345445871353149414e+00,-1.803292512893676758e+00
1.088309660553932190e-01,-5.445098876953125000e+00
4.121333360671997070e-01,-1.208116650581359863e+00
4.435179871506989002e-04,-6.996882557868957520e-01
-4.313797950744628906e-01,2.924183607101440430e+00
1.204491496086120605e+00,-3.054494142532348633e+00
-1.143097802996635437e-01,3.227823972702026367e+00
3.365730047225952148e+00,4.838287830352783203e+00
1.586150407791137695e+00,-2.757529973983764648e+00
2.329465627670288086e+00,-3.288853645324707031e+00
-1.697618365287780762e+00,-8.670701384544372559e-01
1.211019039154052734e+00,1.273708105087280273e+00
4.271976947784423828e-01,8.694983124732971191e-01
2.671569585800170898e+00,1.375196099281311035e+00
3.100782632827758789e+00,6.014716148376464844e+00
3.103874921798706055e+00,1.017312407493591309e+00
4.090480208396911621e-01,2.899092435836791992e-01
9.239872694015502930e-01,-5.558265686035156250e+00
2.659244775772094727e+00,4.342446327209472656e+00
5.537784695625305176e-01,-1.684576392173767090e+00
-1.439958095550537109e+00,3.285069227218627930e+00
-1.486605525016784668e+00,1.877095103263854980e+00
5.792574286460876465e-01,-4.067355632781982422e+00
-2.407271146774291992e+00,1.595591753721237183e-01
1.055272936820983887e+00,-2.491676807403564453e+00
1.741656303405761719e+00,1.978007197380065918e+00
1.411874055862426758e+00,1.756312131881713867e+00
-1.816791176795959473e+00,-5.250084877014160156e+00
-2.330972671508789062e+00,-2.492418289184570312e-01
1.097875475883483887e+00,-1.107419490814208984e+00
-2.293498516082763672e-01,-8.326591253280639648e-01
1.045807480812072754e+00,8.262007832527160645e-01
1.157160758972167969e+00,-9.331325888633728027e-01
-1.092484474182128906e+00,-5.709793090820312500e+00
-1.913716435432434082e+00,-3.468829631805419922e+00
-1.667248845100402832e+00,-3.284100815653800964e-02
-1.065136313438415527e+00,-1.600902438163757324e+00
5.699751973152160645e-01,4.608343124389648438e+00
-1.994784712791442871e+00,-4.225423634052276611e-01
9.532102942466735840e-01,6.649185180664062500e+00
2.105949968099594116e-01,3.574944734573364258e+00
3.404850959777832031e+00,6.646749973297119141e+00
1.724378347396850586e+00,6.585932374000549316e-01
-3.037600517272949219e+00,-2.397345304489135742e+00
-1.059971302747726440e-01,3.908783197402954102e+00
-3.354803562164306641e+00,-2.047784328460693359e+00
3.037941694259643555e+00,7.232946872711181641e+00
-7.957607507705688477e-01,4.554713964462280273e-01
1.547336578369140625e+00,6.732412576675415039e-01
-2.635575771331787109e+00,-5.440075397491455078e+00
-1.023944258689880371e+00,-2.382197380065917969e+00
-1.516751408576965332e+00,-4.578795433044433594e+00
2.773476362228393555e+00,2.482202768325805664e+00
1.851320624351501465e+00,-8.254849314689636230e-01
1.980976015329360962e-01,-2.002154350280761719e+00
1.144272610545158386e-01,-4.470580101013183594e+00
2.198913097381591797e+00,1.656679630279541016e+00
-4.347540736198425293e-01,2.421681642532348633e+00
1.088280916213989258e+00,5.575691699981689453e+00
-1.377812743186950684e+00,3.082470893859863281e+00
2.601787328720092773e+00,4.266517639160156250e+00
-4.557738304138183594e-01,-5.256520509719848633e-01
1.479449272155761719e-01,-5.237560749053955078e+00
-1.586057066917419434e+00,2.751558303833007812e+00
1.406640410423278809e+00,3.579861402511596680e+00
-2.272818565368652344e+00,1.745605021715164185e-01
1.150063332170248032e-02,1.331806778907775879e+00
3.373847007751464844e+00,-1.192587494850158691e+00
1.474230647087097168e+00,7.577998042106628418e-01
2.163340568542480469e+00,2.798883914947509766e-01
-2.417041301727294922e+00,-4.768525600433349609e+00
-1.872414588928222656e+00,-5.414800167083740234e+00
7.044852375984191895e-01,-3.144092798233032227e+00
-1.892866373062133789e+00,-1.330615878105163574e+00
-1.889692783355712891e+00,2.629716873168945312e+00
1.821918606758117676e+00,-4.552435576915740967e-01
-7.891217470169067383e-01,-5.136160254478454590e-01
-1.309581995010375977e+00,4.015173435211181641e+00
-9.209228754043579102e-01,1.907267928123474121e+00
1.007610321044921875e+00,6.069899082183837891e+00
1.177437782287597656e+00,-3.948752880096435547e-01
1.378273844718933105e+00,-4.596517682075500488e-01
9.304720759391784668e-01,-5.983535289764404297e+00
9.572750926017761230e-01,-7.399421334266662598e-01
1.296090602874755859e+00,3.932220041751861572e-01
2.370323896408081055e+00,-2.970028162002563477e+00
-1.914907097816467285e+00,-2.463141441345214844e+00
-2.395542383193969727e+00,2.492908477783203125e+00
1.584326863288879395e+00,-2.760522127151489258e+00
4.512030780315399170e-01,1.774489879608154297e+00
2.039894163608551025e-01,6.155148029327392578e+00
1.505833625793457031e+00,1.473682045936584473e+00
2.627868652343750000e+00,2.523809194564819336e+00
2.130979061126708984e+00,5.603978157043457031e+00
-1.709992289543151855e+00,-1.414708375930786133e+00
-2.305382639169692993e-01,-1.178760826587677002e-01
-2.315477371215820312e+00,-1.368631005287170410e+00
1.024368882179260254e+00,3.258531093597412109e+00
6.608991026878356934e-01,-2.056112289428710938e+00
6.327607631683349609e-01,-2.074212074279785156e+00
-6.938716173171997070e-01,-3.158050477504730225e-01
-5.398785471916198730e-01,8.801626563072204590e-01
-1.906096696853637695e+00,1.193332195281982422e+00
-3.160282611846923828e+00,-1.834457635879516602e+00
2.266448736190795898e+00,6.625998616218566895e-01
1.893685199320316315e-02,4.528889358043670654e-01
-1.799015849828720093e-01,-8.787426948547363281e-01
1.200484037399291992e+00,1.489113092422485352e+00
-1.737828493118286133e+00,-4.681506156921386719e+00
1.987083256244659424e-01,-1.155170679092407227e+00
2.627699136734008789e+00,5.458784103393554688e+00
1.312356233596801758e+00,-1.739145368337631226e-01
-4.288583993911743164e-01,5.310498476028442383e-01
-1.409858822822570801e+00,-2.501322984695434570e+00
-2.125798225402832031e+00,-1.389792680740356445e+00
1.728601455688476562e-01,5.357435703277587891e+00
1.628868579864501953e+00,-4.463463425636291504e-01
8.310052752494812012e-01,-2.749306678771972656e+00
2.671968698501586914e+00,-1.469169616699218750e+00
-3.205413103103637695e+00,-3.810773849487304688e+00
8.048940896987915039e-01,-5.641813755035400391e+00
-1.384611010551452637e+00,-2.120640754699707031e+00
2.234884977340698242e+00,-2.882262468338012695e+00
-7.593668103218078613e-01,-4.708925485610961914e-01
-1.248481154441833496e+00,-1.002870678901672363e+00
-1.114242792129516602e+00,3.134204387664794922e+00
2.211261510848999023e+00,3.706501960754394531e+00
1.018235564231872559e+00,7.421181201934814453e-01
9.067768454551696777e-01,8.704534173011779785e-01
2.164425849914550781e+00,6.387375354766845703e+00
4.195168972015380859e+00,6.355439186096191406e+00
1.130077958106994629e+00,-5.850589275360107422e-01
-1.796815395355224609e+00,-6.018121719360351562e+00
2.338026046752929688e+00,4.749254226684570312e+00
3.100072860717773438e+00,6.160531520843505859e+00
8.050853013992309570e-01,9.801602363586425781e-01
2.197473123669624329e-02,9.818246364593505859e-01
-2.621130466461181641e+00,-1.037837386131286621e+00
-4.427991807460784912e-03,-4.564396381378173828e+00
2.352203130722045898e+00,5.600453853607177734e+00
-2.972424745559692383e+00,6.067928671836853027e-02
-8.623011112213134766e-01,-2.862955331802368164e+00
-9.061819911003112793e-01,-4.820229053497314453e+00
7.268752455711364746e-01,-1.786718606948852539e+00
-2.216020107269287109e+00,9.340550303459167480e-01
-2.362880706787109375e+00,-7.922627925872802734e-01
-4.547602832317352295e-01,-6.536328315734863281e+00
8.183140754699707031e-01,4.286434650421142578e+00
2.397478818893432617e+00,-1.030857682228088379e+00
2.723947167396545410e-01,2.673881292343139648e+00
3.028573036193847656e+00,6.070662498474121094e+00
-5.325249433517456055e-01,2.478536128997802734e+00
-1.932469606399536133e+00,-1.363646745681762695e+00
-5.316317677497863770e-01,-6.253883242607116699e-01
-1.141404867172241211e+00,-2.717782020568847656e+00
1.270239472389221191e+00,-3.997353076934814453e+00
1.879065990447998047e+00,2.603060603141784668e-01
1.552466154098510742e+00,-9.570190310478210449e-01
2.430158853530883789e+00,6.993381977081298828e+00
-1.697728514671325684e+00,-4.379548549652099609e+00
-2.025820255279541016e+00,6.648533940315246582e-01
-2.947366237640380859e+00,1.753504037857055664e+00
-1.926805377006530762e+00,-7.723809480667114258e-01
1.697876811027526855e+00,-2.248850584030151367e+00
6.974711418151855469e-01,-7.262607574462890625e+00
1.898074150085449219e-01,-2.780437767505645752e-01
-1.643391847610473633e+00,-5.042681694030761719e+00
3.533195257186889648e+00,1.016573905944824219e+00
2.033482074737548828e+00,-5.342359542846679688e-01
3.086286544799804688e+00,5.542044639587402344e+00
1.185410976409912109e+00,4.047216892242431641e+00
8.208834528923034668e-01,3.998118162155151367e+00
-1.053250312805175781e+00,2.518372058868408203e+00
-8.371696472167968750e-01,4.460802078247070312e+00
2.330703973770141602e+00,-1.794299960136413574e+00
1.070107460021972656e+00,-3.645835638046264648e+00
2.769224405288696289e+00,-1.237127780914306641e+00
-1.430235147476196289e+00,-4.336873531341552734e+00
-2.383481979370117188e+00,-3.053278684616088867e+00
3.258867025375366211e+00,-9.348759651184082031e-01
-2.597587347030639648e+00,-2.401883125305175781e+00
2.545739889144897461e+00,-1.827092170715332031e+00
2.341345787048339844e+00,3.311251640319824219e+00
-1.008672714233398438e+00,8.137606978416442871e-01
-1.455870270729064941e+00,-5.324136734008789062e+00
3.722226023674011230e-01,-7.018622875213623047e+00
-1.392660737037658691e+00,-6.336526870727539062e+00
2.222045212984085083e-01,-4.009173393249511719e+00
2.421725273132324219e+00,2.000584363937377930e+00
1.713352799415588379e-01,-3.010810852050781250e+00
2.774918079376220703e+00,4.900918304920196533e-01
3.245731830596923828e+00,1.663856387138366699e+00
6.546938419342041016e-01,2.166921138763427734e+00
-3.591156005859375000e-01,5.294624805450439453e+00
-1.746909022331237793e+00,-3.846222400665283203e+00
2.240178585052490234e+00,-2.264135837554931641e+00
8.295295834541320801e-01,4.738537788391113281e+00
1.087387800216674805e+00,-7.478842735290527344e+00
5.262446403503417969e-01,1.782863020896911621e+00
1.006763651967048645e-01,4.314625263214111328e+00
-1.125040650367736816e-01,-2.063366889953613281e+00
-8.478593826293945312e-01,1.683931589126586914e+00
1.815836429595947266e+00,6.130793094635009766e+00
1.327638506889343262e+00,7.549561262130737305e-01
-1.192361414432525635e-01,-2.318415641784667969e+00
8.821284770965576172e-01,5.983386516571044922e+00
5.142928361892700195e-01,-5.842205047607421875e+00
-5.084125399589538574e-01,3.646599054336547852e+00
-1.813182234764099121e-01,-6.641160249710083008e-01
2.148187875747680664e+00,2.571568250656127930e+00
-1.351260185241699219e+00,-6.001007556915283203e+00
1.494906067848205566e+00,1.001369476318359375e+00
1.631065011024475098e+00,-1.606686711311340332e+00
2.429597079753875732e-01,-5.036216735839843750e+00
-2.739393152296543121e-02,-2.923407554626464844e+00
2.703258514404296875e+00,5.981419563293457031e+00
-3.927421569824218750e-01,2.924628734588623047e+00
4.207743406295776367e-01,1.893105506896972656e+00
-8.095679879188537598e-01,-2.850039303302764893e-01
-5.887749791145324707e-01,-3.476434469223022461e+00
-3.181262731552124023e+00,-4.686287879943847656e+00
-1.894750475883483887e+00,-9.246766567230224609e-01
-2.008354425430297852e+00,8.126743137836456299e-02
-1.504637598991394043e+00,-1.518102049827575684e+00
-4.526321887969970703e-01,2.822673797607421875e+00
2.973718941211700439e-01,-7.043429851531982422e+00
-2.146621704101562500e+00,1.816094636917114258e+00
2.144614219665527344e+00,-1.831437468528747559e+00
-2.942174911499023438e+00,-3.783553361892700195e+00
1.581673026084899902e+00,2.008334636688232422e+00
-1.575289845466613770e+00,-2.769783735275268555e+00
-1.874879449605941772e-01,2.245164871215820312e+00
1.323372721672058105e+00,-5.364086627960205078e+00
-2.500175714492797852e+00,-1.813566803932189941e+00
-5.641155838966369629e-01,1.890981554985046387e+00
-1.589678525924682617e+00,8.203835487365722656e-01
1.616480946540832520e+00,-8.440645933151245117e-01
2.669524669647216797e+00,2.795089483261108398e+00
-1.017017960548400879e+00,-1.291891098022460938e+00
-2.295007467269897461e+00,-9.416284561157226562e-01
-6.303597092628479004e-01,4.430692195892333984e+00
-2.363493919372558594e+00,1.848372220993041992e+00
1.229621410369873047e+00,4.949297428131103516e+00
1.240397572517395020e+00,-1.047958493232727051e+00
-1.326696753501892090e+00,-2.777837991714477539e+00
-1.504935622215270996e-01,3.815937757492065430e+00
-5.762586593627929688e-01,3.771886825561523438e+00
1.147960901260375977e+00,-1.181167244911193848e+00
-1.542644858360290527e+00,-1.297571063041687012e+00
6.200094819068908691e-01,-9.070777893066406250e-01
1.254330635070800781e+00,1.157667160034179688e+00
-7.494969367980957031e-01,1.668361306190490723e+00
-1.933906197547912598e+00,-5.724313259124755859e+00
1.926874518394470215e+00,6.286098957061767578e-01
2.568563699722290039e+00,-3.003480434417724609e+00
-7.641208823770284653e-03,1.288633465766906738e+00
-1.375249505043029785e+00,-3.078227043151855469e+00
-1.527129709720611572e-01,-3.368893861770629883e+00
1.589989900588989258e+00,2.105174541473388672e+00
2.926604747772216797e+00,-4.406714737415313721e-01
5.472436547279357910e-01,3.168655037879943848e-01
-2.158691644668579102e+00,-2.326622486114501953e+00
-8.625290989875793457e-01,2.272096872329711914e+00
-2.037019491195678711e+00,-1.395949840545654297e+00
-1.683763027191162109e+00,-3.063073456287384033e-01
-1.947262138128280640e-01,-3.513492107391357422e+00
8.045042157173156738e-01,-5.790103435516357422e+00
2.270789444446563721e-01,-2.608843803405761719e+00
2.491831779479980469e+00,4.206199645996093750e-01
-2.696877002716064453e+00,1.151326537132263184e+00
-8.092378973960876465e-01,1.643942832946777344e+00
2.484926462173461914e+00,9.221013784408569336e-01
-3.581017851829528809e-01,-3.203869462013244629e-01
-3.404284238815307617e+00,-6.027996540069580078e-01
4.141000211238861084e-01,-6.861300468444824219e+00
1.893680810928344727e+00,1.196694135665893555e+00
-2.714046239852905273e+00,-2.502104043960571289e+00
-1.997795850038528442e-01,1.009698137640953064e-01
3.406586050987243652e-01,3.192473411560058594e+00
-8.137279152870178223e-01,1.422814726829528809e+00
2.221639394760131836e+00,2.931526422500610352e+00
-1.311049818992614746e+00,-2.414159536361694336e+00
-1.500003188848495483e-01,3.626978635787963867e+00
2.185399770736694336e+00,2.627480745315551758e+00
-1.702192574739456177e-01,-5.590693950653076172e+00
-9.432557821273803711e-01,-4.073099613189697266e+00
8.240835666656494141e-01,-8.248912692070007324e-01
5.352554321289062500e-01,-1.223052501678466797e+00
2.478776931762695312e+00,-8.551076650619506836e-01
-1.206940650939941406e+00,-5.505393981933593750e+00
6.898063421249389648e-01,3.477851152420043945e-01
-3.385813534259796143e-01,3.560628890991210938e+00
2.558956623077392578e+00,-2.130633831024169922e+00
3.166566610336303711e+00,6.364729404449462891e+00
3.119097948074340820e+00,4.727530479431152344e+00
-2.540470600128173828e+00,-3.185119867324829102e+00
-2.296096563339233398e+00,-3.456057906150817871e-01
-2.679836034774780273e+00,-1.278127789497375488e+00
-2.183715581893920898e+00,-4.790857791900634766e+00
1.210271239280700684e+00,-2.903292417526245117e+00
-1.204043701291084290e-01,-2.712407588958740234e+00
1.528630495071411133e+00,5.578524589538574219e+00
1.036934733390808105e+00,-5.383275032043457031e+00
-2.528457403182983398e+00,-2.522284030914306641e+00
2.176290988922119141e+00,1.845076799392700195e+00
-1.012088537216186523e+00,-5.557784080505371094e+00
-1.955801725387573242e+00,1.981204748153686523e+00
2.061772108078002930e+00,-8.843051195144653320e-01
2.678211450576782227e+00,3.099157094955444336e+00
1.015616059303283691e+00,-6.803301572799682617e-01
-2.368527173995971680e+00,-7.750947475433349609e-01
-2.802952289581298828e+00,-3.261389017105102539e+00
1.235370755195617676e+00,5.592247486114501953e+00
-1.937535524368286133e+00,-3.915260791778564453e+00
3.268140554428100586e+00,4.990393638610839844e+00
3.089791059494018555e+00,3.410888195037841797e+00
2.019668102264404297e+00,-3.471674203872680664e+00
-2.497698068618774414e-01,2.420727491378784180e+00
-8.111274838447570801e-01,2.301399409770965576e-01
-2.100778102874755859e+00,1.790830135345458984e+00
-1.265100598335266113e+00,-2.083573937416076660e-01
-2.850812077522277832e-01,5.214325904846191406e+00
3.769290447235107422e-01,5.465454578399658203e+00
2.553692579269409180e+00,-2.106125831604003906e+00
3.327880144119262695e+00,5.573545932769775391e+00
1.535642147064208984e+00,-9.573228359222412109e-01
-2.303874015808105469e+00,-4.820075511932373047e+00
3.008031547069549561e-01,3.772151947021484375e+00
-6.037092804908752441e-01,-3.352780580520629883e+00
8.608263731002807617e-01,3.899689316749572754e-01
-8.038807660341262817e-02,3.085215389728546143e-01
-4.920032620429992676e-01,2.764837265014648438e+00
1.160072565078735352e+00,2.534757614135742188e+00
-2.022627830505371094e+00,2.635479271411895752e-01
-1.563985109329223633e+00,-2.179644584655761719e+00
-9.051418900489807129e-01,-4.643915653228759766e+00
-6.904412508010864258e-01,1.768078058958053589e-01
-7.754921317100524902e-01,-4.920124411582946777e-01
-2.671968936920166016e+00,1.220544934272766113e+00
1.879607915878295898e+00,-2.677767574787139893e-01
-2.732216358184814453e+00,-1.409489274024963379e+00
2.669246792793273926e-01,-2.422111272811889648e+00
2.592354297637939453e+00,-1.458095669746398926e+00
5.036655664443969727e-01,2.317472219467163086e+00
-1.339692831039428711e+00,-1.970958828926086426e+00
3.200757503509521484e+00,4.309533834457397461e-01
-2.530827283859252930e+00,1.493234634399414062e+00
-1.010035991668701172e+00,-5.073735237121582031e+00
-4.867162406444549561e-01,-9.489686489105224609e-01
-5.568282604217529297e-01,2.433388233184814453e+00
1.414863467216491699e+00,5.876427173614501953e+00
-1.635340601205825806e-01,-6.229967117309570312e+00
-1.361876726150512695e+00,-1.168319463729858398e+00
-1.490872144699096680e+00,-1.208496809005737305e+00
1.490447878837585449e+00,-4.201501369476318359e+00
-6.466273665428161621e-01,-5.303837776184082031e+00
-1.581127166748046875e+00,-2.838666737079620361e-01
-2.897296845912933350e-01,-5.937332630157470703e+00
3.667264699935913086e+00,2.372627258300781250e+00
1.328447580337524414e+00,-6.419233083724975586e-01
-1.742805689573287964e-01,-1.739662051200866699e+00
1.005328059196472168e+00,4.846948146820068359e+00
-6.101136207580566406e-01,-2.832503795623779297e+00
-3.063124895095825195e+00,-2.456789970397949219e+00
2.367798328399658203e+00,-4.035021960735321045e-01
-1.023585200309753418e+00,-2.498984336853027344e+00
2.839035034179687500e+00,-1.650408804416656494e-01
-3.046617031097412109e+00,2.382056713104248047e-01
-1.559349447488784790e-01,-1.994708061218261719e+00
-2.924751043319702148e-01,1.057967096567153931e-01
-2.961281538009643555e+00,6.785767674446105957e-01
-3.350700139999389648e+00,8.133131265640258789e-01
9.446096420288085938e-01,-1.935519337654113770e+00
2.701768398284912109e+00,4.274317324161529541e-01
-2.963411062955856323e-02,3.055447340011596680e+00
-3.580980777740478516e+00,-1.125987172126770020e+00
-1.865602970123291016e+00,-5.947874546051025391e+00
4.812395572662353516e-01,-1.859488606452941895e+00
2.468797445297241211e+00,-6.244035959243774414e-01
-1.880939841270446777e+00,-6.520701408386230469e+00
-2.610715866088867188e+00,-1.776883959770202637e+00
-1.448242545127868652e+00,-2.859295368194580078e+00
5.474755167961120605e-01,-3.212045192718505859e+00
-1.427162289619445801e+00,4.714021205902099609e+00
-2.268976211547851562e+00,-5.993397831916809082e-01
2.093117237091064453e+00,6.695997238159179688e+00
1.734241008758544922e+00,-4.317206859588623047e+00
2.021535396575927734e+00,4.190413475036621094e+00
-5.514398813247680664e-01,-2.710039854049682617e+00
-1.612531185150146484e+00,-1.664435863494873047e+00
-1.235500216484069824e+00,2.910208225250244141e+00
-1.099637985229492188e+00,-1.751540303230285645e+00
-1.587744235992431641e+00,-2.795722484588623047e+00
5.043315291404724121e-01,-2.207966089248657227e+00
2.972598552703857422e+00,2.088837385177612305e+00
2.466627836227416992e+00,6.839043617248535156e+00
-1.480104327201843262e-01,-9.936422109603881836e-01
-7.844443619251251221e-02,-4.825813770294189453e+00
2.033202171325683594e+00,-7.769959568977355957e-01
-2.887994349002838135e-01,-5.703514814376831055e-01
7.633571624755859375e-01,-4.562891006469726562e+00
3.075097084045410156e+00,-1.026619225740432739e-01
-3.023538589477539062e-01,3.542023181915283203e+00
-2.684148788452148438e+00,-4.752314090728759766e+00
-4.282491505146026611e-01,-6.949707984924316406e+00
-1.732016682624816895e+00,-5.559485435485839844e+00
1.429114341735839844e+00,2.097810983657836914e+00
-2.353565216064453125e+00,3.150015175342559814e-01
3.145023822784423828e+00,4.836823463439941406e+00
8.798522353172302246e-01,3.578135728836059570e+00
1.180065393447875977e+00,3.834219455718994141e+00
-9.812247753143310547e-01,-2.564487695693969727e+00
-2.048989772796630859e+00,1.643243193626403809e+00
6.722560524940490723e-01,3.045403659343719482e-01
3.078694045543670654e-01,3.252633094787597656e+00
-3.303991556167602539e+00,4.059705734252929688e-01
-4.082974195480346680e-01,2.415248870849609375e+00
-1.769727766513824463e-01,2.162350654602050781e+00
-7.737749218940734863e-01,1.456458568572998047e+00
-1.355364918708801270e+00,3.114909648895263672e+00
8.503739833831787109e-01,-6.704732418060302734e+00
-3.312324583530426025e-01,2.251047849655151367e+00
6.343320608139038086e-01,-2.411860227584838867e+00
1.788419604301452637e+00,5.339477539062500000e+00
1.917672038078308105e+00,5.060908317565917969e+00
2.236431598663330078e+00,-1.451252341270446777e+00
1.739717483520507812e+00,-2.908056497573852539e+00
4.640205763280391693e-03,-6.331245303153991699e-01
-8.316097855567932129e-01,1.310224294662475586e+00
-4.971373379230499268e-01,-1.512103676795959473e+00
1.559949040412902832e+00,1.843013644218444824e+00
-2.148905515670776367e+00,-5.088168144226074219e+00
-2.443338632583618164e+00,2.041006803512573242e+00
2.415951728820800781e+00,6.589308261871337891e+00
9.007504582405090332e-01,-3.721101999282836914e+00
-7.348372936248779297e-01,5.738105773925781250e-01
-3.640393733978271484e+00,-7.404451966285705566e-01
-1.894502639770507812e+00,-3.784063816070556641e+00
1.249155759811401367e+00,-2.281166315078735352e+00
-9.647797942161560059e-01,-6.858009696006774902e-01
8.994956016540527344e-01,2.684168815612792969e+00
5.686794519424438477e-01,-1.655193120241165161e-01
-4.272093176841735840e-01,-5.455161571502685547e+00
2.772851943969726562e+00,7.595673799514770508e-01
2.036971092224121094e+00,1.634246468544006348e+00
1.761302947998046875e+00,-3.636802196502685547e+00
5.844728350639343262e-01,-3.319810152053833008e+00
-1.621208667755126953e+00,-9.277378916740417480e-01
2.832493782043457031e+00,7.015587329864501953e+00
2.207873821258544922e+00,5.635104775428771973e-01
3.443093597888946533e-01,7.674502134323120117e-01
-1.029844135046005249e-01,-4.450838565826416016e+00
-8.751760721206665039e-01,-1.366026759147644043e+00
2.316169887781143188e-01,2.586122035980224609e+00
-3.119961738586425781e+00,-1.040741801261901855e+00
-1.205235347151756287e-01,-2.754108190536499023e+00
5.630077123641967773e-01,-1.261077761650085449e+00
1.742068529129028320e+00,-5.152207016944885254e-01
1.712631106376647949e+00,-7.146496772766113281e-01
3.321834281086921692e-02,-3.287748336791992188e+00
-3.645128726959228516e+00,-7.293305397033691406e-01
2.537570476531982422e+00,-2.968150377273559570e+00
-3.739937245845794678e-01,1.314713001251220703e+00
4.313442707061767578e-01,1.623822450637817383e+00
1.071354508399963379e+00,-8.250935934484004974e-04
2.286077499389648438e+00,2.476620674133300781e+00
-1.328464388847351074e+00,3.884727716445922852e+00
-2.215057313442230225e-01,5.209498882293701172e+00
-3.214714229106903076e-01,2.209790468215942383e+00
9.662258625030517578e-01,-9.072762131690979004e-01
-8.082340359687805176e-01,4.373682975769042969e+00
7.097040414810180664e-01,-1.768057584762573242e+00
-2.014821022748947144e-01,-2.164012193679809570e+00
-2.470145225524902344e+00,-3.889040231704711914e+00
-1.398464560508728027e+00,3.135523200035095215e-01
5.298005938529968262e-01,3.965822219848632812e+00
-1.343795508146286011e-01,-1.925556302070617676e+00
3.311488926410675049e-01,-5.786975383758544922e+00
2.503855943679809570e+00,-1.596086263656616211e+00
-1.024580597877502441e+00,2.609407186508178711e+00
-1.864346265792846680e+00,-6.383976459503173828e+00
9.095774888992309570e-01,-4.223827123641967773e-01
-3.086847662925720215e-01,-5.419763088226318359e+00
1.923227310180664062e+00,-3.231038153171539307e-01
-1.447542756795883179e-01,-7.623246192932128906e+00
-1.293923854827880859e+00,-1.529666662216186523e+00
3.193089962005615234e+00,6.817086219787597656e+00
2.699672222137451172e+00,1.992989540100097656e+00
2.494414567947387695e+00,-1.658904433250427246e+00
-5.131638050079345703e-01,-6.863842487335205078e+00
3.384557962417602539e+00,1.158935546875000000e+00
-2.873413324356079102e+00,-1.773843169212341309e+00
-3.373412191867828369e-01,-2.952372312545776367e+00
9.502000808715820312e-01,1.167153000831604004e+00
1.979401469230651855e+00,2.979766607284545898e+00
4.530247449874877930e-01,-4.316283702850341797e+00
2.347693681716918945e+00,4.336316585540771484e+00
-4.207058250904083252e-01,-7.912337183952331543e-01
-1.592917919158935547e+00,9.823267459869384766e-01
-5.731532573699951172e-01,-4.024181842803955078e+00
3.027036905288696289e+00,6.105194568634033203e+00
-1.719001412391662598e+00,3.870849370956420898e+00
-2.966610908508300781e+00,-4.403121948242187500e+00
2.371339082717895508e+00,2.730346202850341797e+00
1.253516793251037598e+00,2.769942998886108398e+00
-2.199437618255615234e+00,-5.259109497070312500e+00
3.218560218811035156e+00,-1.028238892555236816e+00
-7.774960398674011230e-01,-5.892467498779296875e+00
-7.835906147956848145e-01,-3.554991483688354492e+00
-2.187199115753173828e+00,1.240764021873474121e+00
1.018944740295410156e+00,-4.035854339599609375e+00
-1.114488005638122559e+00,4.362914562225341797e+00
-5.264658853411674500e-02,9.698844701051712036e-02
1.443197488784790039e+00,-1.175480961799621582e+00
-3.637056827545166016e+00,-6.316221952438354492e-01
1.993475079536437988e+00,9.952801465988159180e-02
9.737051129341125488e-01,-2.484528064727783203e+00
-8.973790407180786133e-01,6.098992824554443359e-01
-3.138238191604614258e+00,4.465224444866180420e-01
-9.608079195022583008e-01,3.062907457351684570e+00
2.037873983383178711e+00,1.499051690101623535e+00
2.716619729995727539e+00,1.973377943038940430e+00
-2.473538398742675781e+00,1.520233511924743652e+00
1.749885201454162598e+00,2.687891960144042969e+00
3.450276851654052734e+00,7.342645645141601562e+00
-1.874359697103500366e-01,5.304668426513671875e+00
5.737767368555068970e-02,-5.467656612396240234e+00
1.313391566276550293e+00,-1.927342295646667480e+00
-3.750150442123413086e+00,-2.047686338424682617e+00
8.949754238128662109e-01,-6.801912188529968262e-01
-1.635171294212341309e+00,4.076941490173339844e+00
-1.002794027328491211e+00,1.095102906227111816e+00
-5.705104470252990723e-01,1.575728058815002441e+00
-2.857548952102661133e+00,-3.191437244415283203e+00
1.309367775917053223e+00,-1.359615325927734375e+00
-1.060419917106628418e+00,1.798510789871215820e+00
3.749531134963035583e-02,7.103847265243530273e-01
-3.062354087829589844e+00,-2.389857292175292969e+00
-2.610499143600463867e+00,-2.404346704483032227e+00
-8.649347424507141113e-01,-3.000841736793518066e-01
1.169117927551269531e+00,-3.408750057220458984e+00
2.136948585510253906e+00,-1.530630111694335938e+00
-1.240472793579101562e+00,-5.613219738006591797e+00
4.034585952758789062e+00,1.636029958724975586e+00
1.195972681045532227e+00,1.327244639396667480e+00
-5.881315469741821289e-01,-4.031137228012084961e-01
-4.874691069126129150e-01,-8.165863752365112305e-01
2.924507617950439453e+00,6.464143991470336914e-01
-9.832389354705810547e-01,-7.391022682189941406e+00
2.332833051681518555e+00,1.695288181304931641e+00
1.371083021163940430e+00,-1.624332189559936523e+00
-7.593471407890319824e-01,3.535364389419555664e+00
-2.509759187698364258e+00,-1.805989816784858704e-02
1.247814536094665527e+00,1.997486233711242676e+00
2.734333574771881104e-01,-1.746383547782897949e+00
-2.642910718917846680e+00,-1.763484716415405273e+00
4.130172729492187500e-01,3.330437183380126953e+00
-5.301405489444732666e-02,2.772527456283569336e+00
8.620380163192749023e-01,-2.267748355865478516e+00
2.490688323974609375e+00,3.918694257736206055e+00
-1.591347157955169678e-01,1.509523153305053711e+00
1.545592784881591797e+00,6.724090099334716797e+00
-2.164028584957122803e-01,-5.371553421020507812e+00
1.327428340911865234e+00,5.568365097045898438e+00
1.456381320953369141e+00,1.440688133239746094e+00
-7.568522691726684570e-01,3.965677976608276367e+00
2.077053785324096680e+00,1.268706023693084717e-01
-5.605216026306152344e-01,-3.538446724414825439e-01
2.482195138931274414e+00,6.116512298583984375e+00
2.553588867187500000e+00,2.008594751358032227e+00
-2.294305801391601562e+00,-3.700545549392700195e+00
2.274362087249755859e+00,-2.340720891952514648e+00
-1.201280474662780762e+00,-1.076234579086303711e+00
-2.152998208999633789e+00,-1.331920981407165527e+00
-1.377748727798461914e+00,-5.523666381835937500e+00
2.325312376022338867e+00,3.530336380004882812e+00
-4.616391062736511230e-01,-3.854943037033081055e+00
2.474889606237411499e-01,2.575037002563476562e+00
1.096148341894149780e-01,4.824923515319824219e+00
7.849763631820678711e-01,-1.534291148185729980e+00
1.273174166679382324e+00,-1.126946926116943359e+00
1.899658679962158203e+00,6.089628219604492188e+00
5.987758636474609375e-01,3.626415252685546875e+00
3.058325767517089844e+00,5.755695819854736328e+00
1.620396614074707031e+00,-3.975381851196289062e-01
-2.069024324417114258e+00,-9.304916262626647949e-01
2.471191883087158203e+00,1.767402887344360352e+00
3.254002809524536133e+00,6.094913005828857422e+00
-3.062343358993530273e+00,-2.470361948013305664e+00
-8.005850315093994141e-01,-1.924899458885192871e+00
1.389338016510009766e+00,-5.978938102722167969e+00
1.402178645133972168e+00,2.616466283798217773e+00
-1.521107673645019531e+00,2.164914608001708984e+00
-5.252850055694580078e-01,-3.914189577102661133e+00
-2.754671275615692139e-01,1.474977254867553711e+00
2.985173463821411133e+00,-8.107250928878784180e-01
-2.505021095275878906e+00,-4.103818416595458984e+00
-1.869181394577026367e+00,-1.951110601425170898e+00
1.190981626510620117e+00,-6.574563384056091309e-01
7.275944948196411133e-01,2.932565689086914062e+00
3.132605314254760742e+00,6.422781467437744141e+00
1.742384910583496094e+00,-6.754338264465332031e+00
2.501107379794120789e-02,-5.028540134429931641e+00
-2.451635837554931641e+00,-1.288903713226318359e+00
2.062748372554779053e-01,-3.527275562286376953e+00
-2.270912408828735352e+00,-2.735554456710815430e+00
2.247833967208862305e+00,-2.452068567276000977e+00
-5.954674482345581055e-01,3.341005086898803711e+00
-7.455855607986450195e-02,-3.575189828872680664e+00
-1.785116493701934814e-01,3.471821784973144531e+00
-9.551343321800231934e-01,4.361521720886230469e+00
1.758489251136779785e+00,-1.595960378646850586e+00
1.084380984306335449e+00,7.743487954139709473e-01
4.953992664813995361e-01,-7.303730964660644531e+00
-4.254785180091857910e-01,-3.994209766387939453e-01
-1.811546325683593750e+00,-2.663912296295166016e+00
-6.476005315780639648e-01,1.638365268707275391e+00
6.286932826042175293e-01,-5.400444507598876953e+00
-3.386953771114349365e-01,1.370145082473754883e+00
-1.774873614311218262e+00,2.499238252639770508e+00
-8.519398570060729980e-01,-2.330327510833740234e+00
4.663850739598274231e-02,-1.408460974693298340e+00
-1.622851610183715820e+00,1.841842889785766602e+00
1.652136683464050293e+00,-2.460058212280273438e+00
1.174662232398986816e+00,4.603194713592529297e+00
-5.197142958641052246e-01,2.876769542694091797e+00
-6.793531775474548340e-01,4.892016887664794922e+00
1.235584259033203125e+00,3.210845708847045898e+00
-2.152254581451416016e+00,8.524550199508666992e-01
-4.747172594070434570e-01,7.776615023612976074e-01
-2.097763061523437500e+00,-6.118703842163085938e+00
-1.028220355510711670e-01,1.673293590545654297e+00
-2.983131170272827148e+00,-3.497872352600097656e+00
1.632456898689270020e+00,2.132702589035034180e+00
-3.295245170593261719e-01,-2.436656132340431213e-02
2.699656724929809570e+00,2.507096052169799805e+00
8.131181001663208008e-01,-7.758965969085693359e+00
-1.863230824470520020e+00,-5.743387699127197266e+00
3.759782388806343079e-02,-5.081676006317138672e+00
1.316617965698242188e+00,-1.230923771858215332e+00
-1.654265046119689941e+00,-4.503948211669921875e+00
-1.908096194267272949e+00,7.585104703903198242e-01
5.307312011718750000e-01,2.007052183151245117e+00
-1.133593082427978516e+00,2.110375404357910156e+00
1.466745257377624512e+00,4.864840507507324219e+00
1.026560187339782715e+00,9.771221280097961426e-01
1.558343529701232910e+00,1.637176036834716797e+00
1.850924640893936157e-01,-7.076550483703613281e+00
-1.141712069511413574e+00,3.868632078170776367e+00
-6.826272010803222656e-01,-3.724682807922363281e+00
-4.896798431873321533e-01,-3.897272646427154541e-01
-4.230505824089050293e-01,1.069302082061767578e+00
2.609121322631835938e+00,-1.668503999710083008e+00
-8.008949160575866699e-01,3.571019887924194336e+00
7.036798596382141113e-01,-2.176382541656494141e+00
3.222901821136474609e-01,-1.677480101585388184e+00
-9.385320544242858887e-01,7.171678543090820312e-01
-1.143890023231506348e+00,-5.186337947845458984e+00
-2.272623300552368164e+00,-7.964864969253540039e-01
1.252146959304809570e+00,-1.463898658752441406e+00
-1.320832729339599609e+00,-5.477317333221435547e+00
-1.483008742332458496e+00,4.688827991485595703e+00
1.784115582704544067e-01,-4.103519439697265625e+00
-1.488746106624603271e-01,-3.266527414321899414e+00
-1.918173283338546753e-01,-7.969680428504943848e-01
4.446073621511459351e-02,-8.384965062141418457e-01
-5.151164531707763672e-01,3.833306550979614258e+00
-5.087687373161315918e-01,-3.199589967727661133e+00
-1.538659453392028809e+00,1.613397121429443359e+00
4.937599897384643555e-01,-2.283044338226318359e+00
4.084376811981201172e+00,1.741035580635070801e+00
-8.353698253631591797e-01,-2.744286060333251953e+00
-2.434098243713378906e+00,2.303677082061767578e+00
-2.997484922409057617e+00,-3.564498573541641235e-02
-7.888169884681701660e-01,4.014902710914611816e-01
-7.812659144401550293e-01,-6.935454368591308594e+00
9.924121499061584473e-01,-4.899745464324951172e+00
2.270365953445434570e+00,-1.060246825218200684e+00
4.272011220455169678e-01,-1.979668885469436646e-01
-2.356580197811126709e-01,-7.627505302429199219e+00
2.979143559932708740e-01,4.555905818939208984e+00
1.056269526481628418e+00,5.919001102447509766e+00
-2.613518759608268738e-02,-8.897909522056579590e-01
-4.512167870998382568e-01,6.834828257560729980e-01
1.206859111785888672e+00,2.035412788391113281e-01
1.563726067543029785e+00,3.260896205902099609e+00
7.375100851058959961e-01,-2.647145688533782959e-01
9.574869871139526367e-01,-4.853279590606689453e+00
-1.227300643920898438e+00,-7.255687117576599121e-01
-7.506622076034545898e-01,-2.222444295883178711e+00
1.578415274620056152e+00,1.050930976867675781e+00
5.267333388328552246e-01,1.397838354110717773e+00
1.222553372383117676e+00,3.530411481857299805e+00
3.410921096801757812e+00,6.599654674530029297e+00
1.151798009872436523e+00,-8.487064838409423828e-01
1.265950322151184082e+00,6.282300472259521484e+00
-6.947207450866699219e-01,-5.412103176116943359e+00
2.385848313570022583e-01,1.944789052009582520e+00
1.482811808586120605e+00,-7.870823740959167480e-01
2.992634475231170654e-01,-3.380754470825195312e+00
-9.084472060203552246e-01,1.072800755500793457e+00
5.784760713577270508e-01,-1.108676552772521973e+00
-1.663277029991149902e+00,-2.775939226150512695e+00
9.259806275367736816e-01,8.769970536231994629e-01
-6.299829483032226562e-01,4.137809753417968750e+00
-2.247510999441146851e-01,-5.736712455749511719e+00
1.854171752929687500e-01,1.371668219566345215e+00
-5.389154553413391113e-01,-7.361162453889846802e-02
4.019824862480163574e-01,-5.669720768928527832e-01
-1.599941968917846680e+00,-2.700708389282226562e+00
8.976364731788635254e-01,1.349711179733276367e+00
-8.237369656562805176e-01,2.480867147445678711e+00
-1.516372919082641602e+00,2.275363445281982422e+00
-1.549424409866333008e+00,-1.584786295890808105e+00
-1.588379144668579102e+00,-4.324896812438964844e+00
1.379831552505493164e+00,-2.065210819244384766e+00
1.331154704093933105e+00,4.460455417633056641e+00
7.829149365425109863e-01,-1.951796054840087891e+00
4.071588039398193359e+00,7.029272556304931641e+00
4.235059618949890137e-01,-3.384093523025512695e+00
-7.817947268486022949e-01,2.054898023605346680e+00
2.721044123172760010e-01,-5.005350112915039062e+00
2.626026630401611328e+00,5.701192378997802734e+00
1.362260460853576660e+00,1.502988576889038086e+00
1.278821587562561035e+00,2.727271080017089844e+00
-5.646994113922119141e-01,-3.363681554794311523e+00
6.197924017906188965e-01,-6.392471790313720703e+00
-1.960975378751754761e-01,-5.691085338592529297e+00
-1.762026548385620117e-01,-5.413797378540039062e+00
1.427563905715942383e+00,-3.392606019973754883e+00
4.411936700344085693e-01,-7.314546585083007812e+00
-1.550814986228942871e+00,2.260146379470825195e+00
1.018573760986328125e+00,-5.374049186706542969e+00
-2.771275043487548828e+00,-5.560551166534423828e+00
1.045437216758728027e+00,5.234851360321044922e+00
2.757005453109741211e+00,1.377266287803649902e+00
3.018141269683837891e+00,1.285745263099670410e+00
2.212718486785888672e+00,7.161332607269287109e+00
1.380087852478027344e+00,4.603118419647216797e+00
4.566201865673065186e-01,3.693381547927856445e+00
-1.543809771537780762e+00,-3.756304979324340820e+00
-1.526734113693237305e+00,-1.561756849288940430e+00
2.105239152908325195e+00,1.675117135047912598e+00
-3.541112422943115234e+00,-7.354244589805603027e-01
-2.304934501647949219e+00,1.767886042594909668e+00
1.123940110206604004e+00,2.790093183517456055e+00
1.459833383560180664e+00,-1.199013710021972656e+00
5.758657455444335938e-01,5.130914211273193359e+00
-2.394700050354003906e+00,-3.922553062438964844e+00
-2.239021062850952148e+00,-1.380423188209533691e+00
2.347631216049194336e+00,-1.530167698860168457e+00
9.762942194938659668e-01,-6.490374207496643066e-01
-1.453004837036132812e+00,-5.055492401123046875e+00
-6.490382552146911621e-01,-4.097513675689697266e+00
5.431501865386962891e-01,-2.735838651657104492e+00
1.756458163261413574e+00,-2.199816703796386719e+00
-1.054688811302185059e+00,-4.767873287200927734e+00
-2.221854209899902344e+00,-2.376163005828857422e+00
8.763051629066467285e-01,4.832868576049804688e+00
-5.183179974555969238e-01,-4.267301261425018311e-01
-1.607033729553222656e+00,-4.548932552337646484e+00
5.309730768203735352e-01,3.769281387329101562e+00
-3.082801818847656250e+00,-1.931001782417297363e+00
6.884316802024841309e-01,-7.213934421539306641e+00
-2.355497837066650391e+00,-6.014537811279296875e-01
1.714327216148376465e+00,6.218592524528503418e-01
5.280807614326477051e-02,-1.245877265930175781e+00
-2.998666167259216309e-01,-4.398774147033691406e+00
3.290188550949096680e+00,4.990374565124511719e+00
-3.045143842697143555e+00,-1.871419511735439301e-02
1.600622057914733887e+00,-4.505389213562011719e+00
-2.743253111839294434e-01,-5.834627747535705566e-01
2.943200618028640747e-02,-1.907953739166259766e+00
2.142167806625366211e+00,-5.344220399856567383e-01
-1.584350347518920898e+00,-2.112154722213745117e+00
1.048126578330993652e+00,-9.545326828956604004e-01
1.005378007888793945e+00,-4.311687469482421875e+00
2.241229534149169922e+00,-6.461479663848876953e-01
1.522083997726440430e+00,2.718571662902832031e+00
-1.119651556015014648e+00,-2.724216699600219727e+00
1.049144506454467773e+00,3.633870363235473633e+00
3.161651790142059326e-01,2.884706974029541016e+00
2.958548545837402344e+00,-5.171981453895568848e-01
3.352180242538452148e+00,7.086340904235839844e+00
9.325830936431884766e-01,-1.257154941558837891e+00
1.596896052360534668e+00,-2.571314334869384766e+00
-7.906333208084106445e-01,-1.121457815170288086e+00
-1.886752724647521973e+00,-3.034327745437622070e+00
-9.108061194419860840e-01,-5.329496860504150391e+00
-1.947958111763000488e+00,-4.689565181732177734e+00
-1.558059453964233398e+00,-7.096781253814697266e+00
-5.178868174552917480e-01,5.465662479400634766e+00
4.206577837467193604e-01,-5.541287422180175781e+00
2.425830125808715820e+00,6.951708197593688965e-01
-1.678124427795410156e+00,-5.730087280273437500e+00
-3.340840578079223633e+00,-2.011708498001098633e+00
3.133366584777832031e+00,2.180988550186157227e+00
2.475836724042892456e-01,4.297560214996337891e+00
2.301954030990600586e+00,1.526286363601684570e+00
1.833546161651611328e+00,-8.825044631958007812e-01
3.552124500274658203e-01,1.472168326377868652e+00
-1.833216428756713867e+00,-2.629696607589721680e+00
-9.743055701255798340e-01,1.747705459594726562e+00
1.806560397148132324e+00,-3.347147703170776367e+00
-1.349195003509521484e+00,-4.198756694793701172e+00
-2.236895322799682617e+00,-1.826483249664306641e+00
-3.057156503200531006e-01,5.282474040985107422e+00
1.471362590789794922e+00,2.567516267299652100e-01
-5.887048244476318359e-01,-1.926221847534179688e+00
-3.601892292499542236e-01,3.301739692687988281e+00
-1.256436944007873535e+00,1.451819777488708496e+00
2.761291980743408203e+00,2.412997722625732422e+00
2.022077798843383789e+00,-4.642081737518310547e+00
-2.400480270385742188e+00,-6.550950407981872559e-01
-1.736171722412109375e+00,-2.929304361343383789e+00
1.918183326721191406e+00,3.131289958953857422e+00
-9.104351401329040527e-01,2.946399450302124023e+00
1.179571270942687988e+00,4.265735149383544922e+00
7.773787975311279297e-01,2.904777526855468750e+00
2.173858642578125000e+00,-2.145547389984130859e+00
1.181739807128906250e+00,-3.237843513488769531e+00
-1.132309913635253906e+00,1.862715125083923340e+00
2.402734279632568359e+00,-3.647799015045166016e+00
-1.055451273918151855e+00,3.964354515075683594e+00
1.323432922363281250e+00,-3.315917253494262695e+00
1.598111987113952637e-01,-3.406766891479492188e+00
9.624135494232177734e-01,-1.266726255416870117e+00
-9.318479299545288086e-01,3.129914760589599609e+00
1.874316573143005371e+00,-1.537613272666931152e+00
-1.604899913072586060e-01,-4.825430870056152344e+00
1.543059825897216797e+00,-4.619141817092895508e-01
-2.959498643875122070e+00,-1.657201528549194336e+00
-1.991990804672241211e+00,-2.008263587951660156e+00
-6.539188027381896973e-01,-3.257961034774780273e+00
-2.088696718215942383e+00,-3.041516780853271484e+00
1.704929828643798828e+00,3.293209314346313477e+00
-5.064250230789184570e-01,-2.020175218582153320e+00
1.994707584381103516e+00,2.446586847305297852e+00
2.634842395782470703e+00,-6.764976382255554199e-01
-8.875946998596191406e-01,-5.811581134796142578e+00
-6.544181704521179199e-02,4.615947306156158447e-01
1.038898348808288574e+00,-2.250286102294921875e+00
2.360486030578613281e+00,-2.428373813629150391e+00
1.904885649681091309e+00,5.101272106170654297e+00
-1.675194054841995239e-01,5.810717582702636719e+00
5.790467858314514160e-01,1.802546739578247070e+00
1.174536824226379395e+00,2.140254020690917969e+00
-2.331532478332519531e+00,1.748563647270202637e+00
8.061584830284118652e-01,-7.762715339660644531e+00
7.949037551879882812e-01,-2.756650447845458984e+00
-3.391867578029632568e-01,-7.036114215850830078e+00
-2.492213696241378784e-01,-7.626483917236328125e+00
1.046972721815109253e-01,-2.991486549377441406e+00
1.155811429023742676e+00,-3.099381685256958008e+00
-1.571117192506790161e-01,-5.036412715911865234e+00
-2.425637692213058472e-01,1.696983218193054199e+00
2.515052080154418945e+00,3.406698703765869141e+00
-1.592575073242187500e+00,-8.162317276000976562e-01
-9.382371902465820312e-01,-3.548064470291137695e+00
-5.872138738632202148e-01,2.971287965774536133e+00
-4.910794496536254883e-01,2.065998792648315430e+00
-4.714255630970001221e-01,-4.641365528106689453e+00
1.393454819917678833e-01,-7.142984390258789062e+00
5.533495545387268066e-01,-2.287001848220825195e+00
-8.924550414085388184e-01,-2.696302890777587891e+00
-5.984724164009094238e-01,1.700073242187500000e+00
1.137700155377388000e-01,5.895240902900695801e-01
7.626228332519531250e-01,-8.861618638038635254e-01
-1.665434002876281738e+00,-4.483675062656402588e-01
2.190003395080566406e+00,1.305818557739257812e+00
2.083634138107299805e+00,-5.990675091743469238e-01
-1.755149245262145996e+00,1.891841411590576172e+00
-2.143879890441894531e+00,-5.485277175903320312e+00
2.694996595382690430e+00,2.915275335311889648e+00
-1.254607677459716797e+00,-4.493732452392578125e+00
1.577463626861572266e+00,1.669029831886291504e+00
1.915972352027893066e+00,-2.293865919113159180e+00
-6.529019474983215332e-01,3.732576608657836914e+00
-1.946099847555160522e-01,2.731617450714111328e+00
1.070191860198974609e+00,3.723265409469604492e+00
1.259015321731567383e+00,-2.174543142318725586e+00
-6.333287358283996582e-01,-5.304981231689453125e+00
-7.897259593009948730e-01,5.921579152345657349e-02
-9.412330985069274902e-01,-6.451854705810546875e+00
-5.601838827133178711e-01,4.259119510650634766e+00
1.105838298797607422e+00,-4.004580020904541016e+00
-2.078792333602905273e+00,-3.588420391082763672e+00
1.398418098688125610e-01,6.205512046813964844e+00
-1.870830893516540527e+00,-3.886787891387939453e+00
1.114510536193847656e+00,-1.132197856903076172e+00
-1.295597791671752930e+00,-6.476847648620605469e+00
2.432096958160400391e+00,5.197567343711853027e-01
9.271176904439926147e-02,4.278352558612823486e-01
-7.594694495201110840e-01,-5.940249443054199219e+00
-1.373652696609497070e+00,-2.037905216217041016e+00
6.912933290004730225e-02,-4.117087841033935547e+00
2.389053583145141602e+00,5.682516098022460938e+00
-1.702374100685119629e+00,-1.335398554801940918e+00
2.885795116424560547e+00,7.585119009017944336e-01
6.056575775146484375e-01,-5.517814159393310547e+00
2.219037532806396484e+00,4.237103462219238281e+00
3.176106810569763184e-01,-2.263935804367065430e+00
-1.172323107719421387e+00,1.003593087196350098e+00
-2.352544307708740234e+00,2.737902879714965820e+00
-1.907572984695434570e+00,-4.092404246330261230e-01
3.071168065071105957e-01,-2.394804477691650391e+00
1.469993352890014648e+00,-1.371784567832946777e+00
-1.281099319458007812e+00,-4.104087829589843750e+00
-1.652607440948486328e+00,-7.391531467437744141e-01
1.195013046264648438e+00,2.432974338531494141e+00
2.518731832504272461e+00,3.257910490036010742e+00
6.801772713661193848e-01,4.073465824127197266e+00
-1.107611536979675293e+00,-8.733253479003906250e-01
-9.165391325950622559e-01,-1.922071456909179688e+00
-3.166480064392089844e+00,3.210217654705047607e-01
1.378352999687194824e+00,5.271874904632568359e+00
1.714870691299438477e+00,1.221594214439392090e+00
1.562591314315795898e+00,3.521225214004516602e+00
-9.907319545745849609e-01,-3.850308418273925781e+00
-2.524211883544921875e+00,-5.982415676116943359e+00
-8.065844178199768066e-01,4.027579307556152344e+00
2.946851253509521484e+00,-5.857856273651123047e-01
1.461155533790588379e+00,-4.077972888946533203e+00
-3.365058898925781250e+00,-3.105922698974609375e+00
2.786423206329345703e+00,2.482117891311645508e+00
-2.388651132583618164e+00,-3.251779317855834961e+00
-2.592386722564697266e+00,1.250539898872375488e+00
-1.631397843360900879e+00,1.935436010360717773e+00
2.899251937866210938e+00,-7.697783708572387695e-01
3.524908125400543213e-01,-3.825523555278778076e-01
-1.037223380990326405e-03,1.256494402885437012e+00
-1.935607075691223145e+00,-5.777719497680664062e+00
-1.411592125892639160e+00,4.734273910522460938e+00
1.520362645387649536e-01,4.801911354064941406e+00
2.730285406112670898e+00,6.124580651521682739e-02
-1.610064148902893066e+00,-4.095159471035003662e-01
2.666706144809722900e-01,5.692579746246337891e+00
-2.309078574180603027e-01,-4.466589927673339844e+00
1.202270239591598511e-01,-3.524123132228851318e-01
1.235047653317451477e-01,2.520808696746826172e+00
-1.065807580947875977e+00,4.546094894409179688e+00
-1.648407340049743652e+00,4.814848601818084717e-01
2.138041891157627106e-03,7.932441830635070801e-01
-2.371360659599304199e-01,-2.805498600006103516e+00
-1.908252000808715820e+00,-8.451219201087951660e-01
-2.101539850234985352e+00,-2.238395214080810547e+00
-4.351178109645843506e-01,2.084284067153930664e+00
-7.677838951349258423e-02,3.439245462417602539e+00
-1.386479020118713379e+00,-1.337139904499053955e-01
-3.864437639713287354e-01,-4.070416450500488281e+00
-3.051117897033691406e+00,-9.164534807205200195e-01
-2.344369411468505859e+00,-1.383872926235198975e-01
-2.176037788391113281e+00,-1.389023661613464355e+00
9.474604129791259766e-01,-4.659250259399414062e+00
1.181702986359596252e-01,7.891622781753540039e-01
2.910154819488525391e+00,-5.892201066017150879e-01
-1.747903078794479370e-01,7.359065413475036621e-01
2.310229063034057617e+00,3.019059658050537109e+00
1.278169304132461548e-01,-6.108621597290039062e+00
1.503870248794555664e+00,-1.255320787429809570e+00
1.073764204978942871e+00,-7.523924827575683594e+00
1.863598465919494629e+00,1.388183832168579102e+00
-2.182932615280151367e+00,-1.971659183502197266e+00
2.652251720428466797e+00,5.017885208129882812e+00
-1.394101500511169434e+00,-5.462436676025390625e+00
-7.584587931632995605e-01,-1.197147965431213379e+00
2.109264850616455078e+00,4.328200817108154297e+00
2.518354177474975586e+00,-1.900934219360351562e+00
4.662528336048126221e-01,-5.229938507080078125e+00
4.540391564369201660e-01,-3.717245578765869141e+00
1.394344687461853027e+00,5.901584625244140625e+00
-2.458015680313110352e+00,1.541793107986450195e+00
3.306761085987091064e-01,3.593256950378417969e+00
1.517743587493896484e+00,1.676580190658569336e+00
3.312332153320312500e+00,2.074702262878417969e+00
-2.120208740234375000e+00,3.043392181396484375e+00
2.998830556869506836e+00,-2.575327157974243164e+00
2.082189321517944336e+00,5.416702747344970703e+00
1.327231645584106445e+00,-6.732858180999755859e+00
-6.143926978111267090e-01,-5.001118779182434082e-01
-2.624294519424438477e+00,-4.541953563690185547e+00
-3.027954399585723877e-01,-2.768893241882324219e+00
-9.067998528480529785e-01,4.001079559326171875e+00
-1.271031737327575684e+00,-3.849586009979248047e+00
-1.727929115295410156e-01,5.598413944244384766e-01
-7.538394629955291748e-02,-4.838705062866210938e+00
6.721003055572509766e-01,9.295685887336730957e-01
-2.685087621212005615e-01,-4.297276496887207031e+00
1.599511504173278809e+00,3.435536146163940430e+00
-7.629045844078063965e-01,-4.396774768829345703e+00
-2.151593685150146484e+00,1.193372130393981934e+00
1.453317880630493164e+00,1.492138028144836426e+00
-1.958514928817749023e+00,1.488770008087158203e+00
6.628951430320739746e-01,-6.160415649414062500e+00
-2.055758237838745117e+00,7.996414601802825928e-02
1.809613347053527832e+00,-3.304179668426513672e+00
3.064924240112304688e+00,1.366073608398437500e+00
-8.566100597381591797e-01,-1.108921170234680176e+00
2.144903182983398438e+00,6.989404559135437012e-01
7.985535264015197754e-01,5.524266719818115234e+00
1.659188419580459595e-01,-4.205121695995330811e-01
2.959876060485839844e+00,1.288760304450988770e+00
-6.615028977394104004e-01,-2.870508909225463867e+00
-2.383199214935302734e+00,1.963712096214294434e+00
-1.507184147834777832e+00,-6.574057102203369141e+00
2.917083024978637695e+00,-6.817850470542907715e-01
3.124887943267822266e+00,3.426051378250122070e+00
2.869396924972534180e+00,6.265926837921142578e+00
-1.370157599449157715e+00,-1.298409700393676758e+00
2.187496662139892578e+00,-2.412617444992065430e+00
-1.995348811149597168e+00,6.960335373878479004e-01
-3.309632301330566406e+00,-2.501423358917236328e+00
-1.586364626884460449e+00,-2.341975688934326172e+00
4.165211915969848633e-01,4.985888004302978516e+00
9.319873452186584473e-01,2.423253774642944336e+00
-2.379687786102294922e+00,1.088347434997558594e+00
7.018450498580932617e-01,5.501339912414550781e+00
-2.563587188720703125e+00,-1.552569627761840820e+00
3.696645259857177734e+00,6.748698711395263672e+00
1.883854389190673828e+00,1.204537391662597656e+00
-1.400173455476760864e-01,1.732002258300781250e+00
-6.557645201683044434e-01,-1.774843782186508179e-02
-2.461641579866409302e-01,3.682885885238647461e+00
-1.307182908058166504e-01,3.703290224075317383e+00
-2.202626466751098633e+00,1.231930017471313477e+00
1.672453045845031738e+00,3.319715023040771484e+00
-3.166015863418579102e+00,-1.063683390617370605e+00
1.613584719598293304e-02,5.165507793426513672e+00
-2.531210422515869141e+00,1.711996316909790039e+00
-3.780482709407806396e-01,-9.575217962265014648e-02
-9.349021315574645996e-01,-4.184299945831298828e+00
5.539578199386596680e-01,-1.268300533294677734e+00
5.893469452857971191e-01,-6.069157123565673828e+00
-2.194064855575561523e+00,-2.332536458969116211e+00
3.520255804061889648e+00,1.044666647911071777e+00
5.008929371833801270e-01,4.927425861358642578e+00
-3.115642368793487549e-01,-2.582492589950561523e+00
-1.778421252965927124e-01,4.297828197479248047e+00
1.086937665939331055e+00,-4.818567276000976562e+00
4.485817849636077881e-01,5.831906318664550781e+00
-1.169121026992797852e+00,-2.184830665588378906e+00
-2.659751176834106445e+00,-1.041411399841308594e+00
5.638048648834228516e-01,-2.423715353012084961e+00
-1.733711719512939453e+00,-8.153098821640014648e-01
-3.268962621688842773e+00,-2.772113323211669922e+00
-2.852746248245239258e-01,3.411013364791870117e+00
1.231343626976013184e+00,-5.418861389160156250e+00
-1.001222014427185059e+00,1.792040348052978516e+00
-8.696241378784179688e-01,-1.609107375144958496e+00
-1.718534678220748901e-01,-5.284843921661376953e+00
-1.975488662719726562e+00,-4.177003383636474609e+00
-1.804941177368164062e+00,-3.105571985244750977e+00
-2.103209495544433594e+00,-1.725690960884094238e+00
-1.342210650444030762e+00,-1.945549726486206055e+00
-2.562822818756103516e+00,1.136913895606994629e+00
-2.579853057861328125e+00,-9.324750304222106934e-01
3.475327014923095703e+00,7.332170486450195312e+00
1.201977372169494629e+00,3.470288991928100586e+00
1.738574624061584473e+00,3.586195707321166992e+00
-1.143476963043212891e+00,-4.326263368129730225e-01
-1.133016467094421387e+00,2.950420618057250977e+00
-1.142603158950805664e+00,1.163250327110290527e+00
-9.385613203048706055e-01,3.901285171508789062e+00
1.656494140625000000e+00,5.781827926635742188e+00
-1.465040683746337891e+00,-1.423181891441345215e+00
-2.256318777799606323e-01,4.516410827636718750e+00
1.651736378669738770e+00,-1.587991595268249512e+00
-2.784723281860351562e+00,-3.098410606384277344e+00
3.446515560150146484e+00,7.296257019042968750e+00
5.958124399185180664e-01,5.718709945678710938e+00
-2.510637998580932617e+00,2.660286128520965576e-01
-1.619077920913696289e+00,2.789638042449951172e+00
2.568967580795288086e+00,-2.234879970550537109e+00
-2.970711708068847656e+00,-3.811153888702392578e+00
-2.955133914947509766e+00,-6.120045781135559082e-01
1.074040532112121582e+00,3.668944358825683594e+00
7.142621874809265137e-01,3.790578365325927734e+00
3.395647704601287842e-01,-1.672374248504638672e+00
5.343902111053466797e-01,-9.709842801094055176e-01
6.475402712821960449e-01,3.899398803710937500e+00
-3.509877324104309082e-01,-5.109260559082031250e+00
-2.761982381343841553e-01,3.834017038345336914e+00
1.726895928382873535e+00,1.173566460609436035e+00
-9.642648100852966309e-01,-4.620569229125976562e+00
4.135207533836364746e-01,2.330994158983230591e-01
-2.725201606750488281e+00,1.701020002365112305e+00
2.258518457412719727e+00,-1.418333649635314941e+00
3.123677730560302734e+00,-1.256839990615844727e+00
1.036384701728820801e+00,3.566082715988159180e+00
-1.144598484039306641e+00,1.005911707878112793e+00
1.311990380287170410e+00,4.657641053199768066e-01
-6.595392823219299316e-01,-5.311060428619384766e+00
-1.792472362518310547e+00,-5.074502944946289062e+00
1.250945806503295898e+00,2.580375432968139648e+00
-1.337038636207580566e+00,-1.332536101341247559e+00
1.422856211662292480e+00,1.340076327323913574e+00
-1.170903742313385010e-01,3.762147903442382812e+00
7.154489159584045410e-01,2.866795539855957031e+00
6.252657175064086914e-01,5.777369022369384766e+00
1.508983373641967773e+00,-1.245790839195251465e+00
4.602702260017395020e-01,-5.851866245269775391e+00
2.133234262466430664e+00,4.218691825866699219e+00
2.214900732040405273e+00,-3.680925130844116211e+00
-1.498884916305541992e+00,-3.923652172088623047e+00
1.079661130905151367e+00,-1.982932806015014648e+00
2.172059297561645508e+00,7.166246414184570312e+00
1.208044648170471191e+00,-2.824130535125732422e+00
1.794472455978393555e+00,6.009998321533203125e+00
-2.064479827880859375e+00,1.429482102394104004e+00
1.749620079994201660e+00,3.592197179794311523e+00
2.214813947677612305e+00,6.089585304260253906e+00
1.273478746414184570e+00,3.765243768692016602e+00
-3.088269531726837158e-01,2.573498725891113281e+00
3.727031350135803223e-01,-2.168255329132080078e+00
2.112478762865066528e-01,4.373127937316894531e+00
2.395106792449951172e+00,-3.007387816905975342e-01
-8.372688889503479004e-01,-1.975792407989501953e+00
6.693104505538940430e-01,4.569210529327392578e+00
1.060757279396057129e+00,-3.145415782928466797e+00
-8.161113262176513672e-01,-3.144865512847900391e+00
-1.012091994285583496e+00,-4.502152442932128906e+00
3.412914991378784180e+00,-8.682869672775268555e-01
1.231048107147216797e+00,-1.515669703483581543e+00
3.229481458663940430e+00,1.196372270584106445e+00
-4.849499464035034180e-01,2.928611516952514648e+00
-6.769422292709350586e-01,-5.282155513763427734e+00
4.997273385524749756e-01,-8.884276747703552246e-01
-1.077055931091308594e+00,2.423584647476673126e-02
-4.546626210212707520e-01,-2.107570409774780273e+00
-2.005336284637451172e+00,5.004476308822631836e-01
-5.642811655998229980e-01,-7.306206226348876953e-01
-2.213522672653198242e+00,-2.304651260375976562e+00
2.955660521984100342e-01,3.063427925109863281e+00
-1.486369609832763672e+00,-1.744756817817687988e+00
9.951716661453247070e-02,2.451500892639160156e+00
1.353058695793151855e+00,3.772597312927246094e+00
-1.780825734138488770e+00,-2.160994291305541992e+00
-1.872649192810058594e-01,3.624246358871459961e+00
3.215898990631103516e+00,3.068293809890747070e+00
9.512238502502441406e-01,3.680695772171020508e+00
1.933125019073486328e+00,-8.962509632110595703e-01
3.963659405708312988e-01,3.216021776199340820e+00
-2.098925590515136719e+00,-4.349860548973083496e-01
-3.066422224044799805e+00,-2.407691240310668945e+00
-1.011633396148681641e+00,2.626689195632934570e+00
-6.382194757461547852e-01,-8.087307810783386230e-01
-9.624915122985839844e-01,1.962188363075256348e+00
1.878603100776672363e+00,-2.381416559219360352e+00
1.540560722351074219e+00,4.831629753112792969e+00
2.806668996810913086e+00,7.083731174468994141e+00
1.900748252868652344e+00,1.567358136177062988e+00
1.721666932106018066e+00,3.292949199676513672e-01
1.797967672348022461e+00,2.385846138000488281e+00
-2.697747230529785156e+00,-2.402746438980102539e+00
-8.455741405487060547e-01,-1.272569537162780762e+00
-2.457183599472045898e+00,-3.999248027801513672e+00
7.134428620338439941e-01,-1.053029224276542664e-01
3.536032438278198242e-01,2.292579889297485352e+00
1.194778800010681152e+00,4.099635601043701172e+00
1.827923655509948730e+00,5.050521373748779297e+00
-1.481583118438720703e+00,1.940683484077453613e+00
4.248266518115997314e-01,4.533059597015380859e+00
8.839094042778015137e-01,3.092081308364868164e+00
1.897371649742126465e+00,5.952624082565307617e-01
-2.683968067169189453e+00,1.291756987571716309e+00
2.756322622299194336e+00,2.403789907693862915e-01
4.409788846969604492e-01,-1.924815058708190918e+00
1.817118883132934570e+00,-3.590021371841430664e+00
3.990827083587646484e+00,7.663720846176147461e-01
7.288250923156738281e-01,3.244112730026245117e-01
8.243181705474853516e-01,-4.578228592872619629e-01
2.433312892913818359e+00,1.765162467956542969e+00
1.051857113838195801e+00,4.915863513946533203e+00
1.099514126777648926e+00,-1.982380509376525879e+00
3.381230831146240234e+00,4.674486637115478516e+00
3.786557912826538086e+00,6.808677673339843750e+00
1.760991573333740234e+00,3.749791145324707031e+00
-9.850556254386901855e-01,-3.573257207870483398e+00
1.652459383010864258e+00,-3.500023782253265381e-01
1.765060663223266602e+00,6.450036525726318359e+00
2.878031253814697266e+00,2.336049556732177734e+00
2.156361937522888184e-01,1.949535965919494629e+00
1.421795845031738281e+00,5.784229755401611328e+00
-6.392799019813537598e-01,-5.711191654205322266e+00
1.253322601318359375e+00,5.226204395294189453e+00
7.065744996070861816e-01,-6.022483348846435547e+00
-6.675401329994201660e-02,-1.013613462448120117e+00
3.248812258243560791e-02,-8.819773793220520020e-01
1.487285852432250977e+00,4.304634094238281250e+00
2.159801483154296875e+00,2.891788244247436523e+00
-7.746812105178833008e-01,-2.726822614669799805e+00
3.613393783569335938e+00,9.943640828132629395e-01
-4.979481399059295654e-01,-8.734099566936492920e-02
9.239463806152343750e-01,6.147901535034179688e+00
-9.548704624176025391e-01,3.028647899627685547e+00
2.809185266494750977e+00,4.972957074642181396e-01
-1.710472226142883301e+00,2.479161024093627930e+00
1.449355721473693848e+00,-4.936793327331542969e+00
-2.394629716873168945e-01,-6.487322449684143066e-01
2.456011056900024414e+00,2.240078210830688477e+00
-8.431498408317565918e-01,-5.539261817932128906e+00
-1.785226225852966309e+00,-6.409027576446533203e+00
-1.934703826904296875e+00,2.911218643188476562e+00
1.961754679679870605e+00,5.997453689575195312e+00
1.318406343460083008e+00,-3.118231058120727539e+00
2.103044509887695312e+00,-8.369034528732299805e-01
1.835491806268692017e-01,6.230231285095214844e+00
2.405498325824737549e-01,-4.891520023345947266e+00
-1.216543793678283691e+00,-2.109948158264160156e+00
2.322554588317871094e+00,2.630046129226684570e+00
-3.610057115554809570e+00,-5.812875032424926758e-01
5.329288244247436523e-01,2.003040313720703125e+00
-2.741208791732788086e+00,-5.083289146423339844e+00
1.957072377204895020e+00,4.537906646728515625e+00
-1.222108602523803711e-01,-9.340870976448059082e-01
-2.506538391113281250e+00,5.251749753952026367e-01
2.194380044937133789e+00,-2.062548398971557617e+00
3.068838357925415039e+00,6.409202575683593750e+00
-8.696952462196350098e-01,2.796813547611236572e-01
1.890275478363037109e+00,5.456386566162109375e+00
-9.916481971740722656e-01,-3.799288749694824219e+00
-1.791628152132034302e-01,-3.554656267166137695e+00
-2.575146406888961792e-02,4.190036773681640625e+00
8.982023596763610840e-01,-2.746327877044677734e+00
1.270875573158264160e+00,4.649162769317626953e+00
8.206585049629211426e-01,4.121994972229003906e+00
-2.621619939804077148e+00,-4.714849472045898438e+00
-4.830465912818908691e-01,4.900984764099121094e+00
5.824730992317199707e-01,-1.949474215507507324e-01
8.533000946044921875e-01,-2.709316492080688477e+00
-1.915038585662841797e+00,1.921586632728576660e+00
3.082767426967620850e-01,3.979586064815521240e-02
1.600960969924926758e+00,2.110888957977294922e+00
1.408174753189086914e+00,5.348839759826660156e+00
-1.999459743499755859e+00,1.310503005981445312e+00
-2.430838346481323242e+00,-6.596984863281250000e+00
-2.348711490631103516e+00,1.134180545806884766e+00
-6.269565820693969727e-01,4.330318927764892578e+00
-1.344089984893798828e+00,-5.501997470855712891e-01
8.595666289329528809e-01,3.784765243530273438e+00
3.708534717559814453e+00,3.448695421218872070e+00
1.398343205451965332e+00,-3.086850345134735107e-01
-5.376634001731872559e-01,6.456927657127380371e-01
-1.014490723609924316e+00,5.110113024711608887e-01
-1.445289254188537598e+00,-1.878284931182861328e+00
-1.843494415283203125e+00,-3.607980012893676758e+00
1.818470954895019531e+00,4.294982910156250000e+00
-2.555160045623779297e+00,-4.621719360351562500e+00
8.768708109855651855e-01,-2.460541963577270508e+00
-2.347159385681152344e+00,2.905983209609985352e+00
-1.381411671638488770e+00,-1.495712518692016602e+00
-1.743698477745056152e+00,3.882213830947875977e+00
8.255805969238281250e-01,6.472633779048919678e-02
-3.532333135604858398e+00,-6.874859929084777832e-01
2.399778127670288086e+00,-1.836799979209899902e+00
-6.232860684394836426e-02,3.281821250915527344e+00
8.944053649902343750e-01,4.690371513366699219e+00
-2.019643545150756836e+00,-1.545233249664306641e+00
-2.340831458568572998e-01,-4.469852447509765625e+00
6.617398262023925781e-01,7.987049221992492676e-01
-1.822343468666076660e+00,9.121720790863037109e-01
-1.521514177322387695e+00,-2.989061594009399414e+00
-1.179457783699035645e+00,-1.476234078407287598e+00
2.553975105285644531e+00,6.222870349884033203e-01
2.347698211669921875e+00,3.423067569732666016e+00
3.351943254470825195e+00,-6.016293764114379883e-01
8.448112607002258301e-01,-6.702782511711120605e-01
8.684557676315307617e-01,1.145620465278625488e+00
3.132132887840270996e-01,5.267485141754150391e+00
1.213565230369567871e+00,-1.308221101760864258e+00
1.289193749427795410e+00,-4.636538982391357422e+00
-1.173278212547302246e+00,-2.184543162584304810e-01
-6.935982108116149902e-01,-4.887360572814941406e+00
3.332494199275970459e-01,7.930999994277954102e-01
1.720063447952270508e+00,7.302064299583435059e-01
-1.524318337440490723e+00,2.352481365203857422e+00
-3.429525613784790039e+00,-3.077854156494140625e+00
-6.131915450096130371e-01,2.089093685150146484e+00
1.593965888023376465e+00,-4.595879316329956055e-01
-2.694450616836547852e+00,-1.373427510261535645e+00
4.673373401165008545e-01,5.201387405395507812e+00
-2.146318703889846802e-01,2.791341543197631836e+00
-2.350824832916259766e+00,2.436471283435821533e-01
7.502185106277465820e-01,-7.226678729057312012e-01
-3.872530758380889893e-01,-2.172760725021362305e+00
1.668463200330734253e-01,1.195475310087203979e-01
-1.880382061004638672e+00,1.938781142234802246e+00
6.892591118812561035e-01,-1.801923662424087524e-01
-1.854676842689514160e+00,-5.688127517700195312e+00
-9.643398523330688477e-01,1.850213646888732910e+00
-1.807909369468688965e+00,1.000019788742065430e+00
1.370462059974670410e+00,6.055592060089111328e+00
-2.417273283004760742e+00,2.120860815048217773e+00
-1.684968918561935425e-01,-4.394145011901855469e+00
2.796828269958496094e+00,1.768838047981262207e+00
-2.328066587448120117e+00,-8.463953137397766113e-01
2.077284574508666992e+00,-2.129073619842529297e+00
-2.095707416534423828e+00,-3.797210216522216797e+00
6.755562424659729004e-01,-1.236008882522583008e+00
4.049510955810546875e-01,3.219456672668457031e+00
-1.336120247840881348e+00,-6.003977775573730469e+00
2.212863683700561523e+00,-3.291063547134399414e+00
-2.557802677154541016e+00,4.360606148838996887e-02
2.760391831398010254e-01,1.761989831924438477e+00
-2.677096605300903320e+00,-1.262282371520996094e+00
-1.144887328147888184e+00,-5.962395191192626953e+00
-1.329685449600219727e+00,1.629522800445556641e+00
-1.051721215248107910e+00,-1.772925734519958496e+00
-1.919254183769226074e+00,2.460747480392456055e+00
1.702987790107727051e+00,-2.948048353195190430e+00
9.761131405830383301e-01,-3.559477806091308594e+00
1.984138131141662598e+00,4.374217510223388672e+00
-4.838215410709381104e-01,3.016937017440795898e+00
8.792567253112792969e-01,-2.587880849838256836e+00
-1.356753945350646973e+00,-4.170535564422607422e+00
-2.461518645286560059e-01,-2.950921356678009033e-01
1.577850818634033203e+00,5.885561466217041016e+00
-1.632842659950256348e+00,1.978841185569763184e+00
1.469318747520446777e+00,-3.829340457916259766e+00
-1.839220285415649414e+00,-3.637865304946899414e+00
-9.075235724449157715e-01,1.064620018005371094e+00
1.399575471878051758e+00,-6.633517742156982422e+00
-2.344589471817016602e+00,2.695991516113281250e+00
-2.527318000793457031e+00,-3.211727380752563477e+00
-1.354565382003784180e+00,-4.610535800457000732e-01
-3.058727979660034180e+00,-2.464209556579589844e+00
7.199846506118774414e-01,-2.187873840332031250e+00
-1.570473790168762207e+00,2.619576454162597656e-01
-2.712723053991794586e-02,4.242454528808593750e+00
2.264831781387329102e+00,-1.481513977050781250e+00
-2.849469423294067383e+00,-6.385079026222229004e-01
3.555377483367919922e+00,2.308886647224426270e-01
2.727813482284545898e+00,1.551803112030029297e+00
-1.791962027549743652e+00,-5.189463615417480469e+00
-1.135199703276157379e-02,-3.037095308303833008e+00
7.018831372261047363e-01,2.861065864562988281e+00
-7.445693016052246094e-02,-5.983287334442138672e+00
-1.675618410110473633e+00,3.714040040969848633e+00
-1.247035712003707886e-01,-2.788371145725250244e-01
1.706416010856628418e-01,3.799165189266204834e-01
7.557021379470825195e-01,-2.575339317321777344e+00
5.888086557388305664e-01,-6.044826030731201172e+00
3.306226730346679688e+00,-8.485453128814697266e-01
1.204886555671691895e+00,-6.206475257873535156e+00
7.616901993751525879e-01,8.492711782455444336e-01
-2.479542344808578491e-01,-6.035872459411621094e+00
8.566667884588241577e-02,-4.931417465209960938e+00
5.828565955162048340e-01,-3.332595348358154297e+00
3.092691183090209961e+00,-8.083319067955017090e-01
-6.190955638885498047e-01,2.356166601181030273e+00
1.598912954330444336e+00,5.888662338256835938e+00
1.936752557754516602e+00,2.815435409545898438e+00
-1.548306465148925781e+00,1.050907492637634277e+00
2.238186597824096680e+00,2.289216756820678711e+00
1.994838356971740723e+00,-3.002249002456665039e-01
1.482428193092346191e+00,3.027354001998901367e+00
-5.132300853729248047e-01,-4.818616390228271484e+00
5.072706937789916992e-01,-1.678311228752136230e+00
-1.206187486648559570e+00,-6.691173076629638672e+00
1.776509523391723633e+00,2.526492834091186523e+00
1.565482735633850098e+00,2.011728525161743164e+00
-2.338897705078125000e+00,-9.308970570564270020e-01
1.930398583412170410e+00,6.671172618865966797e+00
-1.883045583963394165e-01,6.496912240982055664e-01
2.101791054010391235e-01,2.848845005035400391e+00
1.448186874389648438e+00,-2.761615276336669922e+00
2.211872041225433350e-01,4.680372714996337891e+00
9.157897830009460449e-01,2.352309465408325195e+00
-8.512494713068008423e-02,-2.201911926269531250e+00
-2.914065420627593994e-01,-7.302992790937423706e-02
-2.446690201759338379e-01,-3.017592668533325195e+00
1.751786231994628906e+00,9.818828701972961426e-01
-1.200859665870666504e+00,-6.171914935111999512e-01
1.317287087440490723e+00,6.196104049682617188e+00
1.812275052070617676e+00,-2.534457683563232422e+00
6.263265013694763184e-01,-4.237700462341308594e+00
-2.219986319541931152e-01,-4.453163623809814453e+00
1.135284781455993652e+00,1.181909918785095215e+00
1.270936012268066406e+00,-1.683223843574523926e+00
2.003638982772827148e+00,-1.630656480789184570e+00
-2.394633531570434570e+00,-3.698720455169677734e+00
1.991616487503051758e-01,4.453226566314697266e+00
2.477591186761856079e-01,-6.236198425292968750e+00
-3.248894691467285156e+00,-1.397013962268829346e-01
2.409056872129440308e-01,-1.484441608190536499e-01
-3.625377178192138672e+00,-8.752089142799377441e-01
1.988749764859676361e-02,-1.804731249809265137e+00
1.933773636817932129e+00,3.909962654113769531e+00
2.146529436111450195e+00,-2.245544672012329102e+00
3.200716376304626465e-01,-8.623161911964416504e-01
1.177428841590881348e+00,8.509109020233154297e-01
-7.589623332023620605e-01,4.489897251129150391e+00
2.156539201736450195e+00,-2.852453708648681641e+00
1.678707003593444824e+00,3.839171648025512695e+00
3.331364393234252930e+00,-8.208327293395996094e-01
-9.589087367057800293e-01,-2.935481965541839600e-01
-1.349818587303161621e+00,5.905314683914184570e-01
-2.162114858627319336e+00,-3.580933809280395508e-02
-5.338937044143676758e-01,-1.194895029067993164e+00
-1.072525978088378906e+00,-2.928334712982177734e+00
-3.298949718475341797e+00,-1.959829688072204590e+00
1.760722398757934570e-01,1.689828991889953613e+00
5.549212098121643066e-01,1.456907153129577637e+00
-2.742535352706909180e+00,-4.443557262420654297e+00
7.958101034164428711e-01,-7.674447894096374512e-01
9.223067760467529297e-01,4.759516716003417969e+00
-8.785109519958496094e-01,-2.960660219192504883e+00
-3.357401117682456970e-02,-3.928313493728637695e+00
-8.549973964691162109e-01,7.361584305763244629e-01
1.025257185101509094e-01,-1.354869246482849121e+00
-5.251585319638252258e-02,-3.864758491516113281e+00
1.786906361579895020e+00,3.041354417800903320e+00
-1.804242372512817383e+00,1.343070030212402344e+00
1.702323406934738159e-01,4.422206401824951172e+00
2.896923720836639404e-01,-3.371436357498168945e+00
-2.385888814926147461e+00,-4.562666416168212891e+00
1.233428716659545898e+00,1.021741628646850586e+00
3.702109813690185547e+00,2.345161914825439453e+00
-1.575797080993652344e+00,-1.374587416648864746e+00
2.285947561264038086e+00,-7.851861119270324707e-01
4.268274784088134766e+00,1.098004341125488281e+00
-1.071175694465637207e+00,2.480254411697387695e+00
-8.919239640235900879e-01,1.445626139640808105e+00
-1.256708502769470215e+00,-5.446466803550720215e-01
-1.396936923265457153e-01,-2.728913784027099609e+00
-1.048122048377990723e+00,3.952371358871459961e+00
1.359223365783691406e+00,-1.664940118789672852e+00
-1.202623963356018066e+00,-1.529201567173004150e-01
1.870370030403137207e+00,-1.505360364913940430e+00
-2.286697179079055786e-01,2.596611261367797852e+00
-3.188537597656250000e+00,-2.239464759826660156e+00
-9.744794368743896484e-01,-2.594383478164672852e+00
-1.818540573120117188e+00,2.666532278060913086e+00
2.716303586959838867e+00,4.025733470916748047e+00
1.019355058670043945e+00,-2.335643291473388672e+00
-1.609811544418334961e+00,-1.521937489509582520e+00
1.654059290885925293e+00,4.886742591857910156e+00
-5.395256727933883667e-02,5.011584758758544922e+00
-2.640355110168457031e+00,8.454140424728393555e-01
1.281892776489257812e+00,3.706046104431152344e+00
1.294627904891967773e+00,2.840597629547119141e+00
-1.128598690032958984e+00,2.921454906463623047e+00
8.057504892349243164e-01,-7.371542453765869141e-01
1.037649035453796387e+00,-5.273210525512695312e+00
-2.315764904022216797e+00,-6.608010768890380859e+00
1.457029342651367188e+00,-6.598355293273925781e+00
9.439581632614135742e-01,-6.771304130554199219e+00
2.156275361776351929e-01,-5.460895299911499023e-01
1.399141311645507812e+00,1.096403241157531738e+00
1.805351138114929199e+00,-1.116189837455749512e+00
-3.083765506744384766e-01,2.829979181289672852e+00
-2.910122632980346680e+00,1.276055216789245605e+00
-1.008647680282592773e+00,1.771263241767883301e+00
-1.135172247886657715e+00,-7.072786092758178711e-01
-3.505492448806762695e+00,-5.598909854888916016e-01
1.167175054550170898e+00,-2.629544258117675781e+00
-8.097405433654785156e-01,-5.945532321929931641e+00
-1.359152317047119141e+00,1.585012912750244141e+00
-5.306172370910644531e-01,7.764654755592346191e-01
7.317808866500854492e-01,-9.736109375953674316e-01
-2.175736427307128906e+00,-1.549193143844604492e+00
-9.516736865043640137e-01,6.151009798049926758e-01
-1.868381023406982422e+00,-9.261000752449035645e-01
8.266221880912780762e-01,-5.770152091979980469e+00
-2.407879114151000977e+00,4.883966743946075439e-01
-1.370432376861572266e+00,-3.353197574615478516e+00
-2.509644269943237305e+00,1.721738576889038086e+00
1.619393706321716309e+00,1.226382374763488770e+00
3.731241524219512939e-01,-3.389509677886962891e+00
2.050624847412109375e+00,-1.727629780769348145e+00
1.237795948982238770e+00,-1.996569633483886719e+00
-2.122542142868041992e+00,-2.668701171875000000e+00
-2.211060762405395508e+00,-2.279521465301513672e+00
-1.396797776222229004e+00,-6.301078796386718750e+00
1.280596494674682617e+00,6.280383586883544922e+00
1.353127479553222656e+00,2.654090166091918945e+00
-5.090038776397705078e-01,1.982312321662902832e+00
-1.688278093934059143e-02,1.312024593353271484e+00
-2.581508457660675049e-01,-7.612777709960937500e+00
-1.026200056076049805e+00,2.889944314956665039e+00
-1.447694063186645508e+00,3.788578987121582031e+00
1.409133076667785645e+00,1.537593007087707520e+00
-3.332495391368865967e-01,-1.082517981529235840e+00
6.093810200691223145e-01,-6.183378219604492188e+00
2.081642858684062958e-02,5.137290954589843750e+00
5.704414844512939453e-01,4.972343921661376953e+00
7.411096096038818359e-01,-1.580513238906860352e+00
1.100377321243286133e+00,-7.526160240173339844e+00
2.669999301433563232e-01,2.420102804899215698e-01
-3.139334022998809814e-01,5.002824783325195312e+00
1.529819846153259277e+00,-1.350135564804077148e+00
3.485559701919555664e+00,1.651342272758483887e+00
2.053948163986206055e+00,6.733163356781005859e+00
-3.431992053985595703e+00,-1.621169447898864746e+00
3.872098922729492188e-01,-8.754137754440307617e-01
-2.086171805858612061e-01,-6.363543510437011719e+00
-8.962727785110473633e-01,-3.871894121170043945e+00
2.465243488550186157e-01,-1.219020605087280273e+00
3.714226722717285156e+00,5.091835498809814453e+00
5.752303600311279297e-01,3.630827665328979492e+00
-2.390344440937042236e-01,-8.332348465919494629e-01
-2.108683586120605469e+00,2.243253469467163086e+00
1.115091890096664429e-01,-5.387657165527343750e+00
3.722250759601593018e-01,2.434652805328369141e+00
1.777344465255737305e+00,2.753121376037597656e+00
1.833428025245666504e+00,-1.470157504081726074e-01
-1.705948710441589355e+00,2.500924348831176758e+00
-2.946977376937866211e+00,1.253766417503356934e+00
-1.994821786880493164e+00,-2.174584865570068359e+00
1.600082993507385254e+00,2.135572671890258789e+00
-2.300729513168334961e+00,1.532395005226135254e+00
-2.403195381164550781e+00,5.503043532371520996e-01
-6.162260174751281738e-01,4.077704906463623047e+00
1.969820261001586914e+00,-5.059520006179809570e-01
-1.522050261497497559e+00,-1.601533293724060059e+00
-2.108519077301025391e+00,-2.777932643890380859e+00
2.240515202283859253e-01,-8.505387306213378906e-01
-8.098949193954467773e-01,-1.517752707004547119e-01
9.853674471378326416e-02,-1.098938435316085815e-01
1.677117586135864258e+00,3.645741224288940430e+00
-1.463472604751586914e+00,9.041411876678466797e-01
2.339534997940063477e+00,-1.609754711389541626e-01
5.162516832351684570e-01,4.484186649322509766e+00
1.155867934226989746e+00,4.850132465362548828e+00
2.027021408081054688e+00,4.709703922271728516e+00
-2.258168220520019531e+00,-6.033082485198974609e+00
-1.098235417157411575e-02,-6.664928913116455078e+00
-1.598135828971862793e+00,-1.480868577957153320e+00
-8.903204798698425293e-01,2.653734683990478516e-01
2.046664237976074219e+00,2.157306194305419922e+00
-1.470186829566955566e+00,-4.726695060729980469e+00
-3.339598655700683594e+00,-2.648078680038452148e+00
3.423853635787963867e+00,1.633527159690856934e+00
1.898841381072998047e+00,-3.573270559310913086e+00
-1.088419437408447266e+00,1.708573818206787109e+00
-7.066844701766967773e-01,-6.073088049888610840e-01
-2.478414058685302734e+00,-2.530926227569580078e+00
4.197090268135070801e-01,3.840528011322021484e+00
1.425946593284606934e+00,5.888110160827636719e+00
2.679831027984619141e+00,1.839402675628662109e+00
-3.686384439468383789e+00,-6.606029868125915527e-01
-2.594044923782348633e+00,3.081872761249542236e-01
1.359879732131958008e+00,3.092868566513061523e+00
-1.841711044311523438e+00,-1.833372831344604492e+00
-7.273787260055541992e-01,3.725930452346801758e+00
7.750205993652343750e-01,5.255286216735839844e+00
-7.321528196334838867e-01,4.179215908050537109e+00
1.856902122497558594e+00,-1.462711691856384277e-01
-3.414809226989746094e+00,-1.471893042325973511e-01
3.700493335723876953e+00,2.275706529617309570e-01
-1.116699576377868652e+00,3.820317983627319336e-01
-2.622023820877075195e+00,7.957744598388671875e-01
1.110044360160827637e+00,-1.744858622550964355e+00
-8.506221771240234375e-01,-7.889189720153808594e-01
-2.255831003189086914e+00,-4.173612117767333984e+00
8.984673023223876953e-01,-4.717596054077148438e+00
3.721949100494384766e+00,6.585260868072509766e+00
2.496958017349243164e+00,2.781688451766967773e+00
-1.770625233650207520e+00,-5.015885829925537109e-02
-2.579986333847045898e+00,-1.219017028808593750e+00
3.185589075088500977e+00,6.332691192626953125e+00
-2.984153032302856445e+00,1.156327366828918457e+00
4.852459132671356201e-01,3.698122799396514893e-01
-7.287544608116149902e-01,1.087711453437805176e+00
-2.734936714172363281e+00,-3.121602535247802734e+00
-1.703439474105834961e+00,-2.970270395278930664e+00
-2.465108871459960938e+00,-4.391098022460937500e+00
2.571219444274902344e+00,2.389658689498901367e-01
-1.077309131622314453e+00,-2.880069732666015625e+00
1.588174104690551758e+00,3.846413791179656982e-01
-1.747242093086242676e+00,-4.776760578155517578e+00
-2.471115350723266602e+00,-3.901221275329589844e+00
-1.136514544486999512e+00,2.870245218276977539e+00
-1.639713644981384277e+00,-4.441013813018798828e+00
-1.439158439636230469e+00,1.609570503234863281e+00
-3.047308444976806641e+00,-6.989713311195373535e-01
1.545868873596191406e+00,3.927976131439208984e+00
-1.079569935798645020e+00,-3.662658452987670898e+00
3.036467552185058594e+00,5.540825366973876953e+00
-1.643801569938659668e+00,-9.392209053039550781e-01
3.422019720077514648e+00,4.406451284885406494e-01
2.352942824363708496e-01,-2.962778210639953613e-01
-1.963539481163024902e+00,7.563551068305969238e-01
8.626408576965332031e-01,5.971579551696777344e+00
1.825660705566406250e+00,-2.685850143432617188e+00
1.168217658996582031e+00,-5.815265774726867676e-01
3.255827128887176514e-01,-3.046201467514038086e+00
1.288377404212951660e+00,3.135596752166748047e+00
-3.149014711380004883e+00,-2.499145641922950745e-02
1.060923099517822266e+00,-4.948817253112792969e+00
-2.642748117446899414e+00,-3.724857091903686523e+00
1.832975864410400391e+00,5.383219242095947266e+00
1.559075713157653809e+00,-2.104030847549438477e+00
-9.910614490509033203e-01,3.147818088531494141e+00
3.026059865951538086e+00,1.668886780738830566e+00
2.882978677749633789e+00,1.343837738037109375e+00
4.117747247219085693e-01,8.152143955230712891e-01
-1.039497613906860352e+00,-3.631013631820678711e+00
-2.864795029163360596e-01,7.192857861518859863e-01
-2.467033565044403076e-01,-5.215135097503662109e+00
1.192391395568847656e+00,4.598961353302001953e+00
6.750491857528686523e-01,-2.403475284576416016e+00
4.518667161464691162e-01,4.449204921722412109e+00
5.035821199417114258e-01,-5.561651706695556641e+00
2.043339014053344727e+00,2.699323415756225586e+00
-1.387491226196289062e+00,1.453482627868652344e+00
1.921106100082397461e+00,2.903651714324951172e+00
-2.411258816719055176e-01,-3.497707128524780273e+00
3.411341190338134766e+00,-1.086306571960449219e+00
1.327943921089172363e+00,5.449399948120117188e+00
1.719473958015441895e+00,-2.384918928146362305e+00
-1.905520677566528320e+00,-2.317788839340209961e+00
-1.677212595939636230e+00,-7.076154708862304688e+00
-3.765876770019531250e+00,-1.849453806877136230e+00
1.904582738876342773e+00,2.318879127502441406e+00
3.008024454116821289e+00,8.927925825119018555e-01
2.365118503570556641e+00,-1.364855527877807617e+00
-2.034971714019775391e+00,-1.065389275550842285e+00
2.477479457855224609e+00,1.766212344169616699e+00
9.097602963447570801e-01,-2.825808525085449219e+00
2.727978944778442383e+00,1.822656512260437012e+00
-2.894957065582275391e+00,-2.678490877151489258e+00
2.356770277023315430e+00,1.391979575157165527e+00
8.392375111579895020e-01,3.222750425338745117e+00
7.935268282890319824e-01,2.214559167623519897e-01
1.362645387649536133e+00,-2.102034807205200195e+00
-1.562837123870849609e+00,-8.138208985328674316e-01
-1.721501827239990234e+00,-4.459455966949462891e+00
-3.045330941677093506e-01,-2.273553133010864258e+00
1.090357452630996704e-01,-3.598905324935913086e+00
1.303429365158081055e+00,1.152030348777770996e+00
1.945274591445922852e+00,-3.326330661773681641e+00
-2.397185087203979492e+00,3.444821238517761230e-01
6.206780076026916504e-01,-3.519876480102539062e+00
-1.124578639864921570e-01,6.377655863761901855e-01
5.362454056739807129e-01,2.194428682327270508e+00
2.417824745178222656e+00,5.822225570678710938e+00
-1.084511876106262207e+00,-1.267916917800903320e+00
-2.511337518692016602e+00,1.369208574295043945e+00
-2.981667518615722656e+00,-2.513543128967285156e+00
3.355949163436889648e+00,9.652014374732971191e-01
3.193728446960449219e+00,3.337653636932373047e+00
-5.194778442382812500e-01,-6.641682982444763184e-01
1.285816580057144165e-01,-7.196252346038818359e+00
4.060062468051910400e-01,-6.350790977478027344e+00
-4.485121965408325195e-01,3.927342653274536133e+00
-9.126794338226318359e-01,3.555422425270080566e-01
-1.571463644504547119e-01,3.925628662109375000e+00
3.574153184890747070e+00,6.937971591949462891e+00
-2.262616872787475586e+00,1.212722897529602051e+00
1.346311688423156738e+00,1.954030036926269531e+00
3.021533966064453125e+00,1.426681756973266602e+00
5.600259900093078613e-01,-7.274530827999114990e-02
-1.239828541874885559e-01,1.135846734046936035e+00
-3.311882495880126953e+00,-2.411713123321533203e+00
1.637960195541381836e+00,4.644447803497314453e+00
2.684720039367675781e+00,2.508007526397705078e+00
1.088447451591491699e+00,2.241588354110717773e+00
1.103652954101562500e+00,-7.545556545257568359e+00
6.983509063720703125e-01,4.102969646453857422e+00
-2.556200921535491943e-01,-1.993922948837280273e+00
-1.322445750236511230e+00,-2.129254937171936035e-01
3.646411180496215820e+00,3.572355031967163086e+00
-2.669519901275634766e+00,2.808402776718139648e+00
2.311896383762359619e-01,-3.377660989761352539e+00
1.156103730201721191e+00,4.297350406646728516e+00
9.821102619171142578e-01,1.290354609489440918e+00
3.800601482391357422e+00,4.361031532287597656e+00
-2.077130794525146484e+00,2.106471300125122070e+00
1.469464302062988281e+00,-1.399770975112915039e+00
-7.967191748321056366e-03,1.412138819694519043e+00
1.879323720932006836e-01,-4.515337944030761719e+00
-6.572165489196777344e-01,-5.149296283721923828e+00
4.031719565391540527e-01,3.117944478988647461e+00
8.290310502052307129e-01,-6.223109245300292969e+00
9.948211312294006348e-01,-3.453090786933898926e-01
-3.450311422348022461e-01,-2.823364257812500000e+00
-3.363854885101318359e+00,-1.983766436576843262e+00
-1.855116128921508789e+00,-6.443999409675598145e-01
3.134442806243896484e+00,5.680997848510742188e+00
-2.114109754562377930e+00,-5.207180500030517578e+00
-1.688226819038391113e+00,1.000640749931335449e+00
1.267569303512573242e+00,3.133211374282836914e+00
1.779657959938049316e+00,3.746270418167114258e+00
2.178189754486083984e+00,6.981910228729248047e+00
7.735788226127624512e-01,8.436833620071411133e-01
1.005392909049987793e+00,-1.963544726371765137e+00
-3.022927641868591309e-01,2.540734529495239258e+00
-2.056460857391357422e+00,3.724002540111541748e-01
1.418240904808044434e+00,2.663717031478881836e+00
6.428287029266357422e-01,-4.025357663631439209e-01
3.722562313079833984e+00,6.759729862213134766e+00
-7.034093141555786133e-01,4.397360324859619141e+00
2.960740804672241211e+00,6.293502330780029297e+00
-1.694605112075805664e+00,-5.080619812011718750e+00
3.180627584457397461e+00,1.301288127899169922e+00
-1.585496187210083008e+00,-1.447987318038940430e+00
1.383980035781860352e+00,-8.248832821846008301e-01
-1.601223111152648926e+00,-4.639992237091064453e+00
-3.011696636676788330e-01,5.373171329498291016e+00
-2.703792333602905273e+00,-4.358280181884765625e+00
2.391894578933715820e+00,2.528507709503173828e+00
-4.102306962013244629e-01,3.000280380249023438e+00
-4.335980117321014404e-01,1.062186241149902344e+00
-2.025347471237182617e+00,-1.585709929466247559e+00
1.561555504798889160e+00,1.176970958709716797e+00
-4.257094264030456543e-01,1.726610422134399414e+00
-1.807122349739074707e+00,-3.640008687973022461e+00
7.307165861129760742e-01,4.080661296844482422e+00
-4.555830359458923340e-01,1.088250875473022461e+00
2.918852806091308594e+00,-6.428285837173461914e-01
-1.704467058181762695e+00,3.933276891708374023e+00
1.825936913490295410e+00,7.894787788391113281e-01
2.070867776870727539e+00,-3.042309284210205078e-01
5.820957422256469727e-01,-7.474402785301208496e-01
-1.535143017768859863e+00,-1.252496242523193359e+00
-2.229385614395141602e+00,2.783780097961425781e+00
-1.452322483062744141e+00,-8.122234344482421875e-01
-1.572379589080810547e+00,-1.329821228981018066e+00
-1.873616576194763184e+00,-2.631650865077972412e-01
1.188586831092834473e+00,2.488545417785644531e+00
-9.236353635787963867e-02,2.563367128372192383e+00
9.661027044057846069e-02,-6.445205688476562500e+00
-7.579482197761535645e-01,-5.965021610260009766e+00
-2.315413475036621094e+00,3.077931165695190430e+00
2.322068065404891968e-01,1.451905846595764160e+00
-1.474359035491943359e+00,8.127353340387344360e-02
-1.060540437698364258e+00,3.265357971191406250e+00
-5.627480745315551758e-01,1.467219233512878418e+00
2.391509294509887695e+00,6.848744869232177734e+00
9.657568298280239105e-03,-4.256588459014892578e+00
2.782953739166259766e+00,-1.455151677131652832e+00
1.352169513702392578e+00,5.551999211311340332e-01
-2.741856276988983154e-01,-1.940353512763977051e+00
2.576651573181152344e+00,-2.374248027801513672e+00
-1.590782642364501953e+00,-4.893068313598632812e+00
-2.535015344619750977e-01,-6.877717971801757812e-01
1.210217833518981934e+00,3.421249866485595703e+00
7.651586085557937622e-02,1.511346697807312012e+00
-8.440681695938110352e-01,-7.253793716430664062e+00
-8.871218562126159668e-01,-1.314184546470642090e+00
-4.385319650173187256e-01,-3.338907659053802490e-01
3.708157777786254883e+00,6.560503959655761719e+00
-9.945025444030761719e-01,-6.346892714500427246e-01
8.892031311988830566e-01,2.351037740707397461e+00
-2.032477140426635742e+00,1.565994739532470703e+00
-2.284429073333740234e+00,1.859147429466247559e+00
5.480728149414062500e-01,1.834255218505859375e+00
-1.514294147491455078e+00,-6.802774429321289062e+00
1.319967389106750488e+00,7.318294644355773926e-01
1.207904100418090820e+00,-3.854629755020141602e+00
2.227702617645263672e+00,-1.755699992179870605e+00
1.667382359504699707e+00,8.815475106239318848e-01
3.643937408924102783e-01,3.098686218261718750e+00
-1.861010789871215820e+00,-4.903140068054199219e+00
1.289298653602600098e+00,4.596406519412994385e-01
-3.213548898696899414e+00,-8.614954352378845215e-01
4.224374890327453613e-01,-6.865715026855468750e+00
-1.499547719955444336e+00,-1.454052209854125977e+00
-1.042890071868896484e+00,-5.267815589904785156e+00
-9.745270609855651855e-01,-1.678193092346191406e+00
-7.122363448143005371e-01,3.307953119277954102e+00
2.816038131713867188e+00,1.348774552345275879e+00
3.662823140621185303e-01,-4.612836539745330811e-01
-1.088084936141967773e+00,-6.599363327026367188e+00
4.878112077713012695e-01,4.450611591339111328e+00
-1.301378369331359863e+00,3.045619964599609375e+00
-2.458338499069213867e+00,1.774898767471313477e+00
6.137123703956604004e-01,-2.603538334369659424e-01
1.960691213607788086e+00,2.752186775207519531e+00
-2.222108602523803711e+00,-5.287617683410644531e+00
1.972595214843750000e+00,4.422860622406005859e+00
-1.273204535245895386e-01,-5.460940361022949219e+00
1.004708051681518555e+00,-5.188653469085693359e+00
-1.232979416847229004e+00,4.027337729930877686e-01
2.517529964447021484e+00,-1.572870612144470215e+00
-3.048154592514038086e+00,-3.059349536895751953e+00
6.423693299293518066e-01,-5.762006282806396484e+00
6.031140089035034180e-01,5.374040126800537109e+00
1.297829508781433105e+00,-4.764690399169921875e+00
-2.038303613662719727e+00,1.112193465232849121e+00
1.581050395965576172e+00,-4.346117377281188965e-01
-1.258994698524475098e+00,-1.203779458999633789e+00
1.333456158638000488e+00,1.403768897056579590e+00
1.249882936477661133e+00,3.496029615402221680e+00
-8.120948076248168945e-01,1.524875164031982422e+00
2.245176076889038086e+00,6.150900363922119141e+00
-2.410619705915451050e-01,-1.796473622322082520e+00
-5.100331902503967285e-01,-2.648606538772583008e+00
1.296196222305297852e+00,-1.708397388458251953e+00
-5.835018754005432129e-01,-5.201991081237792969e+00
-1.129448413848876953e+00,-4.545316219329833984e+00
1.232999205589294434e+00,2.772411823272705078e+00
2.515801414847373962e-02,-6.027735471725463867e-01
-1.459294557571411133e+00,-6.607558727264404297e+00
-2.298620223999023438e+00,-9.885853528976440430e-01
1.732204705476760864e-01,-2.362060070037841797e+00
-1.014394760131835938e+00,-6.650421142578125000e+00
1.730283737182617188e+00,6.639868736267089844e+00
1.087909340858459473e+00,-3.247279167175292969e+00
7.639368772506713867e-01,3.355576753616333008e+00
4.967805743217468262e-01,5.405429363250732422e+00
1.697352290153503418e+00,3.867596685886383057e-01
8.496428728103637695e-01,3.215964317321777344e+00
-1.385224461555480957e+00,-1.987593650817871094e+00
1.761395573616027832e+00,-2.162477731704711914e+00
-4.424175024032592773e-01,-2.073221445083618164e+00
-1.826431393623352051e+00,-7.845227718353271484e-01
1.585114359855651855e+00,6.744791984558105469e+00
3.304597854614257812e+00,-1.168527007102966309e+00
-1.562052011489868164e+00,-8.734116554260253906e-01
1.906461358070373535e+00,-2.999857187271118164e+00
-6.843751668930053711e-01,3.111591748893260956e-02
-1.417538642883300781e+00,-5.306006431579589844e+00
-6.852132678031921387e-01,-2.636878490447998047e+00
-3.875140249729156494e-01,2.907041788101196289e+00
7.685168385505676270e-01,5.277842521667480469e+00
2.808987379074096680e+00,7.158045291900634766e+00
1.577419638633728027e+00,5.002027988433837891e+00
-2.063820600509643555e+00,-2.319483280181884766e+00
5.191917419433593750e-01,1.855369955301284790e-01
1.350645422935485840e-01,1.074358597397804260e-01
2.641987562179565430e+00,2.722845792770385742e+00
2.408795118331909180e+00,6.866392135620117188e+00
1.062307357788085938e+00,1.702169299125671387e+00
-1.004686713218688965e+00,9.103168845176696777e-01
6.735748648643493652e-01,1.960829019546508789e+00
-8.438642024993896484e-01,1.475495815277099609e+00
-5.805391669273376465e-01,-6.908652782440185547e-01
-1.638299226760864258e+00,-2.397369384765625000e+00
-1.725065350532531738e+00,1.213481426239013672e+00
2.729126691818237305e+00,6.153677701950073242e-01
-1.644738674163818359e+00,4.601625204086303711e-01
1.540810346603393555e+00,3.974362611770629883e+00
-9.916295409202575684e-01,3.945705175399780273e+00
1.151351213455200195e+00,-5.772696137428283691e-01
1.523139595985412598e+00,-4.566874027252197266e+00
1.993472099304199219e+00,-6.486145853996276855e-01
4.471139013767242432e-01,-3.451619148254394531e-01
1.095730304718017578e+00,1.821515083312988281e+00
1.410412788391113281e-01,-1.098957896232604980e+00
-8.417966961860656738e-01,-9.047855734825134277e-01
6.183646917343139648e-01,1.693952083587646484e+00
-2.777894735336303711e+00,-3.380448102951049805e+00
1.473011169582605362e-02,-1.947758793830871582e+00
2.178393006324768066e-01,-1.730306267738342285e+00
1.452939987182617188e+00,1.450644850730895996e+00
-2.196302860975265503e-01,-5.737867355346679688e-01
-1.378376126289367676e+00,2.603468418121337891e+00
-1.208967566490173340e+00,-2.754423618316650391e+00
2.144718408584594727e+00,1.964380025863647461e+00
2.253686904907226562e+00,4.312007427215576172e+00
6.093344092369079590e-01,-5.727322578430175781e+00
-1.131004095077514648e+00,-3.545755863189697266e+00
2.104900777339935303e-01,-8.063952922821044922e-01
2.107633590698242188e+00,-1.758708596229553223e+00
2.052142858505249023e+00,5.423634529113769531e+00
-6.517585515975952148e-01,4.719292640686035156e+00
-2.560635805130004883e+00,-1.805731415748596191e+00
-3.015069246292114258e+00,-3.734477996826171875e+00
-5.969250798225402832e-01,7.664600014686584473e-01
5.541197061538696289e-01,-3.654817104339599609e+00
-2.017367362976074219e+00,-1.500283837318420410e+00
5.471584200859069824e-01,-2.531744956970214844e+00
-1.219914793968200684e+00,1.490923881530761719e+00
3.762929916381835938e+00,5.728961944580078125e+00
-9.833750873804092407e-02,-5.718831419944763184e-01
-2.446262538433074951e-01,3.285536527633666992e+00
1.481639146804809570e+00,3.485003232955932617e+00
-1.138393878936767578e+00,-9.244122505187988281e-01
3.983842134475708008e-01,-1.188708543777465820e+00
2.640937089920043945e+00,2.277261257171630859e+00
-5.317718386650085449e-01,2.410398244857788086e+00
-7.371627092361450195e-01,-3.541118860244750977e+00
1.472478032112121582e+00,3.321103096008300781e+00
-2.376258820295333862e-01,4.528876781463623047e+00
2.711856842041015625e+00,-9.044196009635925293e-01
1.841349601745605469e+00,1.629128754138946533e-01
1.182258605957031250e+00,5.753282546997070312e+00
5.919380858540534973e-02,4.411003589630126953e+00
-1.663388133049011230e+00,-1.461667776107788086e+00
-1.527945756912231445e+00,9.036127924919128418e-01
-3.633832633495330811e-01,-2.419932782649993896e-01
2.821054458618164062e+00,-1.485533565282821655e-01
-9.563091993331909180e-01,-3.691967725753784180e-01
-1.264042615890502930e+00,-1.999975323677062988e+00
-1.308210790157318115e-01,6.511176824569702148e-01
1.278093934059143066e+00,-2.217793703079223633e+00
2.024195194244384766e+00,-1.843219518661499023e+00
-4.618496596813201904e-01,-3.993873119354248047e+00
1.558433532714843750e+00,1.231447339057922363e+00
-1.013918399810791016e+00,-4.143184185028076172e+00
1.996945858001708984e+00,-4.614316940307617188e+00
1.691557168960571289e+00,-1.030346274375915527e+00
-2.533161401748657227e+00,-9.677281230688095093e-02
-5.735085606575012207e-01,9.276530742645263672e-01
3.047993421554565430e+00,4.795867919921875000e+00
-2.422991752624511719e+00,-3.037203550338745117e+00
-9.332681298255920410e-01,2.188994884490966797e+00
-1.542162418365478516e+00,2.376332283020019531e+00
1.232474327087402344e+00,-1.227708697319030762e+00
-6.513213515281677246e-01,-9.422778487205505371e-01
-1.924301981925964355e+00,1.750331997871398926e+00
2.276207447052001953e+00,6.111166000366210938e+00
2.885688841342926025e-01,1.002650737762451172e+00
1.069011688232421875e+00,3.618332862854003906e+00
1.348593831062316895e-01,-3.374012708663940430e-01
7.150425016880035400e-02,-2.198458671569824219e+00
6.026634573936462402e-01,-3.189383029937744141e+00
-3.334227323532104492e+00,-2.487718820571899414e+00
2.058152437210083008e+00,2.836349725723266602e+00
-2.238070249557495117e+00,1.295917749404907227e+00
2.919496502727270126e-03,8.159181475639343262e-01
-5.327800288796424866e-02,-4.898248672485351562e+00
-1.558717966079711914e+00,-2.433940410614013672e+00
1.033567070960998535e+00,2.271512508392333984e+00
2.429996728897094727e+00,-1.677163839340209961e+00
1.519002318382263184e+00,2.055091381072998047e+00
-1.964092969894409180e+00,2.040902376174926758e+00
2.265074551105499268e-01,1.592465639114379883e+00
1.351672410964965820e-01,-2.363035202026367188e+00
-7.815129756927490234e-01,5.073320865631103516e+00
-1.512226939201354980e+00,1.077800750732421875e+00
-1.919371366500854492e+00,1.991901159286499023e+00
-4.787126481533050537e-01,7.764700651168823242e-01
-2.802313268184661865e-01,-2.577668428421020508e+00
-3.292881011962890625e+00,-1.010272741317749023e+00
-1.940959811210632324e+00,-7.279473543167114258e-02
2.250901699066162109e+00,-8.987111598253250122e-02
-2.772416114807128906e+00,-4.477385997772216797e+00
1.875553846359252930e+00,-2.482906341552734375e+00
-2.391983270645141602e+00,-6.684618949890136719e+00
-2.831150531768798828e+00,-1.681461811065673828e+00
-4.288443624973297119e-01,-1.981341958045959473e+00
5.916123837232589722e-02,-6.628869056701660156e+00
-7.095144391059875488e-01,-2.912321805953979492e+00
2.767918348312377930e+00,7.255659103393554688e+00
2.673274993896484375e+00,5.342201232910156250e+00
-4.683486223220825195e-01,4.777073860168457031e+00
2.627272367477416992e+00,-2.456940174102783203e+00
1.579908490180969238e+00,3.065165877342224121e-01
-1.381233334541320801e+00,2.490005493164062500e+00
5.061011910438537598e-01,-4.693944931030273438e+00
1.094629406929016113e+00,-1.999729752540588379e+00
1.476649999618530273e+00,4.195647716522216797e+00
1.400769901275634766e+01,-3.077935600280761719e+01
-2.046092748641967773e-01,4.569633960723876953e+00
1.562185049057006836e+00,4.924748241901397705e-01
1.899466753005981445e+00,6.023272037506103516e+00
5.830160379409790039e-01,5.271875381469726562e+00
-1.105198025703430176e+00,1.728407859802246094e+00
-3.204283714294433594e-01,4.928127527236938477e-01
-1.783537387847900391e+00,-5.530901908874511719e+00
-1.432311981916427612e-01,4.146458148956298828e+00
4.089518785476684570e-01,8.014882802963256836e-01
-1.375154972076416016e+00,1.672991663217544556e-01
1.846796393394470215e+00,2.203978896141052246e-01
3.399574995040893555e+00,7.312291145324707031e+00
-1.071914359927177429e-01,-3.383911550045013428e-01
-1.880428433418273926e+00,-2.057226657867431641e+00
2.812155485153198242e+00,2.328381538391113281e+00
4.846915006637573242e-01,-2.754854679107666016e+00
-2.929780006408691406e+00,4.924628436565399170e-01
2.788417577743530273e+00,3.931517601013183594e+00
-3.123120367527008057e-01,2.045240402221679688e+00
-2.220987558364868164e+00,-3.339740037918090820e-01
-7.651443481445312500e-01,-2.207866609096527100e-01
1.636177897453308105e+00,3.594379663467407227e+00
-1.488504767417907715e+00,-4.277909278869628906e+00
-3.053957700729370117e+00,-2.369401931762695312e+00
-1.444010496139526367e+00,3.652865648269653320e+00
-1.082703590393066406e+00,-5.991147041320800781e+00
-7.400415837764739990e-02,4.565916538238525391e+00
-2.087326049804687500e+00,-2.781686544418334961e+00
-2.754595994949340820e+00,-8.386999964714050293e-01
1.086878418922424316e+00,-2.552150785923004150e-01
-3.027738332748413086e+00,-9.204389452934265137e-01
2.236912250518798828e+00,5.662786960601806641e+00
-3.522420525550842285e-01,1.982933759689331055e+00
8.303646445274353027e-01,5.622362613677978516e+00
6.247748136520385742e-01,-7.650044560432434082e-01
1.725191593170166016e+00,-1.555948853492736816e+00
7.444117665290832520e-01,-1.646682620048522949e+00
-1.428727954626083374e-01,-6.082013130187988281e+00
1.845231294631958008e+00,-2.369397282600402832e-01
1.520994424819946289e+00,4.158767223358154297e+00
-9.654898047447204590e-01,-3.770707130432128906e+00
2.156517654657363892e-01,-3.544783115386962891e+00
-4.719912409782409668e-01,-4.634255409240722656e+00
1.118103146553039551e+00,9.609187245368957520e-01
2.187704890966415405e-01,-2.436850786209106445e+00
1.915377229452133179e-01,-7.042111396789550781e+00
1.528307557106018066e+00,3.351087093353271484e+00
-2.033774137496948242e+00,6.479398608207702637e-01
2.217795610427856445e+00,-2.247468709945678711e+00
-9.626146554946899414e-01,2.754230260848999023e+00
-2.158391237258911133e+00,1.013908743858337402e+00
-1.619323492050170898e+00,-3.678463697433471680e-01
-2.413376092910766602e+00,1.932127594947814941e+00
2.137211799621582031e+00,5.758572220802307129e-01
1.113874077796936035e+00,-2.310989856719970703e+00
-1.180956125259399414e+00,-1.054735183715820312e+00
-1.543735027313232422e+00,1.049665451049804688e+00
3.368915557861328125e+00,1.447207212448120117e+00
3.977443873882293701e-01,-4.041230201721191406e+00
2.389531612396240234e+00,6.600059986114501953e+00
-2.660377740859985352e+00,-4.546218872070312500e+00
-3.386344015598297119e-01,2.504724740982055664e+00
5.835035443305969238e-01,5.544876456260681152e-01
8.144099116325378418e-01,6.759986877441406250e-01
1.399074077606201172e+00,6.661833763122558594e+00
-2.478209882974624634e-01,2.216577291488647461e+00
2.155324459075927734e+00,1.168928027153015137e+00
3.977935791015625000e+00,6.959169507026672363e-01
1.945001602172851562e+00,-3.497025728225708008e+00
-1.430024623870849609e+00,1.364526152610778809e+00
-5.182712674140930176e-01,-1.029260978102684021e-01
-3.678630590438842773e-01,1.538955807685852051e+00
-2.434888184070587158e-01,-1.898593068122863770e+00
-3.285654067993164062e+00,-4.346510410308837891e+00
2.679631948471069336e+00,-7.522059082984924316e-01
-2.300697088241577148e+00,1.270327687263488770e+00
-2.239255905151367188e+00,-8.029363155364990234e-01
2.212782859802246094e+00,1.781409263610839844e+00
6.099759340286254883e-01,3.068750619888305664e+00
-2.444370090961456299e-02,-7.520061492919921875e+00
-2.248487949371337891e+00,-1.958755254745483398e+00
3.261043429374694824e-01,5.807176589965820312e+00
-2.094571590423583984e+00,5.890913605690002441e-01
1.392759680747985840e+00,4.382334709167480469e+00
-2.389506816864013672e+00,-5.490022897720336914e-01
-1.563951373100280762e+00,2.812860488891601562e+00
6.508783102035522461e-01,-1.952570825815200806e-01
-6.529706120491027832e-01,4.331779003143310547e+00
3.678105399012565613e-02,-2.724493503570556641e+00
1.527057409286499023e+00,4.033909797668457031e+00
5.834006667137145996e-01,4.677412509918212891e+00
-6.804528832435607910e-01,-3.501379966735839844e+00
1.909593582153320312e+00,5.054654598236083984e+00
5.386191010475158691e-01,3.367636442184448242e+00
1.062660336494445801e+00,6.158164978027343750e+00
-1.147788882255554199e+00,2.748071432113647461e+00
2.074713230133056641e+00,1.414701938629150391e+00
2.411309957504272461e+00,-2.469329237937927246e-01
4.238017797470092773e-01,3.948079824447631836e+00
-2.296520709991455078e+00,-6.774658560752868652e-01
1.064646057784557343e-02,-2.938710212707519531e+00
-1.485146641731262207e+00,-9.113619327545166016e-01
9.602575302124023438e-01,-2.272606611251831055e+00
-2.552258491516113281e+00,-2.241404533386230469e+00
8.212583661079406738e-01,-2.053517580032348633e+00
-8.185679316520690918e-01,9.239732623100280762e-01
6.154258251190185547e-01,-1.276554465293884277e+00
7.126844525337219238e-01,5.136321783065795898e-01
1.545219421386718750e+00,2.686561822891235352e+00
-2.013185501098632812e+00,-4.177723824977874756e-01
-1.172574639320373535e+00,-1.773995757102966309e+00
1.662997722625732422e+00,3.862631797790527344e+00
1.363520145416259766e+00,-5.244394302368164062e+00
-2.305902719497680664e+00,1.691252350807189941e+00
1.430388808250427246e+00,-6.596872806549072266e+00
2.548732280731201172e+00,3.047694683074951172e+00
-8.235977888107299805e-01,2.567179799079895020e-01
4.732116162776947021e-01,1.931263208389282227e-01
8.582589030265808105e-02,3.417329072952270508e+00
1.481157690286636353e-01,-1.576098084449768066e+00
1.013481497764587402e+00,1.392655849456787109e+00
1.398507356643676758e+00,-5.263113498687744141e+00
2.954881191253662109e+00,-1.436405181884765625e-01
-7.938860654830932617e-01,1.879359364509582520e+00
-1.240266084671020508e+00,4.214498996734619141e+00
3.366730511188507080e-01,-3.301547765731811523e+00
-8.175013065338134766e-01,4.474051952362060547e+00
9.023476243019104004e-01,2.300775766372680664e+00
1.935418546199798584e-01,2.137649774551391602e+00
-1.921791434288024902e+00,-7.035797238349914551e-01
-7.367479205131530762e-01,-1.295290470123291016e+00
4.467317461967468262e-02,-5.462197303771972656e+00
-4.306313693523406982e-01,3.877717971801757812e+00
9.341531991958618164e-01,-4.653027057647705078e+00
-9.933507442474365234e-01,3.047411441802978516e+00
1.230857729911804199e+00,-1.173947453498840332e+00
-9.838281273841857910e-01,-2.751386404037475586e+00
9.717854261398315430e-01,4.751086711883544922e+00
7.247427105903625488e-01,-2.639554813504219055e-02
2.496271610260009766e+00,2.473973751068115234e+00
1.966077566146850586e+00,-8.208768814802169800e-02
-6.413230299949645996e-01,1.612600564956665039e+00
-2.669458627700805664e+00,-2.862648487091064453e+00
3.371218204498291016e+00,9.148417115211486816e-01
-3.501542329788208008e+00,-1.267419338226318359e+00
4.137746095657348633e-01,3.406953096389770508e+00
-1.114418745040893555e+00,3.859780550003051758e+00
3.765016794204711914e+00,3.406736135482788086e+00
1.087385773658752441e+00,2.571216583251953125e+00
-1.783988118171691895e+00,3.819146156311035156e+00
2.116952657699584961e+00,2.349527120590209961e+00
-4.016017019748687744e-01,6.033166646957397461e-01
2.542984485626220703e-01,-1.123341917991638184e+00
2.041525840759277344e+00,3.579816579818725586e+00
-4.800259768962860107e-01,-3.929096221923828125e+00
-1.544303417205810547e+00,4.620398044586181641e+00
2.662874937057495117e+00,5.877302646636962891e+00
-1.618263244628906250e+00,1.058691382408142090e+00
2.441858768463134766e+00,-1.088407874107360840e+00
-2.616293668746948242e+00,1.984620094299316406e+00
2.129435300827026367e+00,-6.015268564224243164e-01
-5.905903577804565430e-01,1.050492048263549805e+00
-3.014636754989624023e+00,-5.689183473587036133e-01
2.461977720260620117e+00,1.943688511848449707e+00
-7.565966248512268066e-01,2.883079767227172852e+00
-1.355253577232360840e+00,2.709215879440307617e+00
-1.704270601272583008e+00,4.359617531299591064e-01
-3.534494400024414062e+00,-7.068808078765869141e-01
9.737660884857177734e-01,2.351056814193725586e+00
8.808214068412780762e-01,1.337323904037475586e+00
1.841090992093086243e-02,2.333943605422973633e+00
-1.337252020835876465e+00,-6.270529747009277344e+00
-1.469567775726318359e+00,-6.673621177673339844e+00
2.292063236236572266e+00,6.672948837280273438e+00
-3.762033581733703613e-01,-3.937286853790283203e+00
-7.343574166297912598e-01,-6.753824710845947266e+00
4.363702833652496338e-01,-6.822735667228698730e-01
-8.953437805175781250e-01,-3.634629011154174805e+00
1.525541424751281738e+00,4.290745258331298828e+00
9.145163297653198242e-01,-8.589291572570800781e-01
1.769353598356246948e-01,-7.773654460906982422e-01
-1.824467256665229797e-02,-3.206357955932617188e-01
-3.625827789306640625e+00,-9.476089477539062500e-01
-1.377986907958984375e+00,1.487526670098304749e-02
-2.238884925842285156e+00,-6.847596727311611176e-03
-1.059177756309509277e+00,8.222059607505798340e-01
1.278964281082153320e+00,-1.951451659202575684e+00
-2.867903470993041992e+00,-4.348933219909667969e+00
5.308530926704406738e-01,2.841920614242553711e+00
-3.285930156707763672e+00,-4.365911483764648438e+00
6.081702113151550293e-01,5.880223274230957031e+00
2.152712106704711914e+00,7.165235042572021484e+00
1.650276660919189453e+00,-4.756411552429199219e+00
-8.709223270416259766e-01,-2.771541833877563477e+00
-2.413134098052978516e+00,-1.398385405540466309e+00
-1.808802723884582520e+00,-2.248290061950683594e+00
5.343520641326904297e-01,9.451030492782592773e-01
-1.352446079254150391e+00,6.498483419418334961e-01
-9.295956492424011230e-01,1.100320935249328613e+00
2.040896892547607422e+00,-1.592802047729492188e+00
-8.891666531562805176e-01,-3.383163213729858398e+00
2.703831911087036133e+00,5.997316241264343262e-01
-3.028874158859252930e+00,-4.474330902099609375e+00
2.971253395080566406e+00,-9.996485710144042969e-01
-6.893038153648376465e-01,4.188030719757080078e+00
2.648327112197875977e+00,1.322336673736572266e+00
-1.108362972736358643e-01,-6.079890251159667969e+00
2.672086238861083984e+00,-1.013843789696693420e-01
1.171818256378173828e+00,4.576592445373535156e+00
-3.238646686077117920e-01,-1.102570146322250366e-01
-2.050117015838623047e+00,6.090922355651855469e-01
-1.789106965065002441e+00,9.351632595062255859e-01
2.405445814132690430e+00,5.157380104064941406e+00
-1.655924320220947266e+00,1.947552561759948730e+00
3.315938234329223633e+00,2.292454957962036133e+00
-6.288291811943054199e-01,1.419003486633300781e+00
-4.444415867328643799e-01,2.391023874282836914e+00
5.900177955627441406e-01,3.797335147857666016e+00
-1.804451107978820801e+00,-4.679835319519042969e+00
1.529309868812561035e+00,-1.032677769660949707e+00
8.384153842926025391e-01,-3.575057387351989746e-01
1.898486137390136719e+00,4.252601146697998047e+00
2.860190391540527344e+00,1.452419638633728027e+00
2.375949144363403320e+00,1.945811152458190918e+00
1.364838242530822754e+00,2.127837419509887695e+00
-9.962848424911499023e-01,3.496002674102783203e+00
1.060148477554321289e+00,5.593873500823974609e+00
2.897204875946044922e+00,-5.689653754234313965e-01
4.383378922939300537e-01,8.625977039337158203e-01
2.137924730777740479e-01,4.479464054107666016e+00
1.443350195884704590e+00,5.512821197509765625e+00
-1.456591367721557617e+00,1.389728546142578125e+00
1.751501709222793579e-01,3.742943525314331055e+00
2.357277631759643555e+00,-6.641954928636550903e-02
-2.503730773925781250e+00,-6.414798259735107422e+00
4.322949409484863281e+00,1.068349957466125488e+00
2.708770930767059326e-01,-1.205715894699096680e+00
1.033466577529907227e+00,-2.387560129165649414e+00
1.810543298721313477e+00,2.489813327789306641e+00
2.249519824981689453e+00,7.053111076354980469e+00
1.213237643241882324e-01,-9.309200048446655273e-01
1.516474246978759766e+00,7.019333243370056152e-01
2.136785268783569336e+00,6.144685268402099609e+00
6.058000922203063965e-01,1.699811369180679321e-01
1.219132065773010254e+00,-5.578489899635314941e-01
1.789038896560668945e+00,5.005925893783569336e-01
1.728273630142211914e+00,8.959777355194091797e-01
-2.027956724166870117e+00,5.914778709411621094e-01
-1.705596923828125000e+00,-4.038646221160888672e+00
9.562504291534423828e-01,5.879068374633789062e+00
2.694858610630035400e-01,4.345475673675537109e+00
9.936844706535339355e-01,1.083995461463928223e+00
1.262215375900268555e+00,6.229395866394042969e+00
-2.815840840339660645e-01,-4.410402297973632812e+00
-1.838815927505493164e+00,3.409803390502929688e+00
-2.138899087905883789e+00,2.212365388870239258e+00
2.191349267959594727e+00,7.803132534027099609e-01
-1.865058660507202148e+00,-3.800056219100952148e+00
2.256775379180908203e+00,3.381877422332763672e+00
3.608016014099121094e+00,1.011975049972534180e+00
-9.001258611679077148e-01,-7.354328632354736328e+00
1.583004295825958252e-01,2.918159246444702148e+00
-1.766804099082946777e+00,-4.202747821807861328e+00
-1.056802392005920410e+00,3.275631189346313477e+00
3.625073134899139404e-01,5.843256473541259766e+00
1.021610736846923828e+00,3.689725160598754883e+00
-1.261010169982910156e+00,1.866025805473327637e+00
1.525092363357543945e+00,1.519540309906005859e+00
1.378970503807067871e+00,7.343177795410156250e-01
2.117856740951538086e+00,2.128584235906600952e-01
1.328427433967590332e+00,3.659073591232299805e+00
-1.045402646064758301e+00,-2.641895532608032227e+00
3.975237011909484863e-01,5.439126968383789062e+00
1.568567156791687012e+00,4.865453243255615234e+00
1.624142289161682129e+00,5.831592559814453125e+00
-1.538124442100524902e+00,-4.305783271789550781e+00
3.300442695617675781e-01,-5.804399013519287109e+00
-1.458579063415527344e+00,9.936512708663940430e-01
3.019063949584960938e+00,1.551502466201782227e+00
3.546531796455383301e-01,3.705682039260864258e+00
-4.748139977455139160e-01,-1.361088871955871582e+00
3.238000392913818359e+00,3.010598659515380859e+00
2.364214181900024414e+00,1.746894359588623047e+00
1.514411807060241699e+00,1.839956164360046387e+00
-4.605149626731872559e-01,8.275229334831237793e-01
1.049254298210144043e+00,1.823428988456726074e+00
-1.618928462266921997e-02,1.427516460418701172e+00
2.588413715362548828e+00,5.636939048767089844e+00
-1.918532490730285645e+00,2.126839399337768555e+00
-1.079787090420722961e-01,8.081329464912414551e-01
-1.067434787750244141e+00,-1.164719343185424805e+00
-1.516022562980651855e+00,1.423225283622741699e+00
3.335752487182617188e+00,4.796741008758544922e+00
2.254124879837036133e+00,6.345141530036926270e-01
2.622762441635131836e+00,2.849081993103027344e+00
-1.542845726013183594e+00,-6.732009410858154297e+00
1.912253499031066895e+00,3.079404234886169434e-01
-9.580682516098022461e-01,4.643132686614990234e+00
9.472579509019851685e-02,2.839724540710449219e+00
4.185124859213829041e-02,3.372813224792480469e+00
2.390578091144561768e-01,4.643126010894775391e+00
1.186082601547241211e+00,-2.236794948577880859e+00
-5.126194953918457031e-01,3.868184804916381836e+00
2.705943107604980469e+00,1.923123240470886230e+00
8.144649863243103027e-01,-4.706122875213623047e+00
1.439646631479263306e-01,5.509453415870666504e-01
9.257465004920959473e-01,1.672458887100219727e+00
1.231144428253173828e+00,-6.529115438461303711e-01
-2.106818437576293945e+00,-3.271871805191040039e+00
-1.145415186882019043e+00,-1.988324642181396484e+00
-3.057051420211791992e+00,-4.747791290283203125e+00
4.256033897399902344e-01,1.107313036918640137e+00
4.726579785346984863e-01,1.853103518486022949e+00
9.486327171325683594e-01,1.447442412376403809e+00
1.978301763534545898e+00,-1.500349402427673340e+00
2.061322450637817383e+00,1.386325120925903320e+00
-1.778062880039215088e-01,9.540133178234100342e-02
5.377838611602783203e-01,-1.031501054763793945e+00
-3.059526532888412476e-02,2.961129188537597656e+00
-1.351503491401672363e+00,-1.368556737899780273e+00
1.261430978775024414e-01,-7.501512169837951660e-01
1.293351175263524055e-03,-1.058444857597351074e+00
4.125311076641082764e-01,2.426515519618988037e-01
1.144791603088378906e+00,-5.003476619720458984e+00
7.047656774520874023e-01,1.751923680305480957e+00
-2.625963687896728516e+00,3.091675043106079102e-01
9.510418772697448730e-01,1.442885994911193848e+00
1.486461162567138672e-01,4.354074001312255859e+00
3.000160694122314453e+00,7.201716423034667969e+00
-1.421726584434509277e+00,-3.828464984893798828e+00
6.668959856033325195e-01,-3.139413118362426758e+00
1.356967687606811523e-01,2.517997503280639648e+00
2.152610301971435547e+00,-1.859551548957824707e+00
7.166842222213745117e-01,-1.477780640125274658e-01
1.027038216590881348e+00,5.414677262306213379e-01
2.280091196298599243e-01,-2.122487306594848633e+00
-3.411743938922882080e-01,1.856026768684387207e+00
1.430102437734603882e-01,5.268456339836120605e-01
2.105070590972900391e+00,2.434617519378662109e+00
-1.688965797424316406e+00,2.763689756393432617e+00
3.403588533401489258e-01,-5.622961997985839844e+00
1.376558542251586914e-01,-3.546704053878784180e+00
1.858879923820495605e+00,2.362957000732421875e+00
2.076375484466552734e-01,2.793763399124145508e+00
1.421470284461975098e+00,-2.863384723663330078e+00
2.315949916839599609e+00,2.979327678680419922e+00
-9.723050594329833984e-01,-3.456462547183036804e-02
5.636807680130004883e-01,8.651176095008850098e-01
1.121109962463378906e+00,4.142964363098144531e+00
-2.949724495410919189e-01,3.719491243362426758e+00
-5.927903652191162109e-01,-5.333085536956787109e+00
1.763404965400695801e+00,1.476454883813858032e-01
-2.017164707183837891e+00,3.013097286224365234e+00
-1.733612895011901855e+00,1.495652198791503906e+00
-3.039978027343750000e+00,-2.539196491241455078e+00
-1.176195979118347168e+00,-1.934311628341674805e+00
-8.259200453758239746e-01,-2.210189819335937500e+00
-1.628917098045349121e+00,4.078863143920898438e+00
-1.578137755393981934e+00,-3.865964412689208984e+00
2.670297622680664062e+00,1.768721938133239746e+00
-5.399881601333618164e-01,-7.746122479438781738e-01
6.200540065765380859e-02,3.719852447509765625e+00
3.396725177764892578e+00,1.142360925674438477e+00
1.785787343978881836e+00,3.625567197799682617e+00
1.722531199455261230e+00,-1.187374949455261230e+00
-1.962938547134399414e+00,-4.773509979248046875e+00
2.966961622238159180e+00,3.404543638229370117e+00
3.047716379165649414e+00,1.463299751281738281e+00
-3.028872966766357422e+00,-9.734622240066528320e-01
-8.869299888610839844e-01,-2.877446651458740234e+00
-2.084617137908935547e+00,-4.494289159774780273e-01
-5.661916136741638184e-01,-4.944444179534912109e+00
2.766226232051849365e-01,3.851438999176025391e+00
7.393038868904113770e-01,-3.778103113174438477e+00
-9.838119149208068848e-01,3.897208452224731445e+00
-1.150850415229797363e+00,9.927595853805541992e-01
7.428634166717529297e-01,-6.680998802185058594e+00
2.854440927505493164e+00,-1.304625511169433594e+00
-2.477761030197143555e+00,-1.828320324420928955e-01
3.384892642498016357e-01,6.520024538040161133e-01
2.373068183660507202e-01,5.420690536499023438e+00
-8.762388825416564941e-01,-3.567605018615722656e+00
1.394852876663208008e+00,9.603888988494873047e-01
2.985161781311035156e+00,6.398212909698486328e+00
-5.611855387687683105e-01,9.605973362922668457e-01
9.336273670196533203e-01,2.288728952407836914e+00
7.773656398057937622e-02,-5.023062705993652344e+00
1.013567805290222168e+00,-8.119592070579528809e-01
2.142978191375732422e+00,7.192445278167724609e+00
3.014020025730133057e-01,-4.261199951171875000e+00
2.212809324264526367e+00,5.668680667877197266e+00
-5.607948899269104004e-01,-8.064746260643005371e-01
-2.755103826522827148e+00,-5.766704559326171875e+00
-1.597973585128784180e+00,-3.108702600002288818e-01
-4.963412880897521973e-01,-6.642164707183837891e+00
4.176106452941894531e+00,6.589185237884521484e+00
9.445328712463378906e-01,1.618093013763427734e+00
-7.347235083580017090e-01,2.574895322322845459e-02
1.838141679763793945e+00,-1.827925294637680054e-01
4.263455867767333984e+00,1.039797663688659668e+00
-4.000720977783203125e-01,3.865284442901611328e+00
8.414890766143798828e-01,6.279394626617431641e+00
4.643821716308593750e-01,-3.987877845764160156e+00
1.685947060585021973e+00,-1.565047740936279297e+00
-3.320390582084655762e-01,2.382940530776977539e+00
1.320505142211914062e+00,4.795798301696777344e+00
-3.163280189037322998e-01,3.514854907989501953e+00
-6.110535860061645508e-01,-1.312079548835754395e+00
2.360008358955383301e-01,2.030637264251708984e+00
6.505393385887145996e-01,-1.855138540267944336e-01
-1.013221979141235352e+00,2.888434648513793945e+00
3.180001497268676758e+00,4.837230145931243896e-01
1.135337471961975098e+00,3.392160832881927490e-01
-3.102067708969116211e-01,-4.198040813207626343e-02
2.803003787994384766e+00,1.883492350578308105e+00
-1.837597608566284180e+00,-4.843581676483154297e+00
4.396634697914123535e-01,1.285719275474548340e-01
3.127225875854492188e+00,6.413055896759033203e+00
-1.162096023559570312e+00,1.139429926872253418e+00
6.816918849945068359e-01,1.197741508483886719e+00
-3.601871728897094727e-01,-2.503670692443847656e+00
1.387707352638244629e+00,2.282184660434722900e-01
-9.567356109619140625e-01,4.655880451202392578e+00
2.159085988998413086e+00,3.528976678848266602e+00
-9.350668787956237793e-01,-1.824432425200939178e-02
7.907930016517639160e-01,1.023435235023498535e+00
1.709727406501770020e+00,-5.028578639030456543e-01
1.369536817073822021e-01,1.476825237274169922e+00
-1.470742464065551758e+00,1.417769670486450195e+00
1.955351233482360840e+00,5.974686145782470703e+00
1.707228183746337891e+00,-7.474188208580017090e-01
-1.063261985778808594e+00,1.064340710639953613e+00
5.601271986961364746e-01,-4.475851058959960938e+00
9.147728681564331055e-01,6.203065395355224609e+00
1.927978157997131348e+00,-1.062450408935546875e+00
-8.077225685119628906e-01,-7.053110599517822266e+00
-7.921679615974426270e-01,8.737137913703918457e-01
-1.725240230560302734e+00,5.448759198188781738e-01
1.146240115165710449e+00,4.231914997100830078e+00
-6.337103843688964844e-01,4.454981803894042969e+00
-2.643422365188598633e+00,8.405455946922302246e-01
4.487096369266510010e-01,5.160897374153137207e-01
6.348611116409301758e-01,4.340322971343994141e+00
-5.523782968521118164e-01,-2.039979934692382812e+00
1.563613176345825195e+00,4.199175357818603516e+00
-1.498290061950683594e+00,-4.558124065399169922e+00
-1.052621901035308838e-01,1.693730115890502930e+00
1.950382828712463379e+00,4.950705528259277344e+00
-1.199864745140075684e+00,1.775217056274414062e+00
8.661416769027709961e-01,-2.617512226104736328e+00
1.798904091119766235e-01,1.939844846725463867e+00
-1.578580975532531738e+00,-3.962264060974121094e+00
-1.739165484905242920e-01,-6.269280612468719482e-02
2.787189185619354248e-01,3.656089305877685547e+00
3.015102148056030273e+00,6.319656372070312500e+00
-6.606648564338684082e-01,2.057848691940307617e+00
-3.471556663513183594e+00,-2.004085540771484375e+00
-7.246524691581726074e-01,3.278060913085937500e+00
-1.790748715400695801e+00,9.425621032714843750e-01
8.577948808670043945e-02,3.225672006607055664e+00
1.424382925033569336e+00,2.157328605651855469e+00
1.855696797370910645e+00,5.943140983581542969e+00
2.339596748352050781e+00,-8.671667426824569702e-02
2.197636604309082031e+00,-2.399017095565795898e+00
1.551454901695251465e+00,2.221854686737060547e+00
1.236636877059936523e+00,1.619143605232238770e+00
9.013301692903041840e-03,2.873755455017089844e+00
-1.122769474983215332e+00,-2.163173437118530273e+00
5.228831171989440918e-01,-3.711805105209350586e+00
-1.024373173713684082e+00,8.938608765602111816e-01
-3.283825635910034180e+00,-2.027333736419677734e+00
1.460367798805236816e+00,2.990513086318969727e+00
-1.552669525146484375e+00,2.726670980453491211e+00
2.384490013122558594e+00,5.717878341674804688e+00
3.001410722732543945e+00,4.190382480621337891e+00
3.324970901012420654e-01,8.849540352821350098e-01
2.277219295501708984e+00,6.425393223762512207e-01
1.261745929718017578e+00,4.276007652282714844e+00
2.991784572601318359e+00,9.180262684822082520e-01
-1.430624246597290039e+00,-5.528974533081054688e+00
-2.034343719482421875e+00,-5.559144020080566406e+00
-2.030990123748779297e+00,-4.280595302581787109e+00
-3.035880923271179199e-01,-6.870178580284118652e-01
-1.160389900207519531e+00,4.440133094787597656e+00
-2.218349695205688477e+00,-4.357731342315673828e-01
5.216433405876159668e-01,5.196771144866943359e+00
1.782651543617248535e+00,-3.256356716156005859e+00
-9.043067693710327148e-01,-5.649824619293212891e+00
-9.212623834609985352e-01,1.692569494247436523e+00
3.363235712051391602e+00,1.912161588668823242e+00
-2.309225797653198242e+00,-3.997975826263427734e+00
2.266343832015991211e+00,3.597386777400970459e-01
-2.864350557327270508e+00,-1.859294295310974121e+00
-2.212548255920410156e+00,3.414605930447578430e-02
2.217844963073730469e+00,6.104760646820068359e+00
2.911535978317260742e+00,-4.438599944114685059e-01
-1.896646380424499512e+00,6.232192516326904297e-01
-3.480293154716491699e-01,6.020700931549072266e-01
-1.719485819339752197e-01,2.257226467132568359e+00
3.024243831634521484e+00,1.264384984970092773e+00
6.504354476928710938e-01,-1.929347991943359375e+00
6.406890749931335449e-01,9.776600003242492676e-01
-9.168694019317626953e-01,8.380986452102661133e-01
-2.238527059555053711e+00,8.390896916389465332e-01
-1.226903557777404785e+00,9.204429984092712402e-01
1.215845108032226562e+00,-1.219884157180786133e+00
-9.189401865005493164e-01,-4.630134105682373047e+00
9.038293734192848206e-03,-3.431504249572753906e+00
6.946467757225036621e-01,-9.466043710708618164e-01
1.982194781303405762e+00,2.434475183486938477e+00
1.524894356727600098e+00,5.300769805908203125e+00
-1.892022013664245605e+00,-2.907292604446411133e+00
-5.257532000541687012e-01,-1.072839260101318359e+00
1.568275451660156250e+00,-2.820576727390289307e-01
1.093374490737915039e+00,-3.304176568984985352e+00
3.445642471313476562e+00,-1.057555675506591797e+00
-7.319061756134033203e-01,5.930976271629333496e-01
4.095383286476135254e-01,3.274691820144653320e+00
1.320382952690124512e+00,2.656486511230468750e+00
7.820822000503540039e-01,3.350517749786376953e+00
3.179295539855957031e+00,6.319221496582031250e+00
-3.989852368831634521e-01,1.104521393775939941e+00
-1.728124618530273438e-01,2.229727983474731445e+00
1.174800872802734375e+00,4.290234088897705078e+00
7.482687830924987793e-01,8.611657023429870605e-01
-2.552572488784790039e-01,-8.817102313041687012e-01
-2.955050945281982422e+00,-3.833987951278686523e+00
-9.035105109214782715e-01,-3.889336347579956055e+00
8.352864384651184082e-01,3.997508049011230469e+00
-3.146241188049316406e+00,-1.726451396942138672e+00
9.484186172485351562e-01,3.694870710372924805e+00
-1.790071964263916016e+00,-8.806316852569580078e-01
-1.579036712646484375e+00,-1.139872550964355469e+00
-7.354465126991271973e-01,-3.138042211532592773e+00
1.079832077026367188e+00,4.307015419006347656e+00
2.503901004791259766e+00,-1.120432972908020020e+00
-6.919907927513122559e-01,-5.445196151733398438e+00
-3.571926057338714600e-01,1.729108214378356934e+00
-2.444596767425537109e+00,-1.937411129474639893e-01
-1.526961088180541992e+00,-6.373624324798583984e+00
1.302922844886779785e+00,5.022142887115478516e+00
1.272314667701721191e+00,-2.163283348083496094e+00
3.167938232421875000e+00,9.659809470176696777e-01
-1.332036107778549194e-01,-2.451385974884033203e+00
1.435383319854736328e+00,3.015103578567504883e+00
-1.310883998870849609e+00,-1.167315721511840820e+00
-1.646787405014038086e+00,-2.249422669410705566e-01
-7.639185786247253418e-01,-3.533073186874389648e+00
2.468616247177124023e+00,4.126980781555175781e+00
-4.375324025750160217e-02,-1.709780216217041016e+00
-1.100284576416015625e+00,3.134419769048690796e-02
-9.792799353599548340e-01,3.662877976894378662e-01
-1.519689917564392090e+00,1.429109334945678711e+00
-1.072965979576110840e+00,-2.055113792419433594e+00
-3.231711387634277344e-01,-5.885502099990844727e-01
-1.603444814682006836e+00,-3.166144847869873047e+00
-2.518014669418334961e+00,-4.745876312255859375e+00
1.817699074745178223e+00,1.279396533966064453e+00
4.364255368709564209e-01,-2.744359672069549561e-01
7.983928322792053223e-01,-7.367976307868957520e-01
-2.238539457321166992e+00,-3.260900020599365234e+00
-1.319358587265014648e+00,3.926911592483520508e+00
-2.287805795669555664e+00,-2.300010681152343750e+00
-1.567620187997817993e-01,9.787870571017265320e-03
5.601154565811157227e-01,9.991363883018493652e-01
-1.168131351470947266e+00,4.341857433319091797e+00
3.308227539062500000e+00,1.096718788146972656e+00
-8.456030488014221191e-01,-1.321994066238403320e+00
-2.427384853363037109e+00,-1.348955869674682617e+00
-3.599206924438476562e+00,-5.966765284538269043e-01
-8.997558355331420898e-01,-3.568110167980194092e-01
1.283572793006896973e+00,5.248861789703369141e+00
-1.532577872276306152e+00,-1.369700193405151367e+00
1.358146190643310547e+00,3.036348342895507812e+00
2.864463090896606445e+00,1.950226873159408569e-01
6.724985241889953613e-01,2.767461061477661133e+00
-2.143256425857543945e+00,-2.395197868347167969e+00
-8.608146309852600098e-01,-3.985807180404663086e+00
5.378996133804321289e-01,-1.527751207351684570e+00
2.260547876358032227e-01,2.559336662292480469e+00
-2.040344029664993286e-01,4.562790393829345703e+00
-7.636526226997375488e-01,-6.979356288909912109e+00
2.174381971359252930e+00,2.956353187561035156e+00
-4.113389849662780762e-01,-4.019709587097167969e+00
3.097230911254882812e+00,2.759768724441528320e+00
1.192034855484962463e-01,-7.186969518661499023e-01
8.257889747619628906e-01,3.439931869506835938e+00
-3.282960176467895508e+00,-2.046148300170898438e+00
-2.353381395339965820e+00,9.697599709033966064e-02
-1.338625550270080566e+00,-4.405207633972167969e+00
-1.792897731065750122e-01,-5.747035026550292969e+00
-1.231973528861999512e+00,-5.367534160614013672e+00
-2.921168088912963867e+00,-1.874802857637405396e-01
1.355039477348327637e+00,5.060939311981201172e+00
-1.930683036334812641e-03,-2.322010993957519531e-01
-7.768934369087219238e-01,2.371846914291381836e+00
-8.227646350860595703e-01,2.230201959609985352e+00
1.939543724060058594e+00,1.481973528861999512e+00
2.306535005569458008e+00,2.240771770477294922e+00
1.837270379066467285e+00,4.813047409057617188e+00
9.063509702682495117e-01,6.805616855621337891e+00
-9.242293834686279297e-01,2.364292144775390625e+00
3.909398317337036133e-01,2.007809877395629883e+00
1.250694870948791504e+00,-1.727728962898254395e+00
-9.921159148216247559e-01,4.104471206665039062e+00
-2.129385948181152344e+00,-1.167444419115781784e-02
-2.946332454681396484e+00,7.819142341613769531e-01
-3.713547885417938232e-01,2.417276382446289062e+00
7.299466729164123535e-01,4.759508132934570312e+00
2.680833339691162109e+00,-6.474428176879882812e-01
-1.576044678688049316e+00,-3.052735567092895508e+00
6.717292666435241699e-01,1.996239304542541504e+00
-7.311505079269409180e-01,5.214077830314636230e-01
2.269025325775146484e+00,5.819887518882751465e-01
2.692074775695800781e+00,-1.001395881175994873e-01
7.405034899711608887e-01,3.351535558700561523e+00
9.500154107809066772e-02,-1.753493070602416992e+00
9.989737868309020996e-01,-5.200337886810302734e+00
-1.315462708473205566e+00,-3.113735675811767578e+00
-7.304126024246215820e-01,-1.439190030097961426e+00
2.259460926055908203e+00,3.534925460815429688e+00
1.400700449943542480e+00,4.266076564788818359e+00
-2.607028245925903320e+00,3.492766916751861572e-01
2.435724735260009766e+00,-1.368742346763610840e+00
1.621233671903610229e-01,-5.391551494598388672e+00
2.544883728027343750e+00,2.323404550552368164e+00
1.959927439689636230e+00,-2.528775930404663086e-01
-5.628472566604614258e-01,-3.061549425125122070e+00
9.251742959022521973e-01,1.915538311004638672e+00
6.194306071847677231e-03,-5.839623138308525085e-02
-2.910764694213867188e+00,2.439579248428344727e+00
-1.495794415473937988e+00,4.862819239497184753e-02
3.457075729966163635e-02,1.458016484975814819e-01
-1.120733380317687988e+00,-5.520986557006835938e+00
2.254133701324462891e+00,2.286271095275878906e+00
-1.046586155891418457e+00,-6.505079746246337891e+00
5.611996054649353027e-01,2.967677831649780273e+00
1.287044882774353027e-01,-7.065485954284667969e+00
3.879956722259521484e+00,6.716473102569580078e-01
1.400695323944091797e+00,3.701241970062255859e+00
1.357909798622131348e+00,-6.645344734191894531e+00
2.330689191818237305e+00,6.511670112609863281e+00
3.181961059570312500e+00,1.178642511367797852e+00
-2.143979310989379883e+00,-4.359777927398681641e+00
2.552541971206665039e+00,2.949782371520996094e+00
-1.335738778114318848e+00,-3.459844589233398438e+00
6.705272197723388672e-01,-2.938917636871337891e+00
3.291269838809967041e-01,-1.465025067329406738e+00
-1.849020004272460938e+00,8.716753125190734863e-01
-3.349077463150024414e+00,-3.927902460098266602e+00
9.414944797754287720e-02,-2.156129181385040283e-01
3.244071006774902344e+00,3.016400814056396484e+00
-9.265485405921936035e-01,1.564928889274597168e+00
3.022638320922851562e+00,6.715187072753906250e+00
-1.497156381607055664e+00,1.001734614372253418e+00
2.378701120615005493e-01,-3.032659888267517090e-01
2.465685367584228516e+00,-1.036329150199890137e+00
-6.379579901695251465e-01,-5.444673538208007812e+00
-3.159305810928344727e+00,-1.335271596908569336e+00
-2.316910505294799805e+00,2.971576213836669922e+00
2.861182212829589844e+00,1.817157149314880371e+00
2.168527126312255859e+00,-1.798282742500305176e+00
-3.986240923404693604e-02,-1.124395132064819336e+00
-1.115469217300415039e+00,-2.900207996368408203e+00
-2.084661960601806641e+00,1.739882469177246094e+00
3.467565774917602539e+00,-1.937825679779052734e-01
-2.158205986022949219e+00,-3.669310331344604492e+00
3.366432905197143555e+00,1.325522899627685547e+00
-4.249404668807983398e-01,1.712352871894836426e+00
2.108897209167480469e+00,6.390650749206542969e+00
-1.890025436878204346e-01,-2.981171369552612305e+00
-2.674955368041992188e+00,-9.438493251800537109e-01
-1.528314948081970215e+00,9.369528293609619141e-02
1.246701359748840332e+00,1.987318158149719238e+00
-9.195817708969116211e-01,-3.515877246856689453e+00
-7.735704183578491211e-01,5.085591316223144531e+00
2.115720033645629883e+00,6.169078350067138672e+00
8.291152119636535645e-01,6.265265464782714844e+00
6.985628008842468262e-01,1.765381455421447754e+00
-2.868975639343261719e+00,-5.748346805572509766e+00
7.856984138488769531e-01,4.098865985870361328e+00
-8.876057863235473633e-01,6.810305118560791016e-01
5.702615380287170410e-01,3.839436769485473633e+00
-8.357390761375427246e-01,-1.937842130661010742e+00
2.224551916122436523e+00,5.785210132598876953e-01
3.369409561157226562e+00,1.461543798446655273e+00
3.743000626564025879e-01,4.478448867797851562e+00
-3.043888092041015625e+00,-3.061890125274658203e+00
3.295555114746093750e-01,2.069940567016601562e+00
2.090383768081665039e-01,-2.478018522262573242e+00
2.236692428588867188e+00,-1.357343196868896484e+00
-1.433427095413208008e+00,-6.388010084629058838e-02
4.529322087764739990e-01,-4.265908241271972656e+00
9.026321768760681152e-01,-6.621247768402099609e+00
-4.816350638866424561e-01,-1.523359179496765137e+00
-7.869741320610046387e-01,-2.776602208614349365e-01
3.160232067108154297e+00,2.742640495300292969e+00
2.980109930038452148e+00,1.376282334327697754e+00
-5.905591845512390137e-01,-3.055176973342895508e+00
-2.451198577880859375e+00,-4.842804431915283203e+00
1.037672758102416992e+00,-3.190929174423217773e+00
-5.174806714057922363e-01,1.311044245958328247e-01
-1.430135607719421387e+00,-2.115825176239013672e+00
-4.850708246231079102e-01,-2.116195678710937500e+00
4.078371524810791016e-01,-1.002778172492980957e+00
2.348344802856445312e+00,-1.006373286247253418e+00
5.590408444404602051e-01,-3.279641389846801758e+00
2.041519403457641602e+00,-2.538155317306518555e+00
3.418588042259216309e-01,9.374201297760009766e-01
3.293561458587646484e+00,-6.733501553535461426e-01
1.123043298721313477e+00,2.168916702270507812e+00
1.337073683738708496e+00,-2.588210582733154297e+00
2.100904703140258789e+00,1.619079858064651489e-01
-1.001932382583618164e+00,-3.023089170455932617e+00
3.628975450992584229e-01,1.960539698600769043e+00
1.904001355171203613e+00,4.306178569793701172e+00
-1.858209490776062012e+00,-5.074482440948486328e+00
-8.756241202354431152e-01,-2.201197624206542969e+00
-9.874972701072692871e-01,-4.964738368988037109e+00
-2.740396738052368164e+00,-1.556850790977478027e+00
-1.168197751045227051e+00,-5.209822177886962891e+00
-2.407880544662475586e+00,-4.060653686523437500e+00
1.864533901214599609e+00,-9.678911566734313965e-01
-3.053819835186004639e-01,-1.753568291664123535e+00
1.404871225357055664e+00,-3.338271141052246094e+00
-1.508830666542053223e+00,1.622998237609863281e+00
-1.254392623901367188e+00,-4.955991268157958984e+00
-1.872619986534118652e+00,-1.432271718978881836e+00
2.068684101104736328e-01,-2.436431646347045898e+00
6.672551035881042480e-01,-3.485175371170043945e+00
1.834536433219909668e+00,3.275479376316070557e-01
1.756933450698852539e+00,3.636429607868194580e-01
2.875963926315307617e+00,1.197185754776000977e+00
4.744102358818054199e-01,2.292650461196899414e+00
-1.694032698869705200e-01,-1.677664279937744141e+00
-2.306027889251708984e+00,-1.499008655548095703e+00
9.121623039245605469e-01,5.454783439636230469e+00
2.195953845977783203e+00,-3.292752027511596680e+00
6.005375385284423828e-01,-6.393248081207275391e+00
2.889742612838745117e+00,-2.215424925088882446e-01
-4.831243455410003662e-01,3.583525896072387695e+00
1.225999712944030762e+00,3.546823501586914062e+00
1.810138940811157227e+00,-6.312128305435180664e-01
-2.246759891510009766e+00,-5.438202857971191406e+00
-3.841985464096069336e-01,2.681645154953002930e+00
-1.476104021072387695e+00,1.240728497505187988e+00
6.675426363945007324e-01,-2.319846868515014648e+00
3.436395883560180664e+00,1.104681193828582764e-02
1.305321335792541504e+00,-7.270617038011550903e-02
6.049278378486633301e-01,6.337197780609130859e+00
3.387719094753265381e-01,-3.291156053543090820e+00
1.245382785797119141e+00,-2.816090285778045654e-01
2.839818954467773438e+00,1.429164648056030273e+00
8.150529861450195312e-01,1.286765456199645996e+00
-5.899547934532165527e-01,-5.074677467346191406e+00
1.147409677505493164e+00,-9.860756993293762207e-01
2.776467561721801758e+00,3.211038708686828613e-01
-9.336735010147094727e-01,1.604833722114562988e+00
1.552894115447998047e+00,-3.165496289730072021e-01
-1.026624917984008789e+00,3.288004636764526367e+00
-1.139429807662963867e+00,1.823896169662475586e-01
2.312013626098632812e+00,-6.387562304735183716e-02
5.465829744935035706e-02,-2.385231703519821167e-01
7.184659242630004883e-01,2.610615968704223633e+00
-3.085193157196044922e+00,-7.730907201766967773e-01
2.911527633666992188e+00,4.057293415069580078e+00
-3.860782682895660400e-01,3.220782279968261719e+00
-1.834922432899475098e+00,-5.727616786956787109e+00
-1.889851450920104980e+00,-3.595179796218872070e+00
3.588392734527587891e-01,-2.150111198425292969e+00
4.506131708621978760e-01,-2.115343958139419556e-01
4.301083981990814209e-01,2.384757518768310547e+00
5.190450549125671387e-01,-6.842608451843261719e+00
1.949993848800659180e+00,9.196763038635253906e-01
-3.093999862670898438e+00,3.686226159334182739e-02
-5.892617702484130859e-01,-4.067744731903076172e+00
-1.351937174797058105e+00,-2.181999921798706055e+00
7.947001606225967407e-02,-6.113114833831787109e+00
-1.009905338287353516e+00,-6.930233240127563477e-01
-4.116816520690917969e-01,7.455824315547943115e-02
1.945379495620727539e+00,4.193711280822753906e+00
-2.894706487655639648e+00,-1.919539421796798706e-01
-5.819848775863647461e-01,1.702022194862365723e+00
-7.685366272926330566e-01,-1.037394881248474121e+00
1.086922734975814819e-01,-2.410788059234619141e+00
1.512305259704589844e+00,3.336216211318969727e+00
3.188104927539825439e-02,-3.195286512374877930e+00
2.283387422561645508e+00,4.019339978694915771e-01
1.903779357671737671e-01,-3.447896718978881836e+00
1.352435708045959473e+00,2.583603560924530029e-01
2.589031219482421875e+00,1.211350709199905396e-01
1.233901500701904297e+00,3.213192462921142578e+00
-2.851512134075164795e-01,1.209648996591567993e-01
1.594862155616283417e-02,-6.347630500793457031e+00
-6.341949105262756348e-01,4.137580990791320801e-01
-1.227874279022216797e+00,-5.246410369873046875e+00
1.902989149093627930e+00,-5.507162094116210938e+00
3.896455466747283936e-01,3.380031347274780273e+00
6.349403858184814453e-01,-1.284413388930261135e-03
-2.743513345718383789e+00,-5.713280677795410156e+00
-9.486265182495117188e-01,1.292460858821868896e-01
2.570319652557373047e+00,6.979361534118652344e+00
9.924468398094177246e-01,4.871784210205078125e+00
-1.940266609191894531e+00,-3.272579312324523926e-01
1.508645176887512207e+00,8.087030053138732910e-01
-1.238692522048950195e+00,-5.634980678558349609e+00
-5.386291146278381348e-01,2.612776279449462891e+00
-2.599650144577026367e+00,-4.455052375793457031e+00
1.312765955924987793e+00,2.894045352935791016e+00
3.098816633224487305e+00,-1.297976613044738770e+00
-1.435785889625549316e+00,-5.698871612548828125e+00
-1.549681305885314941e+00,-3.807708024978637695e+00
8.669930100440979004e-01,2.376883983612060547e+00
5.592877268791198730e-01,-3.519512176513671875e+00
-4.937925338745117188e-01,7.829068303108215332e-01
3.265420496463775635e-01,3.987550437450408936e-01
-2.692604064941406250e-01,2.673059225082397461e+00
2.380332052707672119e-01,3.356195688247680664e+00
7.939795404672622681e-02,3.204369544982910156e+00
-1.466245055198669434e+00,2.435575008392333984e+00
2.211321592330932617e+00,-6.473755091428756714e-02
2.493818998336791992e+00,6.230447292327880859e+00
3.370094776153564453e+00,3.100428819656372070e+00
4.689407348632812500e-01,2.099931240081787109e+00
1.223785042762756348e+00,-6.374125480651855469e-01
3.771213531494140625e+00,6.829520225524902344e+00
-7.733206152915954590e-01,-7.163924217224121094e+00
2.949818611145019531e+00,1.444711804389953613e+00
-2.814087867736816406e+00,-3.436423063278198242e+00
2.012047290802001953e+00,-2.513961315155029297e+00
-2.768936872482299805e+00,-5.508193016052246094e+00
2.262491226196289062e+00,5.760822772979736328e+00
-8.842384815216064453e-01,-5.345889329910278320e-01
-2.113203048706054688e+00,-1.214466452598571777e+00
-1.053966283798217773e+00,3.968773126602172852e+00
2.464058399200439453e+00,-2.846684694290161133e+00
-1.537100672721862793e+00,-1.463335156440734863e+00
2.021144390106201172e+00,4.314629435539245605e-01
6.045390963554382324e-01,2.304052591323852539e+00
-3.216830730438232422e+00,-1.650769829750061035e+00
1.791497588157653809e+00,-2.743859767913818359e+00
5.658274292945861816e-01,1.129697203636169434e+00
5.828918218612670898e-01,5.219469070434570312e+00
2.508742213249206543e-01,6.101787567138671875e+00
-1.938922762870788574e+00,-1.447059869766235352e+00
2.154569864273071289e+00,-5.424406528472900391e-01
-7.664339542388916016e-01,-5.980985641479492188e+00
2.287452518939971924e-01,1.423955798149108887e+00
-2.016888141632080078e+00,3.468229472637176514e-01
-9.496663212776184082e-01,-4.574362277984619141e+00
1.673257112503051758e+00,-3.447196006774902344e+00
2.040626049041748047e+00,1.252179980278015137e+00
2.669644594192504883e+00,5.983869552612304688e+00
9.561792016029357910e-01,4.854996204376220703e+00
1.071298360824584961e+00,-7.114835977554321289e-01
-2.334731817245483398e+00,1.883906960487365723e+00
-7.667301893234252930e-01,1.777078509330749512e+00
-1.136323332786560059e+00,1.031887531280517578e+00
1.427159786224365234e+01,-3.107923316955566406e+01
-5.871733427047729492e-01,4.350373744964599609e+00
2.632106065750122070e+00,-7.823359221220016479e-02
-2.423239946365356445e+00,1.805894851684570312e+00
8.738753795623779297e-01,1.758670568466186523e+00
1.493579149246215820e+00,2.918219566345214844e-01
-5.299061909317970276e-02,1.248047426342964172e-01
4.697565138339996338e-01,-1.063953042030334473e+00
-1.635961174964904785e+00,1.050490975379943848e+00
1.035501837730407715e+00,-4.049708366394042969e+00
-1.725937128067016602e+00,1.148110747337341309e+00
1.830726146697998047e+00,-4.328954219818115234e+00
7.922440767288208008e-01,4.570755481719970703e+00
-1.266289353370666504e+00,-3.999876737594604492e+00
3.041345357894897461e+00,6.663157463073730469e+00
4.079689383506774902e-01,-2.496202230453491211e+00
-2.789382457733154297e+00,-3.040903329849243164e+00
-7.234187722206115723e-01,-2.036430597305297852e+00
6.756655573844909668e-01,3.316780090332031250e+00
-3.331091642379760742e+00,-7.394090294837951660e-02
1.286752939224243164e+00,-1.328808784484863281e+00
2.007025480270385742e+00,-3.027525901794433594e+00
1.832811236381530762e-01,4.605939865112304688e+00
-7.845131754875183105e-01,-1.852987110614776611e-01
-2.011970758438110352e+00,-4.755553245544433594e+00
-1.583144187927246094e+00,-2.957502603530883789e+00
2.184417843818664551e-01,2.426638603210449219e-01
1.565190315246582031e+00,1.586763858795166016e+00
2.009780883789062500e+00,-3.134893178939819336e+00
-1.533475637435913086e+00,-1.274054050445556641e+00
-5.018943548202514648e-01,-5.011295795440673828e+00
-8.589853644371032715e-01,1.917674541473388672e-01
-3.018388986587524414e+00,-3.698752403259277344e+00
4.251213967800140381e-01,-1.505973577499389648e+00
-8.818233609199523926e-01,-6.199624061584472656e+00
2.057074069976806641e+00,1.056251823902130127e-01
-2.292108297348022461e+00,-4.997062683105468750e+00
-6.816104650497436523e-01,1.456993103027343750e+00
-3.282596543431282043e-02,5.281843662261962891e+00
1.731161236763000488e+00,3.679926156997680664e+00
2.787974357604980469e+00,7.932894825935363770e-01
-2.262992143630981445e+00,-5.174391865730285645e-01
1.566191554069519043e+00,3.734945297241210938e+00
2.382130473852157593e-01,3.497672677040100098e-01
8.348631262779235840e-01,5.309465885162353516e+00
-1.613481044769287109e+00,-1.756340503692626953e+00
-3.066685438156127930e+00,4.830592498183250427e-02
-2.310931205749511719e+00,-3.250408470630645752e-01
-2.915450811386108398e+00,-3.674834489822387695e+00
-1.437971353530883789e+00,-6.280200928449630737e-02
-1.894942641258239746e+00,-4.805582046508789062e+00
-7.730720639228820801e-01,-3.166495084762573242e+00
3.173864841461181641e+00,2.832511425018310547e+00
3.685392379760742188e+00,3.502446413040161133e+00
6.823552399873733521e-02,-9.266265481710433960e-02
4.530761539936065674e-01,3.061481714248657227e+00
1.353070974349975586e+00,4.260230541229248047e+00
3.291709184646606445e+00,6.671210765838623047e+00
-3.695575952529907227e+00,-1.989544868469238281e+00
-2.351462364196777344e+00,1.888454675674438477e+00
-9.401926994323730469e-01,2.220530509948730469e+00
-1.267386198043823242e+00,-6.069660186767578125e+00
-2.109299421310424805e+00,-5.043414235115051270e-01
1.525145918130874634e-01,-1.870117068290710449e+00
7.458173632621765137e-01,4.365903377532958984e+00
3.026042461395263672e+00,6.697566032409667969e+00
3.062522970139980316e-02,-3.442880630493164062e+00
8.813448548316955566e-01,2.945864439010620117e+00
-2.881659269332885742e-01,8.837483078241348267e-02
5.446063280105590820e-01,3.535092592239379883e+00
1.842089414596557617e+00,-5.150443911552429199e-01
1.058861851692199707e+00,-2.104642152786254883e+00
7.434792518615722656e-01,-6.181034088134765625e+00
-3.447844266891479492e+00,-3.071435213088989258e+00
-1.868533730506896973e+00,1.849500462412834167e-02
-3.128377676010131836e+00,5.379318594932556152e-01
3.511029183864593506e-01,-2.394288778305053711e+00
-1.055427193641662598e+00,-6.663740634918212891e+00
-1.939614772796630859e+00,-6.573224067687988281e+00
1.257458209991455078e+00,-7.263625264167785645e-01
1.611669659614562988e-01,-1.825193524360656738e+00
-8.354167342185974121e-01,-6.041704654693603516e+00
2.560263156890869141e+00,-1.805068016052246094e+00
1.798845529556274414e-01,-2.788313150405883789e+00
1.973512172698974609e+00,8.826046586036682129e-01
3.958704376220703125e+01,-8.218436241149902344e+00
-7.322213053703308105e-01,2.114423990249633789e+00
2.699679613113403320e+00,5.669292449951171875e+00
-1.369343280792236328e+00,-2.073188543319702148e+00
1.527144908905029297e+00,1.164454698562622070e+00
3.119507789611816406e+00,3.812140822410583496e-01
1.004426240921020508e+00,-2.732120990753173828e+00
-1.574272394180297852e+00,1.068332910537719727e+00
-1.452477812767028809e+00,-5.760881900787353516e+00
1.621017903089523315e-01,-5.658456683158874512e-01
-3.359650373458862305e+00,-2.520429611206054688e+00
7.478332519531250000e-01,-3.319057703018188477e+00
1.904839992523193359e+00,1.074429035186767578e+00
-3.049489259719848633e+00,-2.751260995864868164e+00
7.174246311187744141e-01,3.285493373870849609e+00
2.682799100875854492e+00,8.564016819000244141e-01
-3.090907812118530273e+00,-7.515805363655090332e-01
3.165693998336791992e+00,3.254229784011840820e+00
-2.215458869934082031e+00,-3.075021505355834961e+00
-3.129965066909790039e+00,-6.265700459480285645e-01
3.613652944564819336e+00,4.742281436920166016e-01
-1.307006180286407471e-01,-6.005781650543212891e+00
-2.900160074234008789e+00,-4.941582679748535156e-01
-2.328602313995361328e+00,2.720267057418823242e+00
5.724957585334777832e-02,1.711846232414245605e+00
3.116739034652709961e+00,1.922562479972839355e+00
-1.497661471366882324e+00,-2.498019218444824219e+00
2.217791795730590820e+00,2.558232545852661133e+00
1.772045135498046875e+00,-6.078196167945861816e-01
-1.700294166803359985e-01,3.964895963668823242e+00
3.100088119506835938e+00,-4.471314251422882080e-01
1.237090080976486206e-01,2.582432508468627930e+00
1.236555576324462891e+00,-9.816188812255859375e-01
-1.919883012771606445e+00,1.526478409767150879e+00
8.664191961288452148e-01,4.759099006652832031e+00
1.355648040771484375e+00,7.551017284393310547e+00
-3.092264890670776367e+00,-4.087560772895812988e-01
2.571225881576538086e+00,2.344171524047851562e+00
2.229424953460693359e+00,-3.175433635711669922e+00
-2.258939027786254883e+00,-1.782868266105651855e+00
6.421905159950256348e-01,-5.500945091247558594e+00
-1.376854181289672852e+00,2.637891292572021484e+00
-2.090594768524169922e-01,1.884306788444519043e+00
5.432705879211425781e-01,3.248887777328491211e+00
-1.388555020093917847e-01,-6.090861797332763672e+00
-5.725244283676147461e-01,-1.542364954948425293e+00
2.323499768972396851e-01,3.633564472198486328e+00
-3.011994838714599609e+00,-9.787465631961822510e-02
1.930534839630126953e+00,5.320522785186767578e-01
-1.542983949184417725e-01,5.311624050140380859e+00
-1.773897886276245117e+00,-3.442850351333618164e+00
-9.034420251846313477e-01,1.174753606319427490e-01
1.308727383613586426e+00,4.638800621032714844e+00
-1.342136144638061523e+00,-6.418199539184570312e+00
-1.021447539329528809e+00,3.318734467029571533e-01
9.342508316040039062e-01,-6.908205032348632812e+00
-3.269702494144439697e-01,-1.766699552536010742e+00
-3.175167739391326904e-01,-5.655992984771728516e+00
-9.930685758590698242e-01,8.524294495582580566e-01
5.364449620246887207e-01,-1.709023356437683105e+00
-3.956061601638793945e-01,-5.082368850708007812e+00
2.151383876800537109e+00,6.369839191436767578e+00
-1.544511556625366211e+00,-8.724561333656311035e-01
1.248719170689582825e-01,-4.914511680603027344e+00
1.313841581344604492e+00,-2.263879537582397461e+00
3.250127792358398438e+00,-1.021600842475891113e+00
3.706130743026733398e+00,6.598267078399658203e+00
3.232797384262084961e+00,3.489295482635498047e+00
2.418155431747436523e+00,6.562306404113769531e+00
-3.939836621284484863e-01,-6.069871425628662109e+00
2.297226190567016602e+00,-3.181609392166137695e+00
-2.435500174760818481e-01,7.094566226005554199e-01
5.384230613708496094e-01,-5.121508598327636719e+00
1.081291437149047852e+00,-2.221115112304687500e+00
-1.861085593700408936e-01,2.284172773361206055e+00
-7.661625146865844727e-01,4.266355037689208984e+00
-1.454204797744750977e+00,-6.354762077331542969e+00
3.057715594768524170e-01,-2.412603378295898438e+00
1.112869858741760254e+00,-5.030676364898681641e+00
-9.108991026878356934e-01,-3.754459619522094727e+00
1.186334848403930664e+00,5.033143796026706696e-03
-6.012194752693176270e-01,-4.180674076080322266e+00
9.005185365676879883e-01,-4.520980834960937500e+00
2.099951505661010742e+00,3.546219587326049805e+00
-2.155514210462570190e-01,4.116371154785156250e+00
-2.932310342788696289e+00,-3.670972347259521484e+00
2.343666076660156250e+00,3.449541807174682617e+00
2.562221288681030273e+00,4.391767978668212891e-01
2.229394167661666870e-01,1.178276181221008301e+00
-1.501448273658752441e+00,-4.455228805541992188e+00
-1.687695503234863281e+00,-2.118318080902099609e+00
-6.607777476310729980e-01,4.366539478302001953e+00
2.212999165058135986e-01,-7.777999639511108398e-01
1.152335047721862793e+00,-2.954982221126556396e-01
-2.238386392593383789e+00,-4.340071678161621094e+00
-1.036188602447509766e+00,2.094577401876449585e-01
-2.439223766326904297e+00,-3.140015125274658203e+00
5.133413076400756836e-01,4.241605281829833984e+00
2.249158859252929688e+00,-9.785457253456115723e-01
1.260159015655517578e-01,4.907707214355468750e+00
8.240299224853515625e-01,2.859554290771484375e+00
6.480068564414978027e-01,-3.219563484191894531e+00
2.329625129699707031e+00,1.465323939919471741e-02
3.686384916305541992e+00,5.107015609741210938e+00
-8.062999844551086426e-01,4.016185283660888672e+00
2.205765962600708008e+00,2.877878427505493164e+00
1.309851765632629395e+00,5.595319271087646484e+00
6.583420038223266602e-01,-2.411844730377197266e+00
-2.506070137023925781e+00,-2.632232189178466797e+00
-9.916446208953857422e-01,-5.860909223556518555e-01
3.345107316970825195e+00,1.336373805999755859e+00
-1.151575922966003418e+00,1.391878873109817505e-01
1.407561898231506348e+00,2.584287405014038086e+00
-9.251133203506469727e-01,-3.231459856033325195e+00
-1.115851640701293945e+00,6.451715826988220215e-01
-6.098104715347290039e-01,-2.220900297164916992e+00
3.122528553009033203e+00,4.667132377624511719e+00
-6.066484749317169189e-02,-7.473466396331787109e+00
-2.772600889205932617e+00,-1.431951403617858887e+00
-1.163876533508300781e+00,-3.850546598434448242e+00
1.297525644302368164e+00,-5.988702774047851562e-01
-8.954744935035705566e-01,-5.917505264282226562e+00
4.059431850910186768e-01,2.303632497787475586e+00
1.398044824600219727e+00,9.716408252716064453e-01
-6.229475140571594238e-01,3.676484823226928711e+00
2.628025293350219727e+00,-7.610294818878173828e-01
1.830153584480285645e+00,-3.267966032028198242e+00
-3.265616655349731445e+00,-1.536660909652709961e+00
4.478041082620620728e-02,6.105100154876708984e+00
-2.286637306213378906e+00,-5.403415679931640625e+00
1.131767392158508301e+00,-4.079737067222595215e-01
-8.752427101135253906e-01,-5.349684357643127441e-01
9.062993526458740234e-02,1.662542462348937988e+00
1.279657840728759766e+00,-3.914499878883361816e-01
-2.154405593872070312e+00,-4.967705726623535156e+00
-1.191024541854858398e+00,-1.613722920417785645e+00
-2.510287284851074219e+00,-1.689795494079589844e+00
-1.342943072319030762e+00,1.492210984230041504e+00
-1.834370851516723633e+00,-2.104333639144897461e-01
1.495109498500823975e-01,-1.740810155868530273e+00
2.762483596801757812e+00,4.584198474884033203e+00
2.132826089859008789e+00,2.208604335784912109e+00
1.263842463493347168e+00,3.513318300247192383e+00
-4.925415813922882080e-01,2.916609525680541992e+00
-5.789416432380676270e-01,-1.975910305976867676e+00
-1.187103092670440674e-01,-5.844860076904296875e-01
1.378171801567077637e+00,-3.894864082336425781e+00
9.076027870178222656e-01,1.625088810920715332e+00
1.363907456398010254e+00,5.478965759277343750e+00
4.324172139167785645e-01,3.328464746475219727e+00
-4.432380199432373047e-01,2.194895505905151367e+00
1.106213212013244629e+00,5.050780177116394043e-01
-9.170561432838439941e-01,5.720418095588684082e-01
2.046393901109695435e-01,-5.694217205047607422e+00
-1.176964998245239258e+00,1.008007168769836426e+00
2.315414190292358398e+00,-1.322524070739746094e+00
-1.102284431457519531e+00,-1.171464562416076660e+00
3.594488859176635742e+00,2.442554950714111328e+00
-1.809995621442794800e-01,2.375369548797607422e+00
8.513208031654357910e-01,2.119876384735107422e+00
7.681014537811279297e-01,1.574741721153259277e+00
2.954494714736938477e+00,-6.099608540534973145e-01
-1.938096404075622559e+00,-2.159834146499633789e+00
7.427562475204467773e-01,-7.706703543663024902e-01
1.562785744667053223e+00,3.457582473754882812e+00
9.565588235855102539e-01,6.808447360992431641e+00
3.773716688156127930e+00,6.866827487945556641e+00
-1.265749216079711914e+00,-3.767624616622924805e+00
1.778219044208526611e-01,3.225645542144775391e+00
6.811415553092956543e-01,-7.222880840301513672e+00
2.055840969085693359e+00,2.165365666151046753e-01
-2.528151750564575195e+00,1.512977600097656250e+00
2.121411323547363281e+00,1.804721832275390625e+00
-2.043177127838134766e+00,-4.948574006557464600e-01
-9.562408328056335449e-01,7.177261710166931152e-01
2.905865430831909180e+00,1.369812250137329102e+00
-3.379973471164703369e-01,5.327327251434326172e+00
1.210007146000862122e-01,7.877587676048278809e-01
1.887751936912536621e+00,-5.422236323356628418e-01
1.166304230690002441e+00,5.059082031250000000e+00
-2.483781337738037109e+00,7.895289659500122070e-01
7.113673090934753418e-01,-5.643380880355834961e-01
1.703287601470947266e+00,-1.090156912803649902e+00
8.850300312042236328e-01,-8.029479533433914185e-02
2.321503877639770508e+00,4.675552845001220703e+00
-8.483417630195617676e-01,-3.470165729522705078e+00
-1.113577723503112793e+00,-6.583712577819824219e+00
-5.689576268196105957e-01,-6.572992801666259766e+00
1.830364227294921875e+00,3.532761335372924805e-01
-4.827433526515960693e-01,-6.931290149688720703e+00
-2.509542226791381836e+00,-3.247121572494506836e+00
-2.292399406433105469e+00,-4.945098400115966797e+00
2.224757432937622070e+00,5.695848464965820312e+00
6.889337301254272461e-01,-3.102727413177490234e+00
1.073124527931213379e+00,-3.120064735412597656e+00
-5.436866357922554016e-02,-3.707609891891479492e+00
3.498254299163818359e+00,2.694779157638549805e+00
-4.915747046470642090e-01,-2.442757129669189453e+00
-5.582982897758483887e-01,-1.804821133613586426e+00
1.299447894096374512e+00,1.958180069923400879e+00
1.549483180046081543e+00,-4.796220302581787109e+00
1.936755031347274780e-01,-7.093694806098937988e-01
-3.227344751358032227e-01,-5.719666182994842529e-02
-6.782281398773193359e-02,-6.044409751892089844e+00
2.447695255279541016e+00,6.843914508819580078e+00
1.675680160522460938e+00,6.589986801147460938e+00
-1.676513314247131348e+00,3.592207193374633789e+00
1.529739141464233398e+00,-9.227289557456970215e-01
-8.682102560997009277e-01,2.721030116081237793e-01
1.622203826904296875e+00,1.251350998878479004e+00
-9.929679036140441895e-01,7.197950035333633423e-02
8.941075801849365234e-01,-6.031858325004577637e-01
-1.724656224250793457e-01,3.980810642242431641e+00
-5.485575199127197266e-01,1.096673250198364258e+00
-5.189405083656311035e-01,2.421748638153076172e-01
1.585504263639450073e-01,1.300476670265197754e+00
1.939924433827400208e-02,2.711520530283451080e-02
2.744275331497192383e+00,4.552369117736816406e+00
3.372634410858154297e+00,-7.931278944015502930e-01
1.225064754486083984e+00,-2.560697793960571289e+00
-5.302143096923828125e-01,1.067515373229980469e+00
1.443183064460754395e+00,2.591703176498413086e+00
-3.532365560531616211e-01,-6.559396982192993164e-01
8.802070617675781250e-01,6.261918067932128906e+00
4.184715077280998230e-02,-1.413364052772521973e+00
-7.518000006675720215e-01,2.645585536956787109e+00
-1.525472760200500488e+00,2.015585899353027344e+00
-1.734232306480407715e-01,2.660734891891479492e+00
-2.447161436080932617e+00,-6.437880992889404297e+00
-2.049680709838867188e+00,1.294894337654113770e+00
1.242581248283386230e+00,1.312438488006591797e+00
8.953446149826049805e-01,5.611079692840576172e+00
2.318727016448974609e+00,6.524752378463745117e-01
-9.980873465538024902e-01,-4.767193317413330078e+00
-6.315395832061767578e-01,2.544693052768707275e-01
2.034648895263671875e+00,-1.949307322502136230e-01
-1.560773253440856934e-01,-7.691449522972106934e-01
-1.788574934005737305e+00,2.448509216308593750e+00
2.511454582214355469e+00,-9.285494089126586914e-01
-1.344647049903869629e+00,-4.429526329040527344e+00
1.006627082824707031e+00,-2.513390064239501953e+00
9.728939533233642578e-01,3.657782554626464844e+00
-5.601965188980102539e-01,6.453741788864135742e-01
2.521917581558227539e+00,4.646193981170654297e+00
4.169525623321533203e+00,7.006373405456542969e+00
-2.274401903152465820e+00,-3.947973012924194336e+00
1.270215064287185669e-01,-4.996942996978759766e+00
-2.308162450790405273e+00,-1.554720640182495117e+00
-6.129137873649597168e-01,1.939002275466918945e+00
4.832207560539245605e-01,-2.817072629928588867e+00
1.082594320178031921e-01,-4.893334388732910156e+00
-1.356543421745300293e+00,9.465499520301818848e-01
-1.998116135597229004e+00,-1.007293224334716797e+00
2.925176143646240234e+00,6.858652234077453613e-01
2.314376115798950195e+00,-8.381101489067077637e-01
-2.499369859695434570e+00,-5.067094326019287109e+00
-2.925356388092041016e+00,-3.620457410812377930e+00
2.313000261783599854e-01,2.444493770599365234e+00
-1.739856719970703125e+00,9.295977950096130371e-01
3.781616449356079102e+00,5.727385997772216797e+00
-1.876625776290893555e+00,-5.102030038833618164e-01
-3.247702360153198242e+00,-2.147377252578735352e+00
3.250541210174560547e+00,3.546844005584716797e+00
4.268968403339385986e-01,-6.868718147277832031e+00
-1.797265291213989258e+00,-3.432089567184448242e+00
3.671876907348632812e+00,2.367886781692504883e+00
-1.299229264259338379e+00,-3.952979564666748047e+00
2.567442417144775391e+00,7.053706645965576172e+00
1.329694747924804688e+00,-2.810795783996582031e+00
2.346330165863037109e+00,6.784071445465087891e+00
2.017938137054443359e+00,4.167739868164062500e+00
3.144351005554199219e+00,1.197451949119567871e+00
-1.263580203056335449e+00,-3.959683179855346680e+00
4.946584105491638184e-01,4.980850696563720703e+00
-9.466168284416198730e-01,-4.623558044433593750e+00
3.433882594108581543e-01,4.269760131835937500e+00
8.516947180032730103e-02,2.458019256591796875e+00
8.850690722465515137e-01,1.488739609718322754e+00
-1.032513380050659180e+00,-6.525732040405273438e+00
2.315155267715454102e+00,-1.428009390830993652e+00
-2.169422626495361328e+00,-1.348212957382202148e+00
2.344796419143676758e+00,6.894307136535644531e+00
-3.237423598766326904e-01,1.127077817916870117e+00
1.255439043045043945e+00,-1.856996774673461914e+00
-1.061996817588806152e+00,-4.496345996856689453e+00
3.906032562255859375e+01,1.827092552185058594e+01
-1.801710963249206543e+00,-2.656956434249877930e+00
-2.174218177795410156e+00,-1.303533554077148438e+00
-2.292895615100860596e-01,-1.793996810913085938e+00
-1.083510756492614746e+00,-6.512920856475830078e+00
3.398529529571533203e+00,1.896321773529052734e+00
2.595380067825317383e+00,-6.850925683975219727e-01
9.410652518272399902e-01,1.695453763008117676e+00
-6.877090930938720703e-01,-5.233164787292480469e+00
-1.448808908462524414e+00,-4.499481201171875000e+00
-1.698556303977966309e+00,-4.914883613586425781e+00
1.293857574462890625e+00,2.710132837295532227e+00
-1.858384370803833008e+00,1.482092142105102539e+00
1.886539936065673828e+00,-3.597915649414062500e+00
-2.284407138824462891e+00,-4.302924275398254395e-01
-1.542954325675964355e+00,9.954773187637329102e-01
1.514205336570739746e+00,-1.270564317703247070e+00
7.189781665802001953e-01,9.196460843086242676e-01
-4.414184689521789551e-01,2.896612882614135742e+00
1.277212619781494141e+00,-8.244979381561279297e-01
-1.589383721351623535e+00,-6.854122161865234375e+00
7.368372678756713867e-01,1.811392784118652344e+00
-2.598448991775512695e+00,2.431720733642578125e+00
-2.837313115596771240e-01,-5.727715015411376953e+00
3.215264081954956055e+00,3.558840751647949219e+00
9.095408767461776733e-02,-7.424954771995544434e-01
4.184768676757812500e+00,7.002539157867431641e+00
-3.084773778915405273e+00,-2.478075027465820312e+00
-2.950480282306671143e-01,5.697173595428466797e+00
2.973922491073608398e+00,7.124204635620117188e+00
-4.334824383258819580e-01,-3.701080679893493652e-01
2.263423442840576172e+00,1.380980730056762695e+00
-2.226812124252319336e+00,-1.572436809539794922e+00
6.434273123741149902e-01,5.884507179260253906e+00
-6.767257452011108398e-01,-1.008057072758674622e-01
1.755837678909301758e+00,-4.331628799438476562e+00
1.186109185218811035e+00,1.374504566192626953e+00
-7.769566774368286133e-01,-2.718722105026245117e+00
-2.421661138534545898e+00,-2.982786417007446289e+00
-1.490921258926391602e+00,7.771387696266174316e-02
2.368933200836181641e+00,-1.753311902284622192e-01
-1.629250645637512207e+00,-2.226372003555297852e+00
1.688734412193298340e+00,4.908189296722412109e+00
1.806364893913269043e+00,4.635401070117950439e-01
-2.942279279232025146e-01,-1.894066929817199707e+00
-2.573359757661819458e-02,2.256924867630004883e+00
-1.152633905410766602e+00,-2.999223470687866211e+00
-3.355844616889953613e-01,8.269431591033935547e-01
6.643581390380859375e-02,-4.921611785888671875e+00
7.153810858726501465e-01,1.656334877014160156e+00
1.265578866004943848e+00,-1.808664560317993164e+00
-8.504435420036315918e-01,-2.324657440185546875e+00
1.622290372848510742e+00,2.203173160552978516e+00
-5.865023136138916016e-01,2.357171297073364258e+00
1.137463450431823730e+00,-1.205474495887756348e+00
-7.249291241168975830e-02,4.990534305572509766e+00
-1.927915930747985840e+00,-3.410017490386962891e+00
1.765255331993103027e+00,2.944335460662841797e+00
7.656589746475219727e-01,1.015901446342468262e+00
3.579399347305297852e+00,4.352633953094482422e+00
-1.628083705902099609e+00,-7.846825718879699707e-01
-2.984820842742919922e+00,1.307761669158935547e+00
-9.639001488685607910e-01,-5.283587574958801270e-01
2.939282417297363281e+00,6.497288703918457031e+00
-1.286053657531738281e+00,-2.096415281295776367e+00
6.169775724411010742e-01,3.505455017089843750e+00
-4.656142294406890869e-01,7.933205962181091309e-01
4.119640350341796875e+00,1.976736426353454590e+00
2.806260585784912109e+00,6.356695652008056641e+00
-1.593594431877136230e+00,1.878261089324951172e+00
-1.885085225105285645e+00,-7.176758050918579102e-01
1.739495635032653809e+00,3.311643838882446289e+00
-6.252023577690124512e-01,-1.937828660011291504e+00
1.932072281837463379e+00,1.170660257339477539e+00
-1.725859522819519043e+00,-5.071289539337158203e+00
-1.284242749214172363e+00,1.860533595085144043e+00
-1.840719580650329590e+00,-5.701245307922363281e+00
-2.925339937210083008e+00,6.902541518211364746e-01
-2.293976545333862305e+00,-3.759417533874511719e+00
1.039645433425903320e+00,2.457641839981079102e+00
1.866368055343627930e+00,4.963559150695800781e+00
-1.334392372518777847e-02,7.915959954261779785e-01
-1.332491040229797363e-01,-1.036528587341308594e+00
1.238580822944641113e+00,2.825659751892089844e+00
-1.776684284210205078e+00,-2.867129325866699219e+00
4.533574879169464111e-01,-1.677599430084228516e+00
2.568870782852172852e+00,1.756005167961120605e+00
2.671872854232788086e+00,4.928522706031799316e-01
-1.459497809410095215e+00,2.448688745498657227e+00
2.654172897338867188e+00,-1.067210912704467773e+00
-1.261742949485778809e+00,-1.616106152534484863e+00
6.041096448898315430e-01,2.801698207855224609e+00
2.892048597335815430e+00,1.238295078277587891e+00
1.125128149986267090e+00,2.586412191390991211e+00
-2.177866935729980469e+00,-3.454490423202514648e+00
1.984646916389465332e+00,8.671305775642395020e-01
2.699087142944335938e+00,5.995450019836425781e-01
-2.548379182815551758e+00,-1.258314967155456543e+00
1.003714799880981445e+00,-5.475946903228759766e+00
1.517469406127929688e+00,1.726667761802673340e+00
1.152534008026123047e+00,3.757827281951904297e+00
-3.089411735534667969e+00,-4.698241651058197021e-01
1.700565218925476074e+00,-4.520956039428710938e+00
-8.070035576820373535e-01,-2.910768508911132812e+00
9.294466376304626465e-01,-7.099500298500061035e-02
-1.895971059799194336e+00,2.885721683502197266e+00
-4.135303795337677002e-01,4.530392885208129883e-01
1.816486954689025879e+00,8.539668917655944824e-01
-1.546094417572021484e+00,1.090532064437866211e+00
8.545258641242980957e-01,-7.764215469360351562e-01
-8.353645205497741699e-01,2.823929548263549805e+00
6.992841958999633789e-01,-7.201408386230468750e+00
-2.247834682464599609e+00,-2.378906250000000000e+00
1.285220742225646973e+00,3.155951261520385742e+00
6.571360230445861816e-01,7.489618659019470215e-01
-8.178995251655578613e-01,-5.593880414962768555e-01
1.617899894714355469e+00,1.598962783813476562e+00
-1.281645242124795914e-02,4.348134517669677734e+00
7.124781608581542969e-01,-7.292742252349853516e+00
-1.365276455879211426e+00,-2.126647710800170898e+00
1.637357831001281738e+00,-2.499117612838745117e+00
1.964028477668762207e+00,4.961741447448730469e+00
-1.443077683448791504e+00,2.690796375274658203e+00
8.084788918495178223e-01,3.071904659271240234e+00
1.520340442657470703e+00,-2.997052371501922607e-01
-1.643195867538452148e+00,1.006032228469848633e+00
-1.620681136846542358e-01,-6.356232166290283203e+00
-1.342520236968994141e+00,-4.029343128204345703e+00
2.565980434417724609e+00,6.035975933074951172e+00
-2.395272731781005859e+00,2.087321758270263672e+00
-1.434062600135803223e+00,-2.222665995359420776e-01
3.844844698905944824e-01,7.999212145805358887e-01
-2.101762533187866211e+00,-4.107567310333251953e+00
-4.495874941349029541e-01,-1.977398753166198730e+00
-7.337343692779541016e-01,3.004901111125946045e-01
-1.062404036521911621e+00,-6.753870010375976562e+00
5.332205295562744141e-01,-4.452140331268310547e+00
3.465116739273071289e+00,4.540863037109375000e+00
2.969908237457275391e+00,5.783924579620361328e+00
2.181238174438476562e+00,-2.859105587005615234e+00
1.330969095230102539e+00,7.592284202575683594e+00
-2.450230360031127930e+00,2.115781307220458984e+00
9.550821781158447266e-01,-1.674148589372634888e-01
-2.353642940521240234e+00,2.512222528457641602e-01
-2.319750308990478516e+00,1.951688051223754883e+00
3.027704000473022461e+00,1.584976673126220703e+00
-1.462733030319213867e+00,1.091839551925659180e+00
1.742118597030639648e+00,1.209517121315002441e+00
-5.603030323982238770e-01,4.230102539062500000e+00
1.451026916503906250e+00,-6.528456687927246094e+00
1.485531926155090332e+00,3.737981617450714111e-01
-2.433376550674438477e+00,-1.608385920524597168e+00
-2.773913621902465820e+00,-1.468019485473632812e+00
2.228889703750610352e+00,2.845662117004394531e+00
-7.990691661834716797e-01,-5.799364447593688965e-01
-6.097173690795898438e-01,-1.249399900436401367e+00
-1.165834903717041016e+00,-1.781769990921020508e+00
-5.351927280426025391e-01,-5.433012485504150391e+00
1.669230461120605469e+00,1.466797709465026855e+00
-2.815448999404907227e+00,-2.117702484130859375e+00
3.157645702362060547e+00,1.674933910369873047e+00
-5.735020041465759277e-01,2.098373413085937500e+00
2.679681539535522461e+00,5.994299411773681641e+00
1.715724706649780273e+00,2.796140015125274658e-01
1.362540125846862793e+00,-3.507595658302307129e-01
8.596057295799255371e-01,-2.661908149719238281e+00
-1.126529455184936523e+00,1.230715751647949219e+00
-1.866783142089843750e+00,-3.095194101333618164e+00
-2.930625379085540771e-01,-4.983113765716552734e+00
-4.982564151287078857e-01,2.001517295837402344e+00
1.576244950294494629e+00,-6.932132244110107422e+00
-9.482676535844802856e-02,-4.986529946327209473e-01
-1.823112726211547852e+00,-3.023236751556396484e+00
6.778622865676879883e-01,4.536425113677978516e+00
-5.244556665420532227e-01,-2.543869256973266602e+00
-1.640380501747131348e+00,-4.552588939666748047e+00
4.169494509696960449e-01,1.908776998519897461e+00
-1.587805271148681641e+00,8.897005319595336914e-01
1.046307086944580078e+00,8.723129630088806152e-01
5.584581494331359863e-01,-1.400852203369140625e+00
-2.701307646930217743e-02,-4.347777664661407471e-01
2.591407060623168945e+00,-2.392176866531372070e+00
1.511773586273193359e+00,4.819174289703369141e+00
-2.032123088836669922e+00,4.268805980682373047e-01
2.340555191040039062e+00,-3.264390468597412109e+00
2.278092384338378906e+00,2.871512413024902344e+00
-9.913343787193298340e-01,1.156849980354309082e+00
-3.223268091678619385e-01,-2.904148817062377930e+00
1.733557343482971191e+00,3.788270652294158936e-01
4.418348371982574463e-01,-2.743085145950317383e+00
-1.411329627037048340e+00,2.929422378540039062e+00
9.221081733703613281e-01,-6.855782508850097656e+00
-1.979419231414794922e+00,-3.390524148941040039e+00
-8.917053937911987305e-01,9.866926670074462891e-01
9.706623107194900513e-02,2.606408834457397461e+00
1.626083612442016602e+00,-9.230976700782775879e-01
-1.111900210380554199e+00,2.613152027130126953e+00
-1.106311678886413574e+00,-8.843045830726623535e-01
2.268176317214965820e+00,1.259604573249816895e+00
-6.392357945442199707e-01,1.037027955055236816e+00
1.010002851486206055e+00,1.545931696891784668e+00
-6.780988574028015137e-01,-3.075781762599945068e-01
-2.308288961648941040e-01,2.103128194808959961e+00
1.594053030014038086e+00,6.544855833053588867e-01
2.644757509231567383e+00,5.895468711853027344e+00
6.854534894227981567e-02,1.141373753547668457e+00
2.173947811126708984e+00,-1.304869771003723145e+00
-6.866433620452880859e-01,-5.465922355651855469e+00
-3.061890363693237305e+00,-3.803917646408081055e+00
2.392505884170532227e+00,1.074228525161743164e+00
8.713141083717346191e-01,5.937803745269775391e+00
-1.249732136726379395e+00,-2.721108436584472656e+00
-2.415571689605712891e+00,-4.002151012420654297e+00
2.361964941024780273e+00,1.756698131561279297e+00
6.007215380668640137e-01,2.089890241622924805e+00
-4.447471722960472107e-02,5.054743289947509766e+00
-1.880792737007141113e+00,2.996424198150634766e+00
2.175223827362060547e+00,1.682298541069030762e+00
1.961750149726867676e+00,2.161387443542480469e+00
9.639794826507568359e-01,8.677506446838378906e-01
1.080220937728881836e+00,-5.203184604644775391e+00
8.670216202735900879e-01,-2.653356790542602539e+00
2.234746515750885010e-01,1.349239498376846313e-01
-4.855762720108032227e-01,4.142960548400878906e+00
-7.223039865493774414e-01,-4.229338645935058594e+00
1.709121704101562500e+00,8.781922459602355957e-01
1.142706871032714844e+00,3.584204435348510742e+00
5.416408777236938477e-01,1.502643823623657227e+00
1.707756817340850830e-01,-2.542949199676513672e+00
2.064962863922119141e+00,5.008941888809204102e-01
2.281319856643676758e+00,3.207248210906982422e+00
1.628349781036376953e+00,3.664129674434661865e-01
1.972221255302429199e+00,-4.636750221252441406e-01
2.026951789855957031e+00,-2.973556518554687500e-01
-1.039248108863830566e+00,8.132968544960021973e-01
7.915587425231933594e-01,1.231601357460021973e+00
-2.604970216751098633e+00,3.028361499309539795e-01
-2.693749427795410156e+00,-5.589305400848388672e+00
-7.809246182441711426e-01,1.941683769226074219e+00
-8.676865100860595703e-01,-5.897291183471679688e+00
1.689597129821777344e+00,-7.172994613647460938e-01
-1.030399560928344727e+00,-1.564009666442871094e+00
-8.924694061279296875e-01,1.881934881210327148e+00
8.707518577575683594e-01,2.220644474029541016e+00
-2.377207756042480469e+00,-6.670902252197265625e+00
4.859032854437828064e-02,-3.347497463226318359e+00
1.041044473648071289e+00,8.473839759826660156e-01
1.691594719886779785e+00,-5.126243233680725098e-01
7.839986681938171387e-01,5.943137645721435547e+00
-2.504331827163696289e+00,-1.171637654304504395e+00
1.701651811599731445e-01,-2.417163372039794922e+00
8.612847328186035156e-01,-3.828230142593383789e+00
7.200434207916259766e-01,-2.478554725646972656e+00
3.413164854049682617e+00,-2.663910984992980957e-01
1.444060564041137695e+00,6.731920719146728516e+00
1.390880227088928223e+00,3.217502117156982422e+00
-2.690144062042236328e+00,-1.282511472702026367e+00
-7.553777694702148438e-01,-2.289828062057495117e+00
-3.487880527973175049e-02,8.549247384071350098e-01
1.033095240592956543e+00,2.020006418228149414e+00
1.194548010826110840e-01,1.265067011117935181e-01
-2.542137384414672852e+00,7.843967080116271973e-01
3.566356420516967773e+00,6.574075222015380859e+00
-3.533360431902110577e-04,1.542752385139465332e+00
8.019210100173950195e-01,3.390720129013061523e+00
2.439764976501464844e+00,6.472457885742187500e+00
-1.010028600692749023e+00,-2.599724054336547852e+00
5.190671086311340332e-01,3.356390237808227539e+00
1.787444591522216797e+00,6.099998950958251953e+00
2.030008792877197266e+00,4.652924060821533203e+00
-1.304350018501281738e+00,-1.754822015762329102e+00
7.485905885696411133e-01,3.008624076843261719e+00
-2.726872920989990234e+00,-3.322891950607299805e+00
1.637585759162902832e+00,3.312028646469116211e+00
-1.958168029785156250e+00,7.496152520179748535e-01
1.367090344429016113e+00,1.452563405036926270e+00
7.059108614921569824e-01,2.914621829986572266e+00
1.693511843681335449e+00,1.001887202262878418e+00
1.017201304435729980e+00,1.193593502044677734e+00
1.527127146720886230e+00,3.778054475784301758e+00
3.114140033721923828e+00,6.159025669097900391e+00
1.216732978820800781e+00,2.819357633590698242e+00
-1.903377890586853027e+00,2.250014096498489380e-01
1.505934834480285645e+00,-5.265770435333251953e+00
1.621616482734680176e+00,2.203591726720333099e-02
2.494022130966186523e+00,-2.371949911117553711e+00
-1.764772653579711914e+00,1.073369145393371582e+00
2.587002277374267578e+00,-2.416503667831420898e+00
3.715043306350708008e+00,5.648998260498046875e+00
-2.415751814842224121e-01,3.000455498695373535e-01
1.242401361465454102e+00,-5.485776901245117188e+00
-1.931372761726379395e+00,2.003772974014282227e+00
2.952024698257446289e+00,9.471073746681213379e-01
-1.551489949226379395e+00,-1.385649442672729492e+00
-2.704238653182983398e+00,2.411130428314208984e+00
-6.208999827504158020e-02,5.048790931701660156e+00
-5.504444837570190430e-01,-1.415210366249084473e+00
-1.160270348191261292e-01,-7.433135032653808594e+00
8.444136381149291992e-01,1.969424843788146973e+00
1.268369197845458984e+00,-4.610013008117675781e+00
1.879965901374816895e+00,-2.876829147338867188e+00
2.142456531524658203e+00,8.292242884635925293e-01
7.533603906631469727e-01,-5.142163276672363281e+00
4.127742290496826172e+00,7.013572692871093750e+00
-1.635011553764343262e+00,2.729476451873779297e+00
3.260356664657592773e+00,-7.721491456031799316e-01
2.391072273254394531e+00,2.418185710906982422e+00
2.322968959808349609e+00,-2.671720981597900391e+00
9.653061628341674805e-01,6.092060565948486328e+00
-7.266371846199035645e-01,-2.792422294616699219e+00
-1.841539263725280762e+00,-6.508872509002685547e+00
7.972543835639953613e-01,3.626687526702880859e+00
-1.204408049583435059e+00,-3.436899662017822266e+00
-3.008858680725097656e+00,-3.725458860397338867e+00
-1.193998813629150391e+00,-7.399685978889465332e-01
-7.517315149307250977e-01,2.076054096221923828e+00
-2.388996362686157227e+00,1.875023722648620605e+00
1.194873213768005371e+00,4.307564258575439453e+00
-1.652300477027893066e+00,-1.461852312088012695e+00
1.663703083992004395e+00,5.095197200775146484e+00
-2.211485147476196289e+00,-2.692657709121704102e+00
-7.727664709091186523e-01,-1.586533308029174805e+00
-1.821754455566406250e+00,3.791872501373291016e+00
-1.461757183074951172e+00,1.412720084190368652e+00
3.280194520950317383e+00,1.176555037498474121e+00
-2.081568956375122070e+00,6.445787549018859863e-01
-1.817778229713439941e+00,-2.266923904418945312e+00
9.483439326286315918e-01,1.046221733093261719e+00
-2.133581161499023438e+00,-9.840579032897949219e-01
6.643218398094177246e-01,-1.353301525115966797e+00
1.856567263603210449e+00,-1.250597357749938965e+00
-2.519226312637329102e+00,2.045112103223800659e-01
2.578983545303344727e+00,-2.336355686187744141e+00
-2.879075288772583008e+00,-7.816439270973205566e-01
-1.417015314102172852e+00,-3.054577350616455078e+00
-7.342124581336975098e-01,-3.023272514343261719e+00
4.674896299839019775e-01,-4.525094509124755859e+00
1.696918487548828125e+00,3.841725826263427734e+00
1.619162321090698242e+00,2.221960306167602539e+00
8.865060806274414062e-01,4.902481555938720703e+00
-1.758228302001953125e+00,1.707704901695251465e+00
-5.756595730781555176e-01,2.849106788635253906e+00
-1.532518148422241211e+00,-6.123517513275146484e+00
1.606279253959655762e+00,3.083570003509521484e-01
1.355157852172851562e+00,8.744806647300720215e-01
1.009351015090942383e+00,-2.334051281213760376e-01
8.444105982780456543e-01,8.086793422698974609e-01
-7.821846604347229004e-01,-3.386413812637329102e+00
8.056510686874389648e-01,1.597018837928771973e-01
5.627699494361877441e-01,2.131806373596191406e+00
3.788899183273315430e-01,2.019623517990112305e+00
9.145458340644836426e-01,-6.006909370422363281e+00
8.726262450218200684e-01,3.079199314117431641e+00
2.972928285598754883e+00,1.188051939010620117e+00
5.541697144508361816e-01,4.683595180511474609e+00
-8.246049880981445312e-01,2.217901468276977539e+00
-1.436967968940734863e+00,-4.570333957672119141e+00
2.606003284454345703e-01,-1.767041206359863281e+00
-1.306306004524230957e+00,-4.887474060058593750e+00
-4.515731632709503174e-01,-4.255785465240478516e+00
2.162382602691650391e+00,1.674311995506286621e+00
-3.510131835937500000e-01,-1.907337069511413574e+00
-5.611477494239807129e-01,3.093408584594726562e+00
3.347263336181640625e-01,4.490599632263183594e-01
-3.799084424972534180e-01,5.847892165184020996e-01
-3.084760904312133789e+00,-2.086120605468750000e+00
8.391387462615966797e-01,5.560402393341064453e+00
-4.770988225936889648e-01,2.719165384769439697e-01
8.159605860710144043e-01,-6.207638740539550781e+00
-2.466537952423095703e+00,1.999547958374023438e+00
2.098927259445190430e+00,-1.294344782829284668e+00
-2.448107488453388214e-02,-1.382804870605468750e+00
-1.464143157005310059e+00,-7.149770259857177734e-01
-2.923725605010986328e+00,2.232679605484008789e+00
-2.744387626647949219e+00,-1.504562377929687500e+00
2.460705280303955078e+00,-1.757262825965881348e+00
3.169734716415405273e+00,-1.119320631027221680e+00
-2.831094026565551758e+00,-5.684313297271728516e+00
-1.619972586631774902e+00,-9.335830211639404297e-01
1.397869467735290527e+00,2.882341861724853516e+00
-2.095383882522583008e+00,-4.025607705116271973e-01
1.668614268302917480e+00,3.752372980117797852e+00
2.609263658523559570e+00,-3.289327144622802734e+00
1.937735795974731445e+00,-1.796573877334594727e+00
2.533710934221744537e-02,2.146701812744140625e+00
1.173097491264343262e+00,-5.144023895263671875e+00
1.741856932640075684e+00,-8.690997958183288574e-02
1.998485922813415527e+00,-3.647454082965850830e-01
8.064689636230468750e-01,4.248725414276123047e+00
-2.315788120031356812e-01,-2.352051019668579102e+00
-9.440154433250427246e-01,2.366838216781616211e+00
2.450456857681274414e+00,-2.811307430267333984e+00
1.321332097053527832e+00,4.428647994995117188e+00
-8.387887477874755859e-01,-7.019972324371337891e+00
1.952004790306091309e+00,-2.929088592529296875e+00
1.849716663360595703e+00,2.625674307346343994e-01
8.454242944717407227e-01,1.924601674079895020e+00
5.942703485488891602e-01,-1.192159280180931091e-01
-2.439070701599121094e+00,-4.107022762298583984e+00
-1.354829192161560059e+00,3.812870740890502930e+00
-1.120298027992248535e+00,9.509888887405395508e-01
-3.138832569122314453e+00,-3.794456720352172852e+00
-3.256854057312011719e+00,-4.047318458557128906e+00
1.432082295417785645e+00,-5.156610608100891113e-01
1.274458765983581543e+00,1.124419450759887695e+00
-1.714497804641723633e+00,3.579599142074584961e+00
-9.016742110252380371e-01,1.856855392456054688e+00
-1.772254705429077148e+00,-5.323713779449462891e+00
-1.358730942010879517e-01,-6.478304862976074219e-01
-2.401247978210449219e+00,-4.936329841613769531e+00
-9.499331712722778320e-01,1.508571982383728027e+00
7.290349602699279785e-01,-6.322169303894042969e-01
1.108210831880569458e-01,-4.484626770019531250e+00
-1.770838499069213867e-01,-6.061480998992919922e+00
7.021380588412284851e-03,-2.152762889862060547e+00
6.326466202735900879e-01,4.221742153167724609e+00
2.361969470977783203e+00,-1.379438638687133789e+00
6.348332762718200684e-01,4.475847244262695312e+00
-1.749493360519409180e+00,-9.651657938957214355e-01
3.771142005920410156e+00,6.864842891693115234e+00
6.208980083465576172e-01,-2.151618242263793945e+00
-1.617123484611511230e+00,2.270491123199462891e+00
-1.774504661560058594e+00,3.839469432830810547e+00
1.264459490776062012e+00,-2.477491140365600586e+00
1.325771808624267578e+00,7.037994265556335449e-02
3.216774702072143555e+00,-1.204248905181884766e+00
-1.121926784515380859e+00,-7.008562684059143066e-01
-1.602442502975463867e+00,-4.748775064945220947e-01
-6.801139116287231445e-01,-2.312487363815307617e+00
-1.869930148124694824e+00,-3.912208795547485352e+00
3.255287647247314453e+00,5.490256786346435547e+00
-6.330509781837463379e-01,-1.246190071105957031e+00
2.001003175973892212e-01,-3.463191270828247070e+00
-1.902304738759994507e-01,5.719913840293884277e-01
-1.124663725495338440e-01,-3.695245742797851562e+00
8.668313026428222656e-01,-3.302083611488342285e-01
-2.223328500986099243e-01,3.506047427654266357e-01
1.035239100456237793e+00,-5.895106792449951172e+00
-4.795951247215270996e-01,4.784939289093017578e+00
7.453950047492980957e-01,2.770707845687866211e+00
1.367974877357482910e-01,3.148869276046752930e+00
3.531083583831787109e+00,1.128655195236206055e+00
8.332526683807373047e-02,-3.323285102844238281e+00
1.188590407371520996e+00,4.518828392028808594e+00
1.078758835792541504e+00,3.072676658630371094e+00
-1.374242067337036133e+00,3.050039529800415039e+00
-2.089227676391601562e+00,2.931976079940795898e+00
-1.460461497306823730e+00,1.090192198753356934e+00
-6.531221270561218262e-01,-5.395386219024658203e+00
1.681963801383972168e-01,1.157197505235671997e-01
2.333069086074829102e+00,1.278273224830627441e+00
9.814135730266571045e-02,4.737844765186309814e-01
2.178303956985473633e+00,3.492155551910400391e+00
1.346739530563354492e+00,5.141154289245605469e+00
2.454720497131347656e+00,3.421532630920410156e+00
5.370824933052062988e-01,-3.139554977416992188e+00
-1.439758777618408203e+00,-4.038571834564208984e+00
1.145699977874755859e+00,1.400656342506408691e+00
2.199938297271728516e+00,2.815915584564208984e+00
1.818302035331726074e+00,-4.314640522003173828e+00
-7.459605932235717773e-01,2.916306555271148682e-01
1.379837036132812500e+00,6.079372406005859375e+00
-1.786956071853637695e+00,-4.855152130126953125e+00
-6.461034417152404785e-01,-5.608654975891113281e+00
1.518481016159057617e+00,1.485925197601318359e+00
-4.396991804242134094e-02,-2.070160388946533203e+00
1.930628180503845215e+00,-3.464354276657104492e+00
6.599861979484558105e-01,-1.939552426338195801e-01
1.585126996040344238e+00,-2.774986743927001953e+00
-1.006565451622009277e+00,3.992350578308105469e+00
1.299134135246276855e+00,-1.047610998153686523e+00
1.508450269699096680e+00,6.337519288063049316e-01
-2.308663845062255859e+00,-6.688646316528320312e+00
-1.801556110382080078e+00,-3.856057882308959961e+00
6.228325888514518738e-02,-1.189614653587341309e+00
1.906367421150207520e+00,-1.057202816009521484e+00
2.525313854217529297e+00,-1.128559827804565430e+00
2.192708253860473633e+00,-2.502542734146118164e+00
-2.504572868347167969e-01,7.187680341303348541e-03
-1.913965821266174316e+00,-3.045899868011474609e+00
1.388693928718566895e+00,2.606031417846679688e+00
-2.144179105758666992e+00,9.517373442649841309e-01
7.487310767173767090e-01,1.097027897834777832e+00
4.613698646426200867e-02,-2.870078325271606445e+00
-1.106651902198791504e+00,2.754701852798461914e+00
-1.954773426055908203e+00,4.023406505584716797e-01
-1.455200552940368652e+00,-2.349234819412231445e-01
5.888633728027343750e-01,4.430610656738281250e+00
3.269934654235839844e+00,1.228782415390014648e+00
1.172007560729980469e+00,1.617265582084655762e+00
-1.215731739997863770e+00,4.469341278076171875e+00
1.339316129684448242e+00,3.852122783660888672e+00
-1.318877577781677246e+00,1.796743087470531464e-02
1.024898979812860489e-02,2.847332358360290527e-01
-1.011498570442199707e+00,1.075107574462890625e+00
-1.433742165565490723e+00,4.713002204895019531e+00
-2.040180921554565430e+00,1.999417781829833984e+00
3.040661811828613281e-01,1.632212519645690918e+00
-3.319577872753143311e-01,-2.929406166076660156e+00
-1.112259268760681152e+00,-6.000252723693847656e+00
6.846789717674255371e-01,1.941458225250244141e+00
1.672754406929016113e+00,1.538627028465270996e+00
-1.923560798168182373e-01,-7.433769702911376953e+00
2.679901123046875000e+00,7.290012836456298828e+00
1.285692572593688965e+00,-6.601828098297119141e+00
2.995206356048583984e+00,1.358710408210754395e+00
4.158798754215240479e-01,-7.006726264953613281e+00
-3.049604296684265137e-01,-4.645872592926025391e+00
-4.262823164463043213e-01,-4.655282497406005859e+00
7.903785109519958496e-01,2.807093381881713867e+00
1.365390777587890625e+00,1.603577136993408203e-01
-1.798636317253112793e+00,-2.982456088066101074e-01
-2.443392753601074219e+00,1.910547614097595215e+00
-2.100738048553466797e+00,-2.360468387603759766e+00
-2.137611389160156250e+00,-4.348555088043212891e+00
1.433413028717041016e+00,-3.458826243877410889e-01
-5.736512690782546997e-02,1.296846032142639160e+00
-1.159040808677673340e+00,-5.770350098609924316e-01
1.528880596160888672e+00,1.230764508247375488e+00
-3.275331258773803711e-01,2.880738973617553711e+00
3.105587244033813477e+00,6.763191223144531250e-01
-1.453826427459716797e+00,2.417972564697265625e+00
7.309379577636718750e-01,1.518925905227661133e+00
8.914933800697326660e-01,4.795288085937500000e+00
-8.480881452560424805e-01,-4.723970890045166016e+00
-5.381630659103393555e-01,-5.887311458587646484e+00
-2.776802983134984970e-03,5.597153902053833008e-01
2.056163549423217773e+00,4.578479290008544922e+00
1.785820722579956055e+00,3.130556344985961914e+00
-2.555218935012817383e+00,-2.378225564956665039e+00
-6.495509743690490723e-01,-1.130336880683898926e+00
8.075863122940063477e-01,-2.062465429306030273e+00
3.255987405776977539e+00,6.445357799530029297e+00
-7.438533306121826172e-01,-1.420593500137329102e+00
-4.075225591659545898e-01,3.386800527572631836e+00
-1.180661082267761230e+00,2.874665737152099609e+00
-2.125007390975952148e+00,-1.870946049690246582e+00
-2.274795770645141602e+00,2.838283777236938477e+00
-2.415272951126098633e+00,-6.660827636718750000e+00
-1.912032246589660645e+00,-8.911721706390380859e-01
4.424615204334259033e-01,3.919097185134887695e+00
1.461603999137878418e+00,3.022981405258178711e+00
-1.674132227897644043e+00,-4.790977478027343750e+00
1.179729938507080078e+00,2.123844772577285767e-01
3.406463146209716797e+00,2.911197900772094727e+00
-1.323293089866638184e+00,-1.996232271194458008e+00
-1.035688161849975586e+00,4.048798084259033203e+00
-1.316710829734802246e+00,-2.040551662445068359e+00
8.448520302772521973e-01,5.336675643920898438e+00
-1.384057044982910156e+00,-5.745836257934570312e+00
3.369417428970336914e+00,5.412873744964599609e+00
-2.968632221221923828e+00,-3.811722040176391602e+00
2.926019906997680664e+00,-2.581750869750976562e+00
-1.963737368583679199e+00,-1.832239270210266113e+00
1.787826567888259888e-01,-2.465424776077270508e+00
2.320086479187011719e+00,3.454381227493286133e+00
-1.536110281944274902e+00,-6.722510814666748047e+00
1.776245355606079102e+00,-2.026215314865112305e+00
-2.718840360641479492e+00,-1.719151973724365234e+00
-1.824552178382873535e+00,1.791741728782653809e+00
-1.700038194656372070e+00,3.905402660369873047e+00
1.929003357887268066e+00,-9.663751721382141113e-01
-3.144504725933074951e-01,6.126678586006164551e-01
2.995290517807006836e+00,2.775449275970458984e+00
2.949734687805175781e+00,4.124017715454101562e+00
-9.100987911224365234e-01,2.560092806816101074e-01
2.049431324005126953e+00,-3.255861997604370117e+00
3.079550027847290039e+00,-9.801210761070251465e-01
1.810369640588760376e-01,-3.175197362899780273e+00
1.115525126457214355e+00,-4.050385951995849609e+00
1.119460538029670715e-01,1.576020836830139160e+00
3.510831855237483978e-03,-1.279829621315002441e+00
-1.642876863479614258e-01,1.485651969909667969e+00
3.985097646713256836e+00,1.688546299934387207e+00
2.363335371017456055e+00,-1.409004032611846924e-01
1.742231547832489014e-01,-5.206970572471618652e-01
3.825667381286621094e+00,4.339016914367675781e+00
1.442623615264892578e+00,1.074772477149963379e+00
-1.622139215469360352e+00,-3.541079998016357422e+00
-1.057641267776489258e+00,-3.416877985000610352e+00
-2.900721549987792969e+00,-2.067906856536865234e+00
1.239828824996948242e+00,4.041962027549743652e-01
8.452059030532836914e-01,-1.656606554985046387e+00
1.600251942873001099e-01,1.322235018014907837e-01
-1.029494404792785645e+00,1.824594020843505859e+00
9.893409609794616699e-01,-3.621746063232421875e+00
-2.852807521820068359e+00,-1.516092866659164429e-01
1.700318217277526855e+00,-2.783878564834594727e+00
-1.152851819992065430e+00,-1.360739707946777344e+00
1.062344074249267578e+00,1.584869861602783203e+00
1.289415240287780762e+00,-1.253971576690673828e+00
1.390102505683898926e+00,-5.239772796630859375e+00
6.566653251647949219e-01,-2.238327264785766602e-01
-8.249227404594421387e-01,-1.513141155242919922e+00
1.358702063560485840e+00,-2.534013748168945312e+00
2.516036033630371094e+00,-1.813331484794616699e+00
-8.332691192626953125e-01,1.027306079864501953e+00
-9.708450436592102051e-01,2.971056699752807617e+00
1.480765581130981445e+00,1.193398356437683105e+00
-8.426805138587951660e-01,4.256347179412841797e+00
-1.907322742044925690e-02,-3.061589002609252930e-01
1.123285889625549316e+00,1.271083950996398926e+00
-1.544189453125000000e+00,1.008035302162170410e+00
1.501610875129699707e+00,1.127140372991561890e-01
-1.975682139396667480e+00,-2.321802377700805664e+00
3.747192382812500000e+00,6.888151168823242188e+00
-3.147610276937484741e-02,-6.072205543518066406e+00
7.634716629981994629e-01,-5.678481578826904297e+00
-1.159188985824584961e+00,1.449402689933776855e+00
-1.826183557510375977e+00,-8.921077251434326172e-01
3.075639605522155762e-01,-3.572169065475463867e+00
-1.556800365447998047e+00,-1.541430354118347168e+00
1.077527046203613281e+00,-3.234521150588989258e+00
7.290955781936645508e-01,2.781744003295898438e+00
1.032338619232177734e+00,-2.276827573776245117e+00
-2.741182446479797363e-01,-5.016171932220458984e-01
4.178037166595458984e+00,6.970232963562011719e+00
1.775408089160919189e-01,-4.845869541168212891e+00
7.290837764739990234e-01,-2.248119831085205078e+00
1.070277810096740723e+00,6.033980846405029297e+00
4.572251066565513611e-02,-6.710398197174072266e+00
-3.229381322860717773e+00,-1.019621849060058594e+00
8.764070868492126465e-01,-5.359376668930053711e-01
-1.221792817115783691e+00,1.527695655822753906e+00
3.298230171203613281e+00,6.539998054504394531e+00
-5.243284702301025391e-01,3.543182462453842163e-02
2.858729839324951172e+00,3.099729299545288086e+00
-9.616053104400634766e-01,3.001858234405517578e+00
-9.134258627891540527e-01,2.637725830078125000e+00
-2.688431739807128906e+00,2.436733007431030273e+00
-1.006407976150512695e+00,6.184296607971191406e-01
1.683452963829040527e+00,3.398078441619873047e+00
-1.293157458305358887e+00,-2.200266361236572266e+00
3.223024845123291016e+00,3.484111309051513672e+00
2.377925872802734375e+00,-1.335921287536621094e-01
-2.921689033508300781e+00,9.886963665485382080e-02
1.745695948600769043e+00,2.560863494873046875e+00
-6.345221996307373047e-01,2.497389554977416992e+00
2.089370489120483398e+00,2.771255970001220703e-01
3.244939565658569336e+00,5.430632829666137695e-01
6.589294672012329102e-01,-2.016297340393066406e+00
3.201784566044807434e-02,2.573815584182739258e+00
1.608862280845642090e+00,-1.577425956726074219e+00
2.878222227096557617e+00,4.298727035522460938e+00
-1.912824630737304688e+00,-3.687878847122192383e+00
-4.484738409519195557e-01,-1.073881864547729492e+00
1.034456491470336914e+00,-3.093474388122558594e+00
2.926733016967773438e+00,5.058552026748657227e-01
-2.964891195297241211e-01,2.559900283813476562e+00
3.964977979660034180e+00,6.010978221893310547e-01
1.673372745513916016e+00,9.828481674194335938e-01
1.582789897918701172e+00,3.316213190555572510e-01
-2.493775606155395508e+00,2.169630050659179688e+00
-8.235996961593627930e-01,1.010150432586669922e+00
1.353549599647521973e+00,2.085435867309570312e+00
-2.075927257537841797e+00,8.050044178962707520e-01
-9.040509462356567383e-01,-6.664645195007324219e+00
-1.756024241447448730e+00,8.295008540153503418e-01
7.464233875274658203e+00,-2.417374700307846069e-01
3.228183686733245850e-01,5.740806102752685547e+00
7.560763955116271973e-01,6.517224311828613281e-01
1.238973259925842285e+00,6.204936027526855469e+00
9.394828677177429199e-01,-2.561800718307495117e+00
2.998030781745910645e-01,-6.412128925323486328e+00
2.519948720932006836e+00,-7.363076806068420410e-01
1.517185807228088379e+00,5.603286266326904297e+00
3.096255540847778320e+00,2.728500366210937500e+00
1.940519452095031738e+00,-4.618899822235107422e+00
1.680852413177490234e+00,3.812658786773681641e+00
2.396392583847045898e+00,-6.429911255836486816e-01
2.903167605400085449e-01,9.950358867645263672e-01
-2.681835412979125977e+00,-4.513487815856933594e+00
3.228837490081787109e+00,9.877464771270751953e-01
5.000143051147460938e-01,-1.928506046533584595e-01
-4.016896784305572510e-01,1.595518231391906738e+00
5.611872076988220215e-01,6.096192598342895508e-01
1.238373398780822754e+00,-2.599407196044921875e+00
-1.824631810188293457e+00,-7.901161313056945801e-01
-2.703880704939365387e-02,3.344946384429931641e+00
1.118545651435852051e+00,-2.692330837249755859e+00
-1.007243871688842773e+00,-6.491825580596923828e+00
-1.570186734199523926e+00,-3.547753691673278809e-01
1.315343141555786133e+00,6.167172908782958984e+00
1.742845177650451660e+00,1.300876975059509277e+00
4.452078342437744141e-01,-3.348414182662963867e+00
2.363009691238403320e+00,5.723645210266113281e+00
2.398282289505004883e+00,3.227543592453002930e+00
2.635208129882812500e+00,6.350794315338134766e+00
1.791317939758300781e+00,3.928390979766845703e+00
-2.946887016296386719e+00,-2.620160341262817383e+00
-3.432077169418334961e-01,3.658667325973510742e+00
-6.466284394264221191e-01,1.644170880317687988e+00
-1.816772669553756714e-01,4.237712860107421875e+00
1.974134564399719238e+00,3.863548994064331055e+00
-7.928996086120605469e-01,1.997065544128417969e+00
1.574767589569091797e+00,-5.228586673736572266e+00
3.072423696517944336e+00,5.760973930358886719e+00
4.269230067729949951e-01,-2.391780614852905273e+00
3.784278631210327148e+00,5.715027332305908203e+00
3.376465141773223877e-01,2.531770944595336914e+00
4.181239306926727295e-01,-3.287921667098999023e+00
4.647077918052673340e-01,4.479598045349121094e+00
1.396926879882812500e+00,1.512406110763549805e+00
1.034906387329101562e+00,-7.366533875465393066e-01
-1.857528209686279297e+00,2.677787303924560547e+00
-1.083232879638671875e+00,-2.670998334884643555e+00
-8.383843302726745605e-01,5.928915739059448242e-01
1.521235227584838867e+00,-4.538632392883300781e+00
1.462813854217529297e+01,-3.065296936035156250e+01
-2.534670114517211914e+00,3.806902468204498291e-01
-1.465412735939025879e+00,-9.971353411674499512e-01
-2.127980232238769531e+00,-1.432402968406677246e+00
7.029046416282653809e-01,9.176777601242065430e-01
-1.608949780464172363e+00,-2.497555017471313477e+00
-2.357604056596755981e-01,-1.631919026374816895e+00
-2.170490741729736328e+00,2.973881721496582031e+00
-7.626566290855407715e-01,-2.883808612823486328e+00
2.233710050582885742e+00,3.970608949661254883e+00
-2.881373167037963867e+00,-3.664794445037841797e+00
8.017812967300415039e-01,1.569736838340759277e+00
-1.414555072784423828e+00,2.319743394851684570e+00
-2.169879913330078125e+00,-5.140851020812988281e+00
-2.922649621963500977e+00,-1.622371524572372437e-01
-9.569754004478454590e-01,-1.629172205924987793e+00
7.748073339462280273e-01,-3.211314678192138672e+00
1.446701049804687500e+00,6.780556678771972656e+00
1.187603950500488281e+00,1.317275524139404297e+00
-2.659812211990356445e+00,3.952418863773345947e-01
1.472281694412231445e+00,1.518749594688415527e+00
1.534209728240966797e+00,6.407113075256347656e-01
-1.687746196985244751e-01,-1.092481136322021484e+00
-1.111575722694396973e+00,3.469781398773193359e+00
-2.539031028747558594e+00,-1.370620727539062500e+00
2.299984455108642578e+00,-2.631803989410400391e+00
1.689644455909729004e+00,2.655539274215698242e+00
-1.138553380966186523e+00,-3.871453404426574707e-01
-8.214884996414184570e-01,-3.748660802841186523e+00
2.824347496032714844e+00,-7.433388829231262207e-01
6.448017060756683350e-02,1.058794260025024414e+00
-1.924700379371643066e+00,-2.075785160064697266e+00
1.488993048667907715e+00,6.061951160430908203e+00
2.180040597915649414e+00,7.175177097320556641e+00
-1.444282174110412598e+00,-3.163915395736694336e+00
1.880430221557617188e+00,6.011075973510742188e+00
1.957980513572692871e+00,2.073803663253784180e+00
1.090143471956253052e-01,-4.504542827606201172e+00
-3.330062627792358398e+00,-1.917106389999389648e+00
5.072149038314819336e-01,-1.968507766723632812e+00
-2.199591159820556641e+00,-5.164143085479736328e+00
-8.627592921257019043e-01,1.747742891311645508e+00
7.848427891731262207e-01,9.267183542251586914e-01
1.903093338012695312e+00,6.035649776458740234e+00
2.774466514587402344e+00,-1.343279145658016205e-02
3.908664941787719727e+00,6.120249629020690918e-01
-1.504767656326293945e+00,3.689035415649414062e+00
-8.559387326240539551e-01,-1.284341216087341309e+00
-6.548293828964233398e-01,-1.451532959938049316e+00
5.353547334671020508e-01,3.401242256164550781e+00
3.433599948883056641e+00,-1.091886043548583984e+00
-2.026608228683471680e+00,5.435957908630371094e-01
-4.770146310329437256e-01,6.716802120208740234e-01
1.202140688896179199e+00,-2.253149509429931641e+00
-5.962848067283630371e-01,-5.237675666809082031e+00
-2.694975137710571289e-01,5.371488571166992188e+00
-2.467809438705444336e+00,9.756373763084411621e-01
-6.866413950920104980e-01,4.331607341766357422e+00
1.824248671531677246e+00,4.073836803436279297e+00
-1.884284317493438721e-01,-2.572172880172729492e+00
3.015194654464721680e+00,6.023633956909179688e+00
-7.994976043701171875e-01,-3.947180986404418945e+00
2.167623519897460938e+00,1.420587182044982910e+00
-1.049695014953613281e+00,2.706592559814453125e+00
-1.994656324386596680e-01,-5.720267772674560547e+00
-7.218741774559020996e-01,2.346963167190551758e+00
2.679476261138916016e+00,-2.176238298416137695e+00
1.808876395225524902e+00,1.259473264217376709e-01
8.755882382392883301e-01,2.816410362720489502e-01
-1.508162021636962891e-01,2.369683027267456055e+00
1.119975090026855469e+00,-1.853378295898437500e+00
-4.878613054752349854e-01,-1.058392405509948730e+00
-1.312275528907775879e+00,-1.301248431205749512e+00
-1.852204084396362305e+00,-7.881283760070800781e-01
-2.133509397506713867e+00,-4.612418115139007568e-01
1.278836429119110107e-01,1.858914136886596680e+00
-1.673588275909423828e+00,3.699078798294067383e+00
3.631367683410644531e+00,1.018361330032348633e+00
2.485749483108520508e+00,5.254978179931640625e+00
-1.054048895835876465e+00,4.112168788909912109e+00
-7.453150153160095215e-01,-5.916289329528808594e+00
2.918880224227905273e+00,6.460444331169128418e-01
9.011365175247192383e-01,2.939559698104858398e+00
3.070661544799804688e+00,-1.275864362716674805e+00
1.115155696868896484e+00,-5.877115249633789062e+00
-2.604851007461547852e+00,1.070409655570983887e+00
-1.524460434913635254e+00,-6.835192680358886719e+00
7.066370248794555664e-01,3.235656499862670898e+00
-1.340025424957275391e+00,-6.412564754486083984e+00
-4.223026931285858154e-01,-3.344096899032592773e+00
2.662389516830444336e+00,2.500885009765625000e+00
-1.081877827644348145e+00,-2.977889060974121094e+00
2.723363637924194336e+00,5.613924264907836914e-01
-5.469384789466857910e-01,-4.974685192108154297e+00
-1.926430702209472656e+00,2.245112657546997070e+00
-2.282943010330200195e+00,1.366151094436645508e+00
-5.659850835800170898e-01,-1.291459798812866211e+00
6.953194141387939453e-01,-4.230080127716064453e+00
-1.624020695686340332e+00,5.901576280593872070e-01
-2.864591360092163086e+00,-2.311337709426879883e+00
-6.961804032325744629e-01,-1.346944570541381836e+00
1.424528241157531738e+00,6.768251419067382812e+00
-1.057149887084960938e+00,-1.581059694290161133e+00
-3.278339385986328125e+00,-4.337860584259033203e+00
-1.401009202003479004e+00,1.193639993667602539e+00
-2.744298696517944336e+00,-3.578891515731811523e+00
8.987657427787780762e-01,-5.308737754821777344e+00
-3.557924747467041016e+00,-5.517197251319885254e-01
-2.976915121078491211e+00,-3.524173498153686523e+00
-2.283790111541748047e+00,2.783924818038940430e+00
-8.900392055511474609e-01,3.390066146850585938e+00
-1.258114933967590332e+00,-6.266985893249511719e+00
2.922636032104492188e+00,8.172323107719421387e-01
-1.025854587554931641e+00,-2.838507413864135742e+00
-1.703177571296691895e+00,2.243706434965133667e-01
-1.711326241493225098e+00,-2.663691997528076172e+00
-1.864699363708496094e+00,-5.763330936431884766e+00
8.029739260673522949e-01,-3.886304140090942383e+00
-2.498814910650253296e-01,3.948033571243286133e+00
-1.290187478065490723e+00,3.554955959320068359e+00
-1.643166840076446533e-01,-7.599703311920166016e+00
-1.050415396690368652e+00,4.077881813049316406e+00
-1.188910722732543945e+00,1.466762065887451172e+00
1.884125828742980957e+00,-1.474545598030090332e+00
2.009658098220825195e+00,2.148811340332031250e+00
-1.110039710998535156e+00,8.370444774627685547e-01
2.777346611022949219e+00,1.364383339881896973e+00
2.205605745315551758e+00,1.381528973579406738e+00
1.172348022460937500e+00,2.550958633422851562e+00
-1.318230509757995605e+00,-2.039897203445434570e+00
8.503686189651489258e-01,-4.730062782764434814e-01
-5.374885201454162598e-01,3.072955131530761719e+00
-5.004075169563293457e-01,-1.978072047233581543e+00
-2.541392803192138672e+00,2.017288923263549805e+00
-1.700947999954223633e+00,2.462585926055908203e+00
2.327735424041748047e+00,1.343189120292663574e+00
1.229503154754638672e+00,1.657856225967407227e+00
-1.968846082687377930e+00,-5.705509662628173828e+00
-4.206608235836029053e-01,-4.693024158477783203e+00
1.839468240737915039e+00,-5.230831146240234375e+00
1.139608144760131836e+00,-2.335852622985839844e+00
-1.335879564285278320e-01,-6.878531575202941895e-01
-7.748984694480895996e-01,4.381076335906982422e+00
-2.977966547012329102e+00,-5.986557602882385254e-01
-2.414706707000732422e+00,2.751706123352050781e+00
2.833950519561767578e+00,1.311805129051208496e+00
1.332197904586791992e+00,4.567893981933593750e+00
-1.545247912406921387e+00,2.045761346817016602e+00
3.759378790855407715e-01,4.978285789489746094e+00
1.679054737091064453e+00,7.705136537551879883e-01
-3.627858161926269531e+00,-1.096128940582275391e+00
1.097476601600646973e+00,1.689767599105834961e+00
-1.701747536659240723e+00,-1.716727137565612793e+00
2.432886958122253418e-01,3.277814686298370361e-01
-1.206770166754722595e-01,6.857121586799621582e-01
-1.883571505546569824e+00,-3.165588140487670898e+00
3.898399591445922852e+00,7.292090058326721191e-01
7.451618909835815430e-01,8.918746709823608398e-01
-1.310457706451416016e+00,3.571482181549072266e+00
-2.126817703247070312e+00,8.230561017990112305e-01
1.301667571067810059e+00,6.271846294403076172e+00
1.295403003692626953e+00,-3.866316318511962891e+00
2.642903089523315430e+00,2.173980921506881714e-01
3.467656075954437256e-01,-4.170369148254394531e+00
6.757988333702087402e-01,9.044868946075439453e-01
1.200262427330017090e+00,-4.481590747833251953e+00
-2.130744218826293945e+00,2.946520328521728516e+00
-1.431449294090270996e+00,2.503322839736938477e+00
1.106562495231628418e+00,-1.131312847137451172e+00
1.305325627326965332e+00,3.706235170364379883e+00
-2.700330018997192383e+00,-5.612390637397766113e-01
-2.144104242324829102e+00,-1.417948007583618164e+00
-1.042965650558471680e+00,3.034116506576538086e+00
1.521879341453313828e-02,-2.647687196731567383e+00
1.473923802375793457e+00,-2.733671069145202637e-01
-1.304032087326049805e+00,-5.424519062042236328e+00
-3.239507198333740234e+00,-3.519454240798950195e+00
8.361037373542785645e-01,-7.760659694671630859e+00
-1.238558173179626465e+00,-1.674932122230529785e+00
1.083501949906349182e-01,2.538863897323608398e+00
1.175226047635078430e-01,-6.991099715232849121e-01
-2.699111104011535645e-01,-9.743778109550476074e-01
1.175388216972351074e+00,-2.668070077896118164e+00
1.246398448944091797e+00,1.280554533004760742e+00
1.205190658569335938e+00,1.697242617607116699e+00
-2.896379530429840088e-01,-5.737365722656250000e+00
4.346885383129119873e-01,5.234952926635742188e+00
6.525394916534423828e-01,-6.212328433990478516e+00
5.733010545372962952e-02,-2.198570251464843750e+00
7.308697700500488281e-01,5.105822563171386719e+00
4.823894798755645752e-02,3.029191255569458008e+00
3.631634950637817383e+00,1.044035434722900391e+00
-1.861382484436035156e+00,1.918650746345520020e+00
-1.851862430572509766e+00,-6.585022211074829102e-01
-1.333139657974243164e+00,-2.473211288452148438e+00
-8.192985504865646362e-02,-1.783228397369384766e+00
1.274628281593322754e+00,-3.917519330978393555e+00
2.174578189849853516e+00,1.751074075698852539e+00
-2.552758693695068359e+00,-9.431545138359069824e-01
-1.171241879463195801e+00,-4.617973804473876953e+00
6.289241313934326172e-01,3.373901128768920898e+00
1.301001429557800293e+00,1.662768274545669556e-01
1.270005464553833008e+00,5.021231651306152344e+00
1.808349251747131348e+00,3.190508365631103516e+00
-1.412808299064636230e+00,-4.349462032318115234e+00
-2.349335670471191406e+00,-4.309874475002288818e-01
1.571015715599060059e+00,1.610343098640441895e+00
6.253399252891540527e-01,8.141226172447204590e-01
1.590088009834289551e+00,-5.817688703536987305e-01
3.328462317585945129e-02,4.839187145233154297e+00
5.193544626235961914e-01,2.185215234756469727e+00
-1.252961754798889160e+00,-5.066408634185791016e+00
9.167551249265670776e-02,-2.507465362548828125e+00
-1.009108185768127441e+00,3.457072257995605469e+00
-1.524716019630432129e-01,5.861228704452514648e-01
-3.271116971969604492e+00,-1.927590131759643555e+00
-3.098939895629882812e+00,-2.433600425720214844e+00
4.576358199119567871e-01,2.723227500915527344e+00
-2.264639377593994141e+00,-8.210412263870239258e-01
1.997099258005619049e-02,4.363181069493293762e-02
1.898534059524536133e+00,4.730194509029388428e-01
3.181244373321533203e+00,3.116994798183441162e-01
1.674121499061584473e+00,-6.047905921936035156e+00
1.186660408973693848e+00,1.541278958320617676e+00
6.451251506805419922e-01,8.388798832893371582e-01
-2.525398254394531250e+00,2.592415809631347656e-01
-1.083172440528869629e+00,-4.000002861022949219e+00
-1.780851840972900391e+00,-4.037454605102539062e+00
1.242880105972290039e+00,-4.549512863159179688e+00
-1.567964673042297363e+00,-5.321932792663574219e+00
-3.348474979400634766e+00,-2.450465679168701172e+00
1.665159225463867188e+00,-2.232304096221923828e+00
1.359285831451416016e+00,-2.821145534515380859e+00
-8.964299559593200684e-01,-3.087286949157714844e+00
2.784602642059326172e+00,3.861323297023773193e-01
-1.035117387771606445e+00,2.915164470672607422e+00
1.935836791992187500e+00,-2.879621028900146484e+00
5.169145762920379639e-02,1.943731427192687988e+00
-3.514439344406127930e+00,-4.890759587287902832e-01
2.417459964752197266e+00,-2.062659561634063721e-01
2.781830169260501862e-02,-6.035602688789367676e-01
3.330170154571533203e+00,7.143137931823730469e+00
2.770809650421142578e+00,4.541332721710205078e+00
4.194165229797363281e+00,6.359419345855712891e+00
-1.416344046592712402e+00,-2.350097417831420898e+00
8.588955402374267578e-01,5.157121658325195312e+00
-5.697277784347534180e-01,-1.296438336372375488e+00
2.241556167602539062e+00,1.204443097114562988e+00
2.637636899948120117e+00,-1.559362649917602539e+00
-3.350241661071777344e+00,-1.948461055755615234e+00
3.037680387496948242e+00,1.431761503219604492e+00
-3.131036758422851562e+00,2.966873347759246826e-01
-1.190368086099624634e-01,3.778644502162933350e-01
-2.571350574493408203e+00,-2.430275678634643555e+00
3.342355728149414062e+00,3.140278816223144531e+00
-1.710274696350097656e+00,1.256141424179077148e+00
1.751510620117187500e+00,-3.623766899108886719e+00
8.689211010932922363e-01,5.580400466918945312e+00
2.228477478027343750e+00,5.680594921112060547e+00
-1.107229664921760559e-01,-4.897902488708496094e+00
2.760817766189575195e+00,1.041178226470947266e+00
-7.808578014373779297e-01,-5.392141640186309814e-02
1.043289661407470703e+00,7.326724529266357422e-01
-3.513736426830291748e-01,1.990550994873046875e+00
4.283028244972229004e-01,2.428822278976440430e+00
-4.086283966898918152e-02,6.660320758819580078e-01
4.149600982666015625e+00,7.009149551391601562e+00
-7.937202453613281250e-01,1.041366934776306152e+00
9.092420339584350586e-01,-5.396256923675537109e+00
9.790613055229187012e-01,-5.302969932556152344e+00
5.323153138160705566e-01,9.512429833412170410e-01
-8.348237276077270508e-01,-3.432569503784179688e+00
1.188394650816917419e-01,-2.865975797176361084e-01
-1.778866171836853027e+00,-5.534742832183837891e+00
-2.598553419113159180e+00,-4.653374195098876953e+00
-2.400065183639526367e+00,-3.074279546737670898e+00
3.104536771774291992e+00,1.431571483612060547e+00
-9.799895286560058594e-01,-5.086446404457092285e-01
-1.315237522125244141e+00,3.122096061706542969e+00
-4.349377155303955078e-01,-1.834994316101074219e+00
5.062441229820251465e-01,-4.827553927898406982e-01
-2.189673662185668945e+00,-2.785639286041259766e+00
-1.687964797019958496e+00,-2.710939168930053711e+00
-3.340785503387451172e-01,-6.170984745025634766e+00
-2.144148826599121094e+00,1.294910430908203125e+00
-2.623725175857543945e+00,1.995820999145507812e+00
-1.228159666061401367e+00,-2.278530597686767578e+00
-1.661233544349670410e+00,-1.307106375694274902e+00
1.942352354526519775e-01,-2.110613107681274414e+00
-2.611325867474079132e-02,-3.118557929992675781e+00
7.616980075836181641e-01,-7.295951366424560547e+00
-1.666654109954833984e+00,5.351028442382812500e-01
-1.079771637916564941e+00,-3.309228897094726562e+00
2.195272207260131836e+00,1.634307384490966797e+00
-1.934598803520202637e+00,-2.333264350891113281e+00
-2.033560574054718018e-01,-2.635530710220336914e+00
3.463079929351806641e+00,1.569600224494934082e+00
-1.272158771753311157e-01,-4.728270530700683594e+00
3.987378835678100586e+00,6.874012351036071777e-01
1.792557001113891602e+00,6.162532806396484375e+00
-2.234884977340698242e+00,-4.279571056365966797e+00
-1.421410799026489258e+00,2.036466121673583984e+00
2.367858648300170898e+00,1.627813220024108887e+00
1.948828220367431641e+00,6.066401004791259766e+00
-6.279324293136596680e-01,-8.038200378417968750e+00
-2.891763448715209961e+00,-4.813904762268066406e+00
3.744893372058868408e-01,1.864833235740661621e+00
-2.767879724502563477e+00,-3.995637893676757812e+00
-9.888378381729125977e-01,-3.370907545089721680e+00
-4.571024775505065918e-01,3.686726093292236328e-01
1.346774220466613770e+00,2.688029050827026367e+00
2.489745378494262695e+00,3.238424062728881836e+00
-1.175788044929504395e+00,2.166532516479492188e+00
-1.185858130455017090e+00,1.123441100120544434e+00
-9.039459824562072754e-01,-2.914560079574584961e+00
3.381792783737182617e+00,-1.104574561119079590e+00
-1.273229956626892090e+00,5.262152552604675293e-01
-2.352541923522949219e+00,5.398492813110351562e-01
1.686221361160278320e+00,5.123025894165039062e+00
-1.355671167373657227e+00,-4.865307509899139404e-01
1.700284719467163086e+00,2.760694503784179688e+00
3.218590021133422852e+00,3.499200582504272461e+00
-1.552522301673889160e+00,-8.967993259429931641e-01
9.598748087882995605e-01,-1.477085471153259277e+00
-9.432981014251708984e-01,2.625874519348144531e+00
-3.961708545684814453e-01,5.156507968902587891e+00
8.156574964523315430e-01,-9.708175063133239746e-01
-2.953402757644653320e+00,1.357671499252319336e+00
1.995121687650680542e-01,3.225457191467285156e+00
-4.623498618602752686e-01,5.405411720275878906e+00
-2.451493263244628906e+00,-3.297979116439819336e+00
8.077390789985656738e-01,6.242486953735351562e+00
-4.711535871028900146e-01,6.595422625541687012e-01
-2.314842462539672852e+00,-3.792617082595825195e+00
-1.662112832069396973e+00,-8.967757225036621094e-01
-2.757990658283233643e-01,-4.699180603027343750e+00
1.628465890884399414e+00,-4.141147136688232422e+00
-4.675479233264923096e-01,-3.376622676849365234e+00
-1.849432945251464844e+00,-2.179162502288818359e+00
8.272507786750793457e-01,4.744473457336425781e+00
2.496589422225952148e-01,-2.505913257598876953e+00
-1.389488697052001953e+00,-4.348273754119873047e+00
2.652155756950378418e-01,5.742812156677246094e+00
2.156514376401901245e-01,3.270382642745971680e+00
-1.372089743614196777e+00,-4.010538578033447266e+00
1.281622052192687988e+00,1.184739708900451660e+00
-4.718216359615325928e-01,-2.587496042251586914e+00
-2.870488882064819336e+00,-5.175008296966552734e+00
-1.310385227203369141e+00,-4.442257404327392578e+00
2.519918441772460938e+00,-2.342557430267333984e+00
-5.664438605308532715e-01,-5.455752372741699219e+00
-2.493433475494384766e+00,-2.640460252761840820e+00
3.086690664291381836e+00,4.736434936523437500e+00
-5.999562144279479980e-01,-8.058538436889648438e+00
1.053208947181701660e+00,3.543408393859863281e+00
-3.650340437889099121e-01,-1.692097306251525879e+00
-1.036349654197692871e+00,-4.731689453125000000e+00
-2.336972951889038086e+00,3.203248977661132812e+00
-1.402594447135925293e+00,-6.106899261474609375e+00
6.456282734870910645e-01,-1.695471644401550293e+00
-1.581660062074661255e-01,5.273749351501464844e+00
-2.110946893692016602e+00,-2.229897737503051758e+00
-3.495128631591796875e+00,-5.045745968818664551e-01
6.235854625701904297e-01,2.842468738555908203e+00
1.728904604911804199e+00,3.213957071304321289e+00
-2.063632249832153320e+00,6.439032554626464844e-01
1.070014163851737976e-01,1.984836459159851074e+00
1.426124095916748047e+00,-2.924304246902465820e+00
1.379311084747314453e+00,9.675118327140808105e-01
1.673919677734375000e+00,1.798661708831787109e+00
-2.268164157867431641e+00,-5.458230495452880859e+00
1.592308282852172852e+00,9.420108795166015625e-02
1.946232795715332031e+00,5.060992240905761719e+00
1.402276039123535156e+00,5.241148948669433594e+00
1.096697330474853516e+00,2.403457403182983398e+00
-7.296530008316040039e-01,1.009706616401672363e+00
1.097966313362121582e+00,-5.221380233764648438e+00
-1.642681241035461426e+00,9.976940751075744629e-01
5.714620947837829590e-01,6.310759544372558594e+00
2.243010759353637695e+00,5.644020080566406250e+00
-2.405835151672363281e+00,-3.888802051544189453e+00
-2.028940677642822266e+00,-1.912804484367370605e+00
-7.092995643615722656e-01,3.286481380462646484e+00
1.383930921554565430e+00,-2.018506765365600586e+00
2.247341632843017578e+00,-4.596894979476928711e-02
-2.060917764902114868e-01,-4.713750839233398438e+00
-8.140725493431091309e-01,-1.408115863800048828e+00
-1.286449670791625977e+00,-3.384255647659301758e+00
1.077770829200744629e+00,1.424206256866455078e+00
-1.690538406372070312e+00,-4.820509910583496094e+00
-1.774695396423339844e+00,-4.017658710479736328e+00
-1.621107578277587891e+00,-2.401084661483764648e+00
-2.364510446786880493e-01,2.797275304794311523e+00
5.727839469909667969e-01,-1.203163266181945801e+00
-2.117121964693069458e-01,-3.693706989288330078e+00
2.154203504323959351e-01,-3.409450352191925049e-01
-9.084872007369995117e-01,2.149871826171875000e+00
-1.504367470741271973e+00,1.784076571464538574e+00
-1.520592331886291504e+00,-6.390810012817382812e+00
-2.007030963897705078e+00,-1.571505188941955566e+00
-2.304640769958496094e+00,-6.672288894653320312e+00
-7.727853953838348389e-02,-6.187565326690673828e+00
1.850604295730590820e+00,5.981836318969726562e+00
-1.519781589508056641e+00,-7.875916957855224609e-01
-2.587945222854614258e+00,-1.864439725875854492e+00
-3.686850786209106445e+00,-8.142793178558349609e-01
-1.080887198448181152e+00,-5.931265830993652344e+00
2.555383443832397461e+00,1.717925310134887695e+00
-1.247232317924499512e+00,-9.728534147143363953e-03
-4.915506020188331604e-02,3.819506406784057617e+00
2.778192043304443359e+00,3.020201444625854492e+00
7.707579731941223145e-01,4.188778400421142578e+00
1.318260431289672852e+00,1.906205892562866211e+00
1.576903223991394043e+00,-2.406367063522338867e+00
4.429346621036529541e-01,2.404607772827148438e+00
2.331264019012451172e+00,-7.302411645650863647e-02
5.706906914710998535e-01,3.781527996063232422e+00
-1.067387580871582031e+00,-5.290273666381835938e+00
1.889412879943847656e+00,6.615656852722167969e+00
-1.672421813011169434e+00,8.194292187690734863e-01
-3.857375979423522949e-01,-3.498040676116943359e+00
-1.802089810371398926e-01,-3.674667358398437500e+00
-2.558484077453613281e-01,-6.314281821250915527e-01
-2.182070732116699219e+00,-5.347243309020996094e+00
2.157463431358337402e-01,-3.375752449035644531e+00
8.527725934982299805e-01,2.879506826400756836e+00
4.350225627422332764e-01,-6.848237037658691406e+00
4.329436302185058594e+00,1.082560658454895020e+00
3.016719341278076172e+00,2.065477818250656128e-01
-2.006660461425781250e+00,2.199340105056762695e+00
6.378709673881530762e-01,2.015726417303085327e-01
-7.776076793670654297e-01,1.800645470619201660e+00
1.191572695970535278e-01,-4.352982640266418457e-01
2.489473581314086914e+00,-1.244419455528259277e+00
8.344035744667053223e-01,-7.737374782562255859e+00
9.484223090112209320e-03,3.237522125244140625e+00
-2.401884555816650391e+00,-3.661339998245239258e+00
5.076408386230468750e-01,-3.464764833450317383e+00
-2.863908052444458008e+00,-3.131876230239868164e+00
-1.439706444740295410e+00,-1.322260975837707520e+00
9.851034283638000488e-01,4.963747560977935791e-01
-1.061720967292785645e+00,-5.785236358642578125e-01
-2.919237136840820312e+00,-2.660546302795410156e+00
1.572925806045532227e+00,3.600847959518432617e+00
1.717049926519393921e-01,-3.140925168991088867e+00
-2.738626956939697266e+00,-3.861596584320068359e+00
9.094216674566268921e-02,-6.287662982940673828e-01
5.221264958381652832e-01,6.134375929832458496e-01
-8.137940764427185059e-01,-7.113388538360595703e+00
1.931013017892837524e-01,4.368728637695312500e+00
-1.478028535842895508e+00,-3.747435212135314941e-01
-1.872043460607528687e-01,6.972725987434387207e-01
-1.119136333465576172e+00,-1.749744415283203125e+00
1.828075051307678223e+00,6.019479274749755859e+00
-1.225002527236938477e+00,-1.527595400810241699e+00
-2.674654483795166016e+00,-4.950963973999023438e+00
1.731391191482543945e+00,7.385986447334289551e-01
-1.098476052284240723e+00,4.515127658843994141e+00
-1.375915884971618652e+00,-5.340609073638916016e+00
7.349498867988586426e-01,9.540169239044189453e-01
-3.214085102081298828e-01,-3.979239225387573242e+00
-3.264016509056091309e-01,-3.558001294732093811e-02
1.215565204620361328e+00,4.964483737945556641e+00
-1.082300543785095215e+00,-6.543973445892333984e+00
-1.590338796377182007e-01,4.966460227966308594e+00
-1.225489377975463867e-01,-1.568174362182617188e+00
-1.595630526542663574e+00,-2.123013257980346680e+00
-3.184286355972290039e+00,3.283986151218414307e-01
-2.177213668823242188e+00,1.265531539916992188e+00
-1.081194996833801270e+00,3.946257233619689941e-01
-1.202089667320251465e+00,-2.830704689025878906e+00
5.303267240524291992e-01,2.657021284103393555e+00
-3.846741095185279846e-02,1.514223456382751465e+00
-6.748889088630676270e-01,-4.161241054534912109e+00
-2.671914100646972656e+00,-1.170024514198303223e+00
3.609596967697143555e+00,4.191259443759918213e-01
-1.347077727317810059e+00,1.416155695915222168e+00
1.679619312286376953e+00,1.586235523223876953e+00
-1.083597064018249512e+00,-3.830542802810668945e+00
1.479608297348022461e+00,6.750663280487060547e+00
-9.168480634689331055e-01,-2.888906002044677734e+00
-1.829719543457031250e-01,-2.558033704757690430e+00
-2.236340045928955078e+00,9.370371699333190918e-01
3.435836553573608398e+00,7.327560901641845703e+00
-3.012987613677978516e+00,-2.984591960906982422e+00
7.520446777343750000e-01,-6.050149917602539062e+00
-1.466966867446899414e-01,5.811410903930664062e+00
1.569457650184631348e+00,-3.736937046051025391e+00
-1.626908779144287109e+00,-4.576291561126708984e+00
8.834768533706665039e-01,1.818574070930480957e+00
9.084822237491607666e-02,-5.229081630706787109e+00
3.205774068832397461e+00,5.278717517852783203e+00
-1.110799670219421387e+00,-2.092574119567871094e+00
4.385994374752044678e-01,6.063590049743652344e-01
-2.730460762977600098e-01,3.421959877014160156e+00
-5.073505640029907227e-01,-4.162820816040039062e+00
1.674898266792297363e-01,-1.027273058891296387e+00
1.043017983436584473e+00,-3.638300418853759766e+00
-2.573082447052001953e+00,4.867365658283233643e-01
2.747687816619873047e+00,1.751086831092834473e+00
3.273699522018432617e+00,5.003946304321289062e+00
1.177000284194946289e+00,-4.685488700866699219e+00
-2.210852622985839844e+00,-4.181399822235107422e+00
-2.289748668670654297e+00,-3.660792350769042969e+00
2.367655515670776367e+00,2.008191108703613281e+00
1.783265590667724609e+00,-1.005995988845825195e+00
7.950213551521301270e-01,-4.647619090974330902e-03
1.895747661590576172e+00,5.056839942932128906e+00
1.006128787994384766e+00,5.150177001953125000e+00
2.056493520736694336e+00,1.249251365661621094e+00
1.368916034698486328e+00,-5.319169908761978149e-02
2.370888233184814453e+00,1.497722387313842773e+00
2.948826551437377930e-01,-1.222476959228515625e+00
1.191238880157470703e+00,4.891303539276123047e+00
1.461358428001403809e+00,1.100560069084167480e+00
2.457135468721389771e-01,-5.059332847595214844e+00
5.459661483764648438e-01,-1.083567500114440918e+00
9.593326598405838013e-02,1.861723780632019043e+00
2.201297044754028320e+00,5.587126255035400391e+00
-1.501659274101257324e+00,-3.000323295593261719e+00
1.508834064006805420e-01,3.748894929885864258e-01
-1.606760501861572266e+00,-4.685104370117187500e+00
-8.194031119346618652e-01,4.074228763580322266e+00
-5.528668761253356934e-01,-1.095618009567260742e+00
-1.504680395126342773e+00,-3.857348918914794922e+00
-1.295385956764221191e+00,-3.456742286682128906e+00
-3.620663285255432129e-01,5.294645309448242188e+00
-6.375313997268676758e-01,-1.088068366050720215e+00
1.438640594482421875e+00,-4.947909355163574219e+00
6.414610892534255981e-02,-1.466151714324951172e+00
-5.776866078376770020e-01,-9.901834130287170410e-01
2.618595600128173828e+00,2.525310516357421875e+00
-2.484522104263305664e+00,-4.210376739501953125e+00
3.760198131203651428e-02,2.558043718338012695e+00
-6.393177509307861328e-01,-2.122531414031982422e+00
-1.322507381439208984e+00,-2.077203512191772461e+00
8.116480708122253418e-01,7.971976697444915771e-02
7.788437604904174805e-01,3.497930467128753662e-01
-1.190235257148742676e+00,-6.515365242958068848e-01
-1.595388203859329224e-01,1.661163330078125000e+00
-1.015694260597229004e+00,-9.447053670883178711e-01
1.226007223129272461e+00,-4.028486251831054688e+00
-1.531576991081237793e+00,2.379463911056518555e+00
1.175787448883056641e+00,3.918139696121215820e+00
-2.564156770706176758e+00,-9.434280917048454285e-03
4.559603333473205566e-02,-3.477607011795043945e+00
1.102268815040588379e+00,-2.275205612182617188e+00
1.045153379440307617e+00,4.292953968048095703e+00
9.304561614990234375e-01,-4.006143212318420410e-01
-2.140884876251220703e+00,-4.993348121643066406e-01
7.841690629720687866e-02,-1.372709751129150391e+00
1.618119001388549805e+00,1.959484934806823730e+00
-2.352451801300048828e+00,2.720480918884277344e+00
-4.592882692813873291e-01,-9.765578806400299072e-02
-2.889088153839111328e+00,8.815084695816040039e-01
-1.533933401107788086e+00,1.201817631721496582e+00
-1.133197784423828125e+00,-4.828413963317871094e+00
1.312723636627197266e+00,3.205432176589965820e+00
2.747246980667114258e+00,3.747735977172851562e+00
-7.303229570388793945e-01,-1.395476698875427246e+00
-2.470337390899658203e+00,4.662582576274871826e-01
-2.834741353988647461e+00,-1.466585397720336914e+00
1.327692151069641113e+00,1.131473422050476074e+00
1.625161409378051758e+00,-1.258222818374633789e+00
2.719532012939453125e+00,3.540288686752319336e+00
6.057763099670410156e-01,2.636848688125610352e+00
-1.058237791061401367e+00,1.393725156784057617e+00
-6.892694234848022461e-01,2.776741027832031250e+00
9.708933234214782715e-01,-7.145084142684936523e-01
2.254965782165527344e+00,3.523720264434814453e+00
-2.179115056991577148e+00,9.211080074310302734e-01
-5.780735239386558533e-02,-1.367360472679138184e+00
8.300420641899108887e-01,2.348741054534912109e+00
5.341666340827941895e-01,5.069232940673828125e+00
-8.231889009475708008e-01,-3.059708356857299805e+00
-3.053488016128540039e+00,7.965041399002075195e-01
-2.260991811752319336e+00,1.944100737571716309e+00
7.511849999427795410e-01,-1.432935893535614014e-01
-2.619468688964843750e+00,-2.417268276214599609e+00
1.141881346702575684e+00,4.403484821319580078e+00
1.847808837890625000e+00,4.825740337371826172e+00
-6.328149139881134033e-02,-5.890338897705078125e+00
-1.704514980316162109e+00,-2.993106365203857422e+00
-1.084598898887634277e+00,-1.848243027925491333e-01
3.466983437538146973e-01,-3.341832876205444336e+00
1.274106025695800781e+00,2.154105186462402344e+00
-2.766836881637573242e+00,-5.505064487457275391e+00
2.633196830749511719e+00,5.530983924865722656e+00
1.427798390388488770e+00,-4.819780349731445312e+00
1.394187092781066895e+00,-2.857011079788208008e+00
6.141406893730163574e-01,-2.120281457901000977e+00
2.940237998962402344e+00,4.193710327148437500e+00
-7.286234200000762939e-02,1.664779305458068848e+00
2.602667093276977539e+00,3.878235578536987305e+00
-4.064314067363739014e-01,7.876551151275634766e-02
6.380629539489746094e-01,9.706065058708190918e-01
-9.247065782546997070e-01,-4.874256610870361328e+00
-1.273362487554550171e-01,8.924103379249572754e-01
-1.928846359252929688e+00,-3.378068685531616211e+00
3.910580277442932129e-01,-4.044007956981658936e-01
-6.729272007942199707e-01,4.013899803161621094e+00
4.259534776210784912e-01,1.957488298416137695e+00
-1.948230899870395660e-02,-4.495833396911621094e+00
3.117586135864257812e+00,3.466984748840332031e+00
-1.654270291328430176e+00,-8.935720920562744141e-01
-1.747275352478027344e+00,-4.452219009399414062e+00
-1.016140952706336975e-01,-8.299798369407653809e-01
-1.948453545570373535e+00,-2.822757482528686523e+00
-2.615787982940673828e+00,5.002720355987548828e-01
-5.548300743103027344e-01,4.608935356140136719e+00
2.986750565469264984e-02,1.511918783187866211e+00
-1.686571717262268066e+00,-4.549936771392822266e+00
2.023807018995285034e-01,-3.495877087116241455e-01
6.990103423595428467e-02,1.572345018386840820e+00
-2.048786133527755737e-01,6.608188152313232422e-01
1.221005797386169434e+00,4.941050529479980469e+00
-2.247765302658081055e+00,-3.955629110336303711e+00
-2.166802883148193359e+00,1.218486189842224121e+00
7.597967982292175293e-01,4.239973545074462891e+00
5.644313097000122070e-01,2.341669797897338867e+00
-2.329022645950317383e+00,-6.697546958923339844e+00
-8.080135583877563477e-01,1.660545319318771362e-01
2.556641578674316406e+00,-2.376293182373046875e+00
-4.103350937366485596e-01,-2.324122905731201172e+00
-1.435256838798522949e+00,-6.604976952075958252e-02
-5.364409089088439941e-01,-6.606978774070739746e-01
1.293177962303161621e+00,-1.230127573013305664e+00
-4.637665152549743652e-01,-2.620217800140380859e-01
-1.026348471641540527e+00,3.074754953384399414e+00
-2.067825794219970703e+00,-4.210320949554443359e+00
-8.445918560028076172e-01,3.113557100296020508e+00
1.750125050544738770e+00,1.172542810440063477e+00
2.278648376464843750e+00,-7.352126389741897583e-02
2.599499940872192383e+00,3.055101633071899414e+00
-2.812941074371337891e+00,-3.476917028427124023e+00
1.600636601448059082e+00,-3.186981916427612305e+00
2.889317274093627930e-01,-5.559412479400634766e+00
2.588146924972534180e+00,2.425842761993408203e+00
-1.083937168121337891e+00,-4.479471683502197266e+00
1.343603730201721191e+00,-5.395384311676025391e+00
2.279557943344116211e+00,2.891785860061645508e+00
-1.090120196342468262e+00,-1.573001146316528320e+00
-1.143055915832519531e+00,1.346852064132690430e+00
-1.994350910186767578e+00,-3.127419233322143555e+00
5.266519188880920410e-01,6.300343036651611328e+00
1.971511960029602051e+00,2.158377647399902344e+00
1.360646843910217285e+00,-3.956183195114135742e+00
-1.601740241050720215e+00,-7.053857326507568359e+00
1.183651566505432129e+00,-1.307253632694482803e-02
-1.184318542480468750e+00,-3.899573326110839844e+00
7.386314868927001953e-01,-3.903446197509765625e+00
3.409666121006011963e-01,4.535937309265136719e+00
-2.579365968704223633e+00,-4.460303783416748047e+00
1.026959300041198730e+00,-1.095179438591003418e+00
-2.778771877288818359e+00,2.611200571060180664e+00
4.322037398815155029e-01,1.327947154641151428e-02
1.178596973419189453e+00,-2.517731904983520508e+00
8.732502460479736328e-01,-2.663962364196777344e+00
2.802616357803344727e-01,8.874545097351074219e-01
3.527515828609466553e-01,-2.269950658082962036e-01
-1.752632260322570801e+00,7.683736085891723633e-01
3.934506773948669434e-01,4.492213726043701172e-01
3.351980924606323242e+00,3.141291141510009766e+00
-4.959732890129089355e-01,-3.948707580566406250e+00
2.991906404495239258e+00,-3.626790344715118408e-01
-6.242687106132507324e-01,-7.458123683929443359e+00
3.066111803054809570e+00,6.654999732971191406e+00
-6.516644358634948730e-01,-5.364521980285644531e+00
3.394280433654785156e+00,7.311741828918457031e+00
-3.388203084468841553e-01,-5.640379428863525391e+00
9.291839599609375000e-01,-1.683300584554672241e-01
-1.572347879409790039e-01,-7.144292593002319336e-01
8.144487738609313965e-01,3.021453857421875000e+00
4.129020571708679199e-01,-4.873547554016113281e+00
5.254590511322021484e-01,-1.718051791191101074e+00
-1.288923978805541992e+00,2.567059993743896484e+00
-2.500381469726562500e-01,-3.936856746673583984e+00
-1.111428499221801758e+00,-1.542658925056457520e+00
-1.572943329811096191e+00,-2.978640079498291016e+00
6.142371296882629395e-01,2.083545923233032227e+00
-1.547396779060363770e+00,-2.614791095256805420e-01
1.360259652137756348e+00,3.205966711044311523e+00
-4.223426580429077148e-01,-4.231246948242187500e+00
-9.199543595314025879e-01,-5.680724620819091797e+00
-2.030842304229736328e+00,2.500746011734008789e+00
-1.798048138618469238e+00,-1.067020893096923828e+00
-3.601484894752502441e-01,-3.961766481399536133e+00
-2.610249280929565430e+00,8.347713351249694824e-01
1.860518097877502441e+00,2.626440763473510742e+00
-5.477303862571716309e-01,-4.365443229675292969e+00
-5.812025666236877441e-01,-3.489462137222290039e+00
-1.661944270133972168e+00,-2.451067924499511719e+00
1.312299370765686035e-01,4.006986618041992188e+00
-9.925084114074707031e-01,5.683676600456237793e-01
3.480615139007568359e+00,-4.024814665317535400e-01
2.081310033798217773e+00,2.517872571945190430e+00
-2.455922365188598633e+00,2.126373767852783203e+00
1.566936373710632324e+00,3.819924592971801758e-01
-6.614631414413452148e-02,-1.301293820142745972e-01
-1.749341845512390137e+00,-4.482402324676513672e+00
-2.631166949868202209e-02,-4.944713413715362549e-01
3.831380605697631836e-01,2.377604246139526367e+00
-2.685866594314575195e+00,1.256142973899841309e+00
2.807275056838989258e-01,3.941293954849243164e+00
1.860331892967224121e+00,-1.483727097511291504e-01
-7.863567471504211426e-01,8.462173938751220703e-01
1.625712513923645020e+00,-5.136928558349609375e-01
1.307285666465759277e+00,2.821462154388427734e+00
-2.689209222793579102e+00,2.418668508529663086e+00
-1.106629252433776855e+00,-2.799847364425659180e+00
-3.164699554443359375e+00,-9.515452980995178223e-01
-6.890246868133544922e-01,9.293679594993591309e-01
1.997381567955017090e+00,4.395328521728515625e+00
9.529802799224853516e-01,-4.529331684112548828e+00
1.769101262092590332e+00,3.495719671249389648e+00
-3.396997451782226562e-01,-2.743628263473510742e+00
2.836968302726745605e-01,-5.477692127227783203e+00
-2.271844148635864258e+00,-2.401625394821166992e+00
4.606695473194122314e-01,-5.355815887451171875e+00
-4.959704875946044922e-01,5.157137513160705566e-01
1.223675131797790527e+00,-3.644778132438659668e-01
3.848741352558135986e-01,1.461058020591735840e+00
2.724509716033935547e+00,2.834962129592895508e+00
-2.269979000091552734e+00,2.765285491943359375e+00
1.296954751014709473e+00,9.034160375595092773e-01
-1.469215512275695801e+00,-5.257303714752197266e+00
-8.072795867919921875e-01,4.199098050594329834e-01
4.153386950492858887e-01,-6.282753467559814453e+00
-1.114828228950500488e+00,-1.970863461494445801e+00
3.308763027191162109e+00,-7.789967060089111328e-01
-4.397045373916625977e-01,2.872575998306274414e+00
-2.453912794589996338e-01,-3.544372797012329102e+00
9.600001573562622070e-01,6.117808818817138672e-01
-9.442529678344726562e-01,5.127346992492675781e+00
-1.203100681304931641e-01,3.709231853485107422e+00
-1.461415886878967285e+00,1.128140568733215332e+00
4.775924384593963623e-01,-1.444826126098632812e+00
3.624155521392822266e+00,1.672085225582122803e-01
-2.683871686458587646e-01,2.306432485580444336e+00
2.472788333892822266e+00,-1.093132495880126953e+00
2.224671602249145508e+00,-1.357499003410339355e+00
-6.121975928544998169e-02,1.727598190307617188e+00
-4.672338441014289856e-02,3.322026014328002930e+00
1.861688613891601562e+00,4.320730686187744141e+00
-2.743730545043945312e+00,-1.262309193611145020e+00
-1.348868161439895630e-01,2.713192701339721680e+00
-9.768384695053100586e-01,-1.976819485425949097e-01
-1.031273722648620605e+00,-1.950021147727966309e+00
2.851839542388916016e+00,-7.756838798522949219e-01
-1.690058588981628418e+00,-1.131812259554862976e-01
8.272570557892322540e-03,1.470548272132873535e+00
8.815906196832656860e-02,1.562292098999023438e+00
3.956818580627441406e-01,1.628295779228210449e+00
-7.787986993789672852e-01,-7.100149631500244141e+00
-3.376418650150299072e-01,5.153328418731689453e+00
1.688686728477478027e+00,-1.488672256469726562e+00
1.156612873077392578e+00,-4.857572019100189209e-01
1.139561772346496582e+00,-1.803216189146041870e-01
-2.933758020401000977e+00,-4.423117637634277344e+00
-1.885112375020980835e-01,-2.758087873458862305e+00
1.300576090812683105e+00,8.228964805603027344e-01
3.622650146484375000e+00,6.538210391998291016e+00
3.012586116790771484e+00,3.437324047088623047e+00
-2.923482656478881836e-01,2.349222898483276367e+00
-1.015544295310974121e+00,4.677974700927734375e+00
-1.916452527046203613e+00,2.828440427780151367e+00
-7.149106860160827637e-01,1.560180664062500000e+00
1.610826253890991211e+00,2.724195003509521484e+00
1.818523705005645752e-01,-2.199846982955932617e+00
-1.898111701011657715e-01,-7.607163906097412109e+00
-1.795946240425109863e+00,-3.985619783401489258e+00
2.022139787673950195e+00,-1.878154158592224121e+00
-7.957125902175903320e-01,-2.824715852737426758e+00
8.222119212150573730e-01,-7.749052524566650391e+00
-9.836520552635192871e-01,1.874318242073059082e+00
-4.333234950900077820e-02,-3.018445491790771484e+00
-8.607111573219299316e-01,4.193462371826171875e+00
8.078799843788146973e-01,-5.640734672546386719e+00
3.054404497146606445e+00,1.000735521316528320e+00
1.654680728912353516e+00,3.335916519165039062e+00
-1.140715956687927246e+00,3.073650121688842773e+00
2.669035911560058594e+00,3.876654148101806641e+00
-7.218823432922363281e-01,9.352438449859619141e-01
-1.150635838508605957e+00,2.879326581954956055e+00
-2.443520784378051758e+00,-3.491970300674438477e+00
-8.448475003242492676e-01,-2.015605926513671875e+00
2.335303544998168945e+00,6.603454589843750000e+00
1.028950691223144531e+00,-3.020246505737304688e+00
1.155431985855102539e+00,-1.360030412673950195e+00
1.020757198333740234e+00,-1.198725461959838867e+00
-9.276022911071777344e-01,-3.876790523529052734e+00
3.496961295604705811e-01,7.779507637023925781e-01
-1.518582940101623535e+00,2.036506175994873047e+00
1.242569923400878906e+00,3.718634128570556641e+00
-2.419308871030807495e-01,2.146346092224121094e+00
-2.946868419647216797e+00,-6.352137923240661621e-01
-1.662067174911499023e+00,2.011373758316040039e+00
-2.130828380584716797e+00,-2.453009366989135742e+00
8.253516554832458496e-01,-6.338310241699218750e+00
1.833894997835159302e-01,-4.914967060089111328e+00
8.625950813293457031e-01,-2.092773199081420898e+00
-9.647672772407531738e-01,-9.933705329895019531e-01
-8.782486915588378906e-01,4.714266777038574219e+00
-6.376121044158935547e-01,-5.157073974609375000e+00
-1.811001777648925781e+00,-5.762187957763671875e+00
1.211064681410789490e-01,-2.455914020538330078e+00
-8.361114263534545898e-01,2.361616134643554688e+00
2.408525228500366211e+00,5.454505920410156250e+00
-3.189584255218505859e+00,-9.359957575798034668e-01
-8.789631128311157227e-01,-3.844521045684814453e-01
-5.851008892059326172e-01,3.388165533542633057e-01
1.487596869468688965e+00,-3.986723184585571289e+00
1.275074839591979980e+00,2.622048377990722656e+00
2.334362745285034180e+00,-2.277227878570556641e+00
2.685252666473388672e+00,1.916976451873779297e+00
-1.203707218170166016e+00,-6.735271453857421875e+00
2.873612642288208008e+00,6.265194416046142578e+00
2.066841602325439453e+00,-2.118002176284790039e+00
-1.973334312438964844e+00,1.841993808746337891e+00
-1.451538681983947754e+00,6.552327871322631836e-01
-2.281333923339843750e+00,1.216142892837524414e+00
-3.432663083076477051e-01,1.696130156517028809e+00
1.136895775794982910e+00,-6.645608693361282349e-02
-3.353189706802368164e+00,-2.455243349075317383e+00
-6.943460106849670410e-01,1.587928771972656250e+00
3.254913687705993652e-01,1.927838802337646484e+00
-8.066454529762268066e-01,2.725179195404052734e-01
-1.386350393295288086e+00,2.586122274398803711e+00
1.385151386260986328e+00,1.059028029441833496e+00
-6.359972357749938965e-01,-5.119567394256591797e+00
-9.371653795242309570e-01,2.778725922107696533e-01
9.340351223945617676e-01,4.824834346771240234e+00
4.133009910583496094e+00,6.997997760772705078e+00
1.325912833213806152e+00,2.888919115066528320e-01
2.418504357337951660e-01,-3.950598239898681641e+00
1.547610163688659668e+00,3.829038441181182861e-01
4.187666773796081543e-01,4.295474052429199219e+00
-1.144593000411987305e+00,-3.004342794418334961e+00
5.031086206436157227e-01,-6.245021820068359375e+00
2.632468700408935547e+00,6.645294189453125000e+00
-1.543736577033996582e+00,1.520264863967895508e+00
-3.845737874507904053e-02,-3.577878952026367188e+00
-2.374600768089294434e-01,3.784906864166259766e+00
1.809582114219665527e+00,5.127985000610351562e+00
-2.108303785324096680e+00,-1.300144314765930176e+00
-1.082950830459594727e+00,1.886028766632080078e+00
-1.293400764465332031e+00,-1.986912727355957031e+00
-6.131123304367065430e-01,-5.106472969055175781e+00
-2.869529485702514648e+00,-1.921147108078002930e-01
5.946717858314514160e-01,-3.603201150894165039e+00
-8.000069260597229004e-01,-2.520157722756266594e-03
1.131699085235595703e+00,1.979242444038391113e+00
1.624809652566909790e-01,2.683483362197875977e+00
3.310442268848419189e-01,-3.312061786651611328e+00
3.080212831497192383e+00,2.727376699447631836e+00
1.890375375747680664e+00,4.304974377155303955e-01
1.065470933914184570e+00,2.208248376846313477e+00
2.752450227737426758e+00,3.814197301864624023e+00
3.803380429744720459e-01,1.446908861398696899e-01
-2.958103418350219727e+00,-3.876184821128845215e-01
-5.819149017333984375e-01,-4.367968559265136719e+00
1.251487135887145996e+00,2.110986232757568359e+00
1.096706867218017578e+00,-7.527226448059082031e+00
2.432116031646728516e+00,1.790516674518585205e-01
-1.079838395118713379e+00,7.601619958877563477e-01
2.927076339721679688e+00,1.409279942512512207e+00
1.342268228530883789e+00,-3.964864253997802734e+00
-1.184292435646057129e+00,-2.010559320449829102e+00
-1.614381968975067139e-01,6.643623709678649902e-01
-1.273358225822448730e+00,-4.398068904876708984e+00
-9.896079301834106445e-01,3.158153772354125977e+00
-3.339123964309692383e+00,-9.526726603507995605e-02
9.154212474822998047e-01,3.448734581470489502e-01
2.144814252853393555e+00,6.349158763885498047e+00
-1.577810049057006836e+00,-3.614828348159790039e+00
-2.932495117187500000e+00,-3.660868644714355469e+00
-4.511159360408782959e-01,-2.623569488525390625e+00
-1.394584178924560547e+00,-2.501634120941162109e+00
7.465130686759948730e-01,-6.115552186965942383e-01
6.641348004341125488e-01,1.903080940246582031e+00
1.063899874687194824e+00,-5.081851005554199219e+00
2.726139545440673828e+00,-7.895258665084838867e-01
-1.394906044006347656e+00,-4.287621498107910156e+00
-1.632553219795227051e+00,-4.714555740356445312e-01
3.400107622146606445e+00,1.237432837486267090e+00
1.579447150230407715e+00,1.856120944023132324e+00
-1.279831975698471069e-01,-2.453600466251373291e-01
4.701022803783416748e-01,6.059496998786926270e-01
-1.511435747146606445e+00,-5.260522961616516113e-01
3.217971563339233398e+00,3.470799684524536133e+00
-1.854631304740905762e+00,-2.421592473983764648e-01
4.439080059528350830e-01,-4.166118621826171875e+00
2.385295152664184570e+00,5.188631534576416016e+00
5.522929877042770386e-02,-5.028681278228759766e+00
1.199252486228942871e+00,7.940115928649902344e-01
1.918983310461044312e-01,6.315120697021484375e+00
6.572639942169189453e-01,3.048916578292846680e+00
8.648999333381652832e-01,1.150557279586791992e+00
1.530082523822784424e-01,-4.928875446319580078e+00
7.034013271331787109e-01,5.517868995666503906e+00
-2.114543437957763672e+00,-5.425307273864746094e+00
-3.825645744800567627e-01,-2.114375829696655273e+00
1.462283015251159668e+00,3.467075824737548828e+00
1.131301641464233398e+00,-5.872378945350646973e-01
3.318810462951660156e+00,1.665623784065246582e+00
-1.204440236091613770e+00,-6.746798992156982422e+00
2.165656089782714844e+00,1.327725052833557129e+00
2.180179119110107422e+00,2.372547149658203125e+00
-9.812276959419250488e-01,-5.327884674072265625e+00
-6.705582141876220703e-02,-1.121779441833496094e+00
-1.934999078512191772e-01,3.382286310195922852e+00
-7.722964882850646973e-01,-2.462773084640502930e+00
-7.055990099906921387e-01,-9.099779725074768066e-01
-1.027580857276916504e+00,-2.393670082092285156e+00
8.712050318717956543e-01,-4.778653144836425781e+00
-6.149448752403259277e-01,6.962070465087890625e-01
-1.973785310983657837e-01,-3.734725713729858398e+00
-2.701040744781494141e+00,-4.933189392089843750e+00
-3.728672116994857788e-02,-5.344432830810546875e+00
-2.417812108993530273e+00,1.845982551574707031e+00
-1.048377394676208496e+00,4.485856533050537109e+00
5.789340138435363770e-01,-1.243850231170654297e+00
2.500160932540893555e-01,5.513964891433715820e-01
1.594657897949218750e+00,6.159920096397399902e-01
9.670140743255615234e-01,-1.070925951004028320e+00
4.259274005889892578e+00,6.827532291412353516e+00
1.377637743949890137e+00,-2.979696273803710938e+00
1.084442377090454102e+00,9.720073938369750977e-01
-2.115152359008789062e+00,-1.617013335227966309e+00
-4.089642167091369629e-01,-2.064419031143188477e+00
-2.883966922760009766e+00,-3.639019489288330078e+00
2.433629274368286133e+00,1.735025882720947266e+00
3.817429542541503906e+00,1.404463052749633789e+00
2.429879426956176758e+00,8.808290362358093262e-01
-1.545677185058593750e-01,-3.855265140533447266e+00
9.219211935997009277e-01,-8.514082431793212891e-02
2.659893751144409180e+00,4.956401348114013672e+00
1.529687941074371338e-01,-1.471441507339477539e+00
-2.362705469131469727e+00,2.147127628326416016e+00
-2.153929471969604492e+00,-3.896660804748535156e+00
1.654285311698913574e+00,-2.353222846984863281e+00
2.562541723251342773e+00,5.702192783355712891e+00
-6.792300939559936523e-01,3.987142801284790039e+00
8.002573847770690918e-01,2.899588823318481445e+00
4.177314415574073792e-02,1.558922529220581055e+00
6.047076731920242310e-02,-5.015006065368652344e+00
-1.623926281929016113e+00,-5.334692478179931641e+00
8.503977060317993164e-01,-5.288169860839843750e+00
1.446066737174987793e+00,8.011186718940734863e-01
1.929881870746612549e-01,-1.043173551559448242e+00
3.303279876708984375e+00,1.856542348861694336e+00
-6.148232817649841309e-01,1.684716224670410156e+00
1.616229295730590820e+00,1.024434089660644531e+00
-7.672632336616516113e-01,4.210639953613281250e+00
-1.793674707412719727e+00,2.382259130477905273e+00
-2.363187313079833984e+00,-5.453071594238281250e+00
-1.317607760429382324e+00,-1.652722209692001343e-01
2.662625789642333984e+00,6.570432782173156738e-01
1.719465255737304688e+00,3.606139421463012695e+00
5.188550949096679688e-01,2.506530046463012695e+00
-8.937138319015502930e-01,2.730242967605590820e+00
3.332332372665405273e-01,6.260163784027099609e+00
-7.236961126327514648e-01,2.438407391309738159e-01
-1.501716256141662598e+00,-5.347107410430908203e+00
5.607498288154602051e-01,1.483508586883544922e+00
-1.400609850883483887e+00,-4.009420573711395264e-01
-3.024278402328491211e+00,-2.307876110076904297e+00
1.372910141944885254e-01,3.847321271896362305e+00
2.726997137069702148e+00,5.587155342102050781e+00
-1.488778591156005859e+00,-2.820887804031372070e+00
-1.877780079841613770e+00,2.952761411666870117e+00
-2.307987451553344727e+00,2.917533636093139648e+00
4.371351599693298340e-01,4.340730905532836914e-01
3.076280117034912109e+00,5.686934947967529297e+00
1.864395022392272949e+00,4.387233257293701172e+00
-2.088124513626098633e+00,-1.213754534721374512e+00
-2.427300214767456055e+00,2.253339529037475586e+00
-3.257086038589477539e+00,-3.523559808731079102e+00
-3.950547575950622559e-01,-2.001808881759643555e+00
3.632088661193847656e+00,2.453618526458740234e+00
-1.436862826347351074e+00,1.601773381233215332e+00
-1.816372036933898926e+00,3.855857551097869873e-01
9.491025209426879883e-01,2.421411514282226562e+00
5.496507287025451660e-01,4.766731262207031250e+00
-2.396603584289550781e+00,-6.423695683479309082e-01
6.995601058006286621e-01,1.154266715049743652e+00
2.469056367874145508e+00,-5.015942454338073730e-01
2.356088161468505859e+00,3.578371405601501465e-01
-6.197821721434593201e-02,-2.295698165893554688e+00
5.032554268836975098e-01,2.619390010833740234e+00
2.821294546127319336e+00,3.583041131496429443e-01
7.482050359249114990e-02,-6.198247909545898438e+00
1.050141096115112305e+00,-4.746797382831573486e-01
2.883041620254516602e+00,4.125841617584228516e+00
-2.012904405593872070e+00,-1.864568233489990234e+00
-2.452307343482971191e-01,-4.438546657562255859e+00
-1.088312864303588867e+00,2.107207775115966797e+00
2.877829551696777344e+00,4.054298400878906250e+00
8.140426278114318848e-01,-1.065484762191772461e+00
1.941115260124206543e+00,-4.943207502365112305e-01
-2.797126531600952148e+00,-1.655433773994445801e+00
-1.411413669586181641e+00,-5.268892288208007812e+00
-1.624193936586380005e-01,-9.985987544059753418e-01
-2.342362701892852783e-01,-2.485036134719848633e+00
8.337846994400024414e-01,-1.132979512214660645e+00
-3.107101678848266602e+00,-6.516946554183959961e-01
1.505521535873413086e+00,4.459478378295898438e+00
2.181937694549560547e+00,1.428958654403686523e+00
2.443624734878540039e+00,-1.188398003578186035e+00
-1.730097651481628418e+00,-4.768999576568603516e+00
-1.196106910705566406e+00,-5.968896865844726562e+00
8.836824297904968262e-01,6.018815517425537109e+00
-8.432911038398742676e-01,2.055320024490356445e+00
-5.313792824745178223e-01,6.513545513153076172e-01
1.743065714836120605e+00,2.877053022384643555e-01
9.387533068656921387e-01,-1.815826296806335449e-01
4.506198167800903320e-01,-2.088346630334854126e-01
-2.625094890594482422e+00,1.873070001602172852e-01
-9.584838151931762695e-01,-9.678765535354614258e-01
-1.017035365104675293e+00,4.615229606628417969e+00
-1.718627810478210449e+00,3.871961593627929688e+00
1.622249126434326172e+00,3.860104322433471680e+00
2.168878555297851562e+00,6.256150245666503906e+00
1.633024930953979492e+00,-5.221481323242187500e+00
-8.271947503089904785e-01,3.507303297519683838e-01
-1.723760008811950684e+00,-5.952980995178222656e+00
2.014307737350463867e+00,5.986639976501464844e+00
1.803534984588623047e+00,3.944255352020263672e+00
-2.594506144523620605e-01,-6.138861551880836487e-02
-2.644191741943359375e+00,-4.639994144439697266e+00
3.218182325363159180e+00,3.486995697021484375e+00
7.334554195404052734e-01,-7.145046234130859375e+00
-3.250569105148315430e+00,-8.589798212051391602e-01
3.923118114471435547e-01,-1.958346843719482422e+00
5.502315759658813477e-01,6.853561997413635254e-01
1.176738262176513672e+00,4.866168498992919922e+00
-3.226683139801025391e+00,-2.361504137516021729e-01
-1.372681379318237305e+00,-2.478705883026123047e+00
-6.432064175605773926e-01,3.286605834960937500e+00
-3.152324914932250977e+00,-3.833247423171997070e+00
-6.480234116315841675e-02,-1.821132421493530273e+00
-1.047173619270324707e+00,1.676812887191772461e+00
-9.584169387817382812e-01,1.138098478317260742e+00
-1.056295275688171387e+00,2.697864532470703125e+00
1.225077033042907715e+00,6.140699386596679688e+00
6.758649945259094238e-01,-6.195891380310058594e+00
2.856255054473876953e+00,-6.270070075988769531e-01
-8.237939476966857910e-01,1.004143595695495605e+00
5.411031246185302734e-01,-1.188437819480895996e+00
9.354991316795349121e-01,-1.191059201955795288e-01
-1.488388776779174805e+00,2.855340242385864258e+00
-6.864553689956665039e-01,1.632537603378295898e+00
6.767132133245468140e-02,-7.393844604492187500e+00
2.106677532196044922e+00,-6.631749868392944336e-01
-2.149656862020492554e-01,-5.763494014739990234e+00
2.672642230987548828e+00,5.645014286041259766e+00
9.108270406723022461e-01,6.251996517181396484e+00
1.061337471008300781e+00,1.505180954933166504e+00
-1.720214366912841797e+00,-1.890956163406372070e+00
-2.282944440841674805e+00,-2.815676212310791016e+00
3.947458267211914062e-01,-7.061794400215148926e-01
1.621409773826599121e+00,-7.379196882247924805e-01
-8.780998587608337402e-01,-4.039811491966247559e-01
-2.666078567504882812e+00,-5.504961013793945312e+00
2.087533921003341675e-01,3.667715311050415039e+00
-8.484855294227600098e-01,1.933555960655212402e+00
2.705919027328491211e+00,5.982012271881103516e+00
-6.906126737594604492e-01,-6.808118343353271484e+00
1.329179167747497559e+00,2.775146484375000000e+00
1.635264039039611816e+00,-4.556940078735351562e+00
-1.664805293083190918e+00,-4.337328433990478516e+00
-1.723507761955261230e+00,1.651115417480468750e+00
-5.093782544136047363e-01,3.258363008499145508e+00
-6.514366269111633301e-01,3.969606637954711914e+00
-1.184002876281738281e+00,2.368561267852783203e+00
-8.867841958999633789e-02,4.811768531799316406e+00
2.305518150329589844e+00,-2.123010307550430298e-01
4.150557994842529297e+00,7.008322238922119141e+00
-2.914259135723114014e-01,-3.072255373001098633e+00
-1.176478266716003418e+00,-3.420977592468261719e+00
3.397009611129760742e+00,1.200719237327575684e+00
6.896129846572875977e-01,-6.333897113800048828e-01
-1.513890624046325684e+00,2.053667545318603516e+00
-2.147168636322021484e+00,-5.072192192077636719e+00
8.196784257888793945e-01,3.746840715408325195e+00
1.627581007778644562e-02,1.894544243812561035e+00
-2.608941555023193359e+00,-2.956348896026611328e+00
2.090562880039215088e-01,5.234639644622802734e-01
2.621205329895019531e+00,6.931710839271545410e-01
2.339116811752319336e+00,4.349343776702880859e+00
-6.715694665908813477e-01,1.325650453567504883e+00
1.337282776832580566e+00,-3.993092775344848633e+00
-1.796417236328125000e-01,2.212447166442871094e+00
-5.395728945732116699e-01,-6.837086200714111328e+00
-2.361780405044555664e+00,1.038175463676452637e+00
-8.342905640602111816e-01,3.131402015686035156e+00
-5.753718614578247070e-01,1.507859230041503906e+00
1.042862296104431152e+00,-4.891403675079345703e+00
1.578681826591491699e+00,-4.575718939304351807e-01
-1.583385705947875977e+00,-1.501877307891845703e+00
3.449117660522460938e+00,-4.230537265539169312e-02
6.650497913360595703e-01,2.246459007263183594e+00
-8.327770233154296875e-01,3.144005239009857178e-01
6.209132075309753418e-01,5.873564243316650391e+00
7.889836430549621582e-01,4.359668731689453125e+00
-1.413840174674987793e+00,-4.149163067340850830e-01
1.561115860939025879e+00,1.913054823875427246e+00
2.382021903991699219e+00,-2.338876008987426758e+00
2.259051561355590820e+00,4.339056015014648438e+00
-3.415787220001220703e-01,2.585979700088500977e-01
1.003751635551452637e+00,2.359708547592163086e+00
-3.387200355529785156e+00,-1.894014954566955566e+00
-9.859387874603271484e-01,-7.417616844177246094e+00
-1.262452483177185059e+00,2.080255746841430664e+00
5.553354024887084961e-01,5.063388347625732422e+00
-2.410269021987915039e+00,2.704905867576599121e-01
4.850121736526489258e-01,3.425501286983489990e-01
2.824793815612792969e+00,1.634910345077514648e+00
-3.203281402587890625e+00,-9.680888652801513672e-01
1.366272687911987305e+00,-3.369803905487060547e+00
9.804924130439758301e-01,6.593304634094238281e+00
1.679294705390930176e+00,-2.104024171829223633e+00
-4.700120985507965088e-01,-6.942550659179687500e+00
-2.647969722747802734e+00,-2.941193580627441406e+00
3.838524103164672852e+00,3.960493803024291992e+00
1.969125866889953613e+00,-1.854515194892883301e+00
1.905974268913269043e+00,3.897886991500854492e+00
3.131356954574584961e+00,4.915453791618347168e-01
-1.090350270271301270e+00,1.853874802589416504e+00
1.024934530258178711e+00,4.923456668853759766e+00
-1.122379541397094727e+00,-1.349774837493896484e+00
-4.467141255736351013e-02,2.342566728591918945e+00
2.980548858642578125e+00,-1.179855614900588989e-01
-8.104951977729797363e-01,-1.410244226455688477e+00
-9.373889304697513580e-03,-4.670983314514160156e+00
-1.279856443405151367e+00,-4.876660823822021484e+00
1.603183388710021973e+00,1.495973706245422363e+00
-1.570842266082763672e+00,-6.321926593780517578e+00
-1.840209364891052246e-01,3.446311473846435547e+00
1.487026453018188477e+00,-1.465691775083541870e-01
-2.496083021163940430e+00,-6.630451083183288574e-01
-2.519995450973510742e+00,1.514416813850402832e+00
1.059385180473327637e+00,1.689829468727111816e+00
-2.171988010406494141e+00,-2.285863161087036133e+00
-3.205178976058959961e+00,-1.231822371482849121e+00
-9.933582544326782227e-01,1.780782580375671387e+00
-1.002054333686828613e+00,1.807594060897827148e+00
-7.382419705390930176e-01,-1.215085506439208984e+00
3.849182724952697754e-01,-3.700318813323974609e+00
2.226852178573608398e+00,3.088283538818359375e+00
-6.667545437812805176e-01,-1.678918600082397461e+00
-6.373316049575805664e-01,-2.376887798309326172e+00
1.342594981193542480e+00,5.167678356170654297e+00
7.016965150833129883e-01,-7.218292713165283203e+00
3.109200596809387207e-01,-1.118820905685424805e+00
-2.046086072921752930e+00,-2.102577447891235352e+00
1.186141014099121094e+00,-2.074658155441284180e+00
2.992225885391235352e+00,1.440867066383361816e+00
-3.678932189941406250e-01,-7.212993502616882324e-02
7.851743698120117188e-01,-5.863660812377929688e+00
1.564272195100784302e-01,-2.610570907592773438e+00
-1.051614508032798767e-01,7.757540941238403320e-01
1.712872534990310669e-01,3.753620386123657227e+00
-3.271685123443603516e+00,-3.545835494995117188e+00
7.903192043304443359e-01,-9.849967360496520996e-01
-2.815016031265258789e+00,-3.368927001953125000e+00
1.930328845977783203e+00,3.020450830459594727e+00
-9.550778865814208984e-01,-3.907327413558959961e+00
2.216138124465942383e+00,6.412277221679687500e+00
2.514976978302001953e+00,-4.945107996463775635e-01
-2.179863452911376953e+00,-1.050821065902709961e+00
1.037723183631896973e+00,3.459440946578979492e+00
-7.380141019821166992e-01,2.353618443012237549e-01
6.372466683387756348e-01,-2.095531463623046875e+00
1.067852139472961426e+00,-6.169092655181884766e+00
-1.417376160621643066e+00,3.138350725173950195e+00
-3.943032026290893555e-01,-8.352074623107910156e-01
-1.330847024917602539e+00,7.868701815605163574e-01
5.762975215911865234e-01,1.873886108398437500e+00
6.424868106842041016e-01,9.810706377029418945e-01
2.519760608673095703e+00,8.515284657478332520e-01
-1.001197457313537598e+00,-5.806712627410888672e+00
1.675642579793930054e-01,-7.992621421813964844e+00
5.431707501411437988e-01,-1.568802952766418457e+00
-1.770183086395263672e+00,2.166312456130981445e+00
2.100292682647705078e+00,3.556918621063232422e+00
-4.710752144455909729e-02,5.278548240661621094e+00
7.805563211441040039e-01,3.950875282287597656e+00
1.459952741861343384e-01,-5.480544090270996094e+00
-1.337014734745025635e-01,-2.969345092773437500e+00
-4.045657515525817871e-01,1.157712340354919434e+00
-8.714449405670166016e-01,-2.207766056060791016e+00
3.729866266250610352e+00,6.543089389801025391e+00
8.956000804901123047e-01,-3.329849243164062500e+00
-1.668481975793838501e-01,-2.573096990585327148e+00
-2.352132350206375122e-01,-6.473192691802978516e+00
7.052679061889648438e-01,8.510766029357910156e-01
1.140440940856933594e+00,-6.049029827117919922e-01
-3.890230357646942139e-01,1.196424603462219238e+00
-3.624094128608703613e-01,1.141849040985107422e+00
1.615015506744384766e+00,1.308017730712890625e+00
7.596831321716308594e-01,-1.011984586715698242e+00
1.283242464065551758e+00,-3.132264375686645508e+00
-1.666374355554580688e-01,6.618602871894836426e-01
-6.232914924621582031e-01,-1.937586784362792969e+00
2.172196388244628906e+00,2.960919857025146484e+00
2.219681262969970703e+00,-1.646036982536315918e+00
3.620891094207763672e+00,3.653917908668518066e-01
-1.706773638725280762e+00,-4.710142612457275391e+00
1.687348365783691406e+00,2.017982006072998047e+00
-3.018973171710968018e-01,2.837005376815795898e+00
1.200881958007812500e+00,-2.867081165313720703e+00
-1.314505040645599365e-01,3.283510684967041016e+00
-1.174825906753540039e+00,-3.348300933837890625e+00
-1.570321619510650635e-01,5.158561229705810547e+00
2.292505025863647461e+00,4.405623912811279297e+00
-1.961303949356079102e+00,-6.532917499542236328e+00
2.709896564483642578e+00,2.852114200592041016e+00
-3.400570154190063477e+00,-1.992857575416564941e+00
1.644921183586120605e+00,-5.409591197967529297e+00
4.057978391647338867e-01,2.159068822860717773e+00
-8.872224092483520508e-01,2.363757848739624023e+00
-7.422053813934326172e-01,-8.848633766174316406e-01
-6.924977302551269531e-01,-2.700738430023193359e+00
-5.037478804588317871e-01,-5.395370483398437500e+00
2.534169912338256836e+00,-8.870940804481506348e-01
3.096822202205657959e-01,6.167611598968505859e+00
-3.235131263732910156e+00,-2.014742940664291382e-01
2.311341315507888794e-01,9.983715601265430450e-03
-9.172703623771667480e-01,2.661326825618743896e-01
2.413327932357788086e+00,3.807747364044189453e+00
-2.765652894973754883e+00,-3.017349243164062500e-01
-2.754821062088012695e+00,-2.135752677917480469e+00
-2.074341773986816406e-01,-1.110730528831481934e+00
1.308183073997497559e+00,4.215945243835449219e+00
-5.707263946533203125e-01,-2.549288749694824219e+00
-1.027947425842285156e+00,-2.363459825515747070e+00
-2.185516119003295898e+00,-2.040525436401367188e+00
-2.885226905345916748e-01,2.505433559417724609e+00
2.194939851760864258e+00,1.682547450065612793e+00
2.355741024017333984e+00,4.794218540191650391e+00
1.544339776039123535e+00,2.712294816970825195e+00
-1.139930963516235352e+00,-4.876145362854003906e+00
-1.262936949729919434e+00,4.050039768218994141e+00
1.344275236129760742e+00,-2.699342012405395508e+00
-3.174684762954711914e+00,-1.132399082183837891e+00
2.043490111827850342e-02,5.444732308387756348e-01
1.519867420196533203e+00,-1.560069561004638672e+00
-5.540809631347656250e-01,7.277475595474243164e-01
1.938811421394348145e+00,2.977334976196289062e+00
-1.406098008155822754e+00,2.439833164215087891e+00
3.199173450469970703e+00,4.840493679046630859e+00
-2.496680974960327148e+00,3.918689787387847900e-01
2.145172119140625000e+00,2.918607473373413086e+00
-2.231633424758911133e+00,-3.582244396209716797e+00
6.490525603294372559e-01,-3.312199831008911133e+00
5.726605653762817383e-02,-1.835116505622863770e+00
1.877817511558532715e+00,-3.213490962982177734e+00
-4.906156957149505615e-01,2.927032947540283203e+00
-3.176511764526367188e+00,-4.769744873046875000e+00
-2.087470054626464844e+00,-4.252119660377502441e-01
-1.639402747154235840e+00,8.586826920509338379e-01
-1.861957550048828125e+00,2.938119649887084961e+00
2.133055686950683594e+00,1.508653521537780762e+00
3.419164657592773438e+00,7.084263324737548828e+00
2.243742465972900391e+00,3.115046501159667969e+00
6.069633960723876953e-01,-3.994523525238037109e+00
9.587869644165039062e-01,2.722788810729980469e+00
-9.961039423942565918e-01,3.969269514083862305e+00
-2.924627363681793213e-01,5.066925525665283203e+00
2.370575428009033203e+00,1.820842504501342773e+00
3.215757846832275391e+00,-9.971854090690612793e-01
-2.590963840484619141e+00,7.492875307798385620e-02
8.306217193603515625e-01,-4.421243190765380859e+00
1.480772018432617188e+00,4.285377979278564453e+00
-1.355709582567214966e-01,-2.730198621749877930e+00
-3.101335048675537109e+00,1.551053673028945923e-01
1.279054760932922363e+00,1.439251303672790527e+00
1.452688574790954590e+00,1.673804044723510742e+00
1.480189085006713867e+00,-1.259052276611328125e+00
9.425251483917236328e-01,3.688457727432250977e+00
3.025977134704589844e+00,-9.021475315093994141e-01
8.164805173873901367e-01,4.221464633941650391e+00
3.165438890457153320e+00,-7.139177322387695312e-01
2.090837359428405762e-01,-5.118185997009277344e+00
3.363382101058959961e+00,-1.040155529975891113e+00
3.909758806228637695e+00,5.488293170928955078e-01
-1.173913836479187012e+00,2.745499134063720703e+00
2.615253686904907227e+00,7.123195171356201172e+00
4.475088119506835938e-01,5.713720321655273438e+00
-1.285654067993164062e+00,-6.173995971679687500e+00
-2.231598615646362305e+00,-6.164566516876220703e+00
1.103362798690795898e+00,-1.180754303932189941e+00
3.874890208244323730e-01,3.235683202743530273e+00
9.111216068267822266e-01,4.835233688354492188e+00
1.432448029518127441e-01,-7.165380001068115234e+00
1.042702674865722656e+00,3.045482337474822998e-01
7.917685806751251221e-02,-5.013066291809082031e+00
1.219045996665954590e+00,2.784894704818725586e+00
3.005272150039672852e+00,7.243213176727294922e+00
7.379364967346191406e-01,-7.768066883087158203e+00
-2.343147546052932739e-01,-3.778402566909790039e+00
2.545132875442504883e+00,2.027234554290771484e+00
7.795963287353515625e-01,-3.614147424697875977e+00
-1.988021254539489746e+00,-3.086912155151367188e+00
-5.383211970329284668e-01,8.283187150955200195e-01
-2.531484365463256836e+00,8.550902009010314941e-01
-2.834513425827026367e+00,-5.749031066894531250e+00
-1.997057914733886719e+00,-1.361323744058609009e-01
-3.234199285507202148e+00,-2.117353200912475586e+00
-1.887503027915954590e+00,5.816810727119445801e-01
-1.210446238517761230e+00,1.660847663879394531e+00
2.257843732833862305e+00,5.731975436210632324e-01
-1.300619840621948242e+00,-4.401403903961181641e+00
2.133205175399780273e+00,-7.515405118465423584e-02
-5.733206272125244141e-01,-2.383881092071533203e+00
-8.608048558235168457e-01,1.532190322875976562e+00
-1.769471526145935059e+00,1.031224966049194336e+00
-2.132609367370605469e+00,-3.067874908447265625e+00
3.442342042922973633e+00,2.786830902099609375e+00
-1.795021891593933105e+00,-1.999800920486450195e+00
3.582359254360198975e-01,3.667743444442749023e+00
1.997349500656127930e+00,4.138752460479736328e+00
-8.656901121139526367e-01,3.878044784069061279e-01
-2.899739980697631836e+00,-6.331268548965454102e-01
-1.719517111778259277e+00,1.890619397163391113e+00
-1.122579202055931091e-01,-2.849710226058959961e+00
3.434197425842285156e+00,2.547247648239135742e+00
-1.903286099433898926e+00,-5.149034500122070312e+00
1.309395879507064819e-01,1.826191663742065430e+00
4.107916653156280518e-01,-6.995135784149169922e+00
6.283757686614990234e-01,1.225148320198059082e+00
-3.150717496871948242e+00,1.795000731945037842e-01
4.471912980079650879e-01,5.917046546936035156e+00
6.975734233856201172e-01,9.110192060470581055e-01
7.876047492027282715e-01,-6.472526788711547852e-01
4.344429492950439453e+00,1.083767652511596680e+00
1.124134182929992676e+00,9.254052639007568359e-01
4.817271232604980469e-01,4.079364538192749023e-01
3.311314344406127930e+00,2.840341329574584961e+00
-2.093286275863647461e+00,-2.169623374938964844e+00
1.334031462669372559e+00,4.231190204620361328e+00
-2.855605602264404297e+00,-1.756292343139648438e+00
4.858014881610870361e-01,-1.257536530494689941e+00
1.970756530761718750e+00,2.113762140274047852e+00
7.416377663612365723e-01,-9.818431138992309570e-01
1.636620014905929565e-01,-6.928611755371093750e+00
3.767008066177368164e+00,6.851872920989990234e+00
-9.013450145721435547e-01,-2.795503139495849609e+00
1.678528189659118652e+00,2.001854419708251953e+00
1.578110814094543457e+00,5.650493621826171875e+00
-6.332836151123046875e-01,-1.680304765701293945e+00
7.230303883552551270e-01,-5.632275938987731934e-01
7.127042412757873535e-01,-6.173372268676757812e+00
-2.305724859237670898e+00,-1.574581861495971680e+00
1.527931541204452515e-01,6.178190231323242188e+00
-3.402028083801269531e+00,-2.790443897247314453e+00
1.567307710647583008e-01,3.195091962814331055e+00
1.825212717056274414e+00,4.256184577941894531e+00
-8.145120739936828613e-01,-3.294751882553100586e+00
2.094162702560424805e+00,4.282137870788574219e+00
1.134199976921081543e+00,4.896407425403594971e-01
-1.113344952464103699e-01,4.603945732116699219e+00
3.511455655097961426e-01,-1.243434786796569824e+00
-8.262000083923339844e-01,-4.787643849849700928e-01
-2.801141262054443359e+00,-1.438650965690612793e+00
-4.646513760089874268e-01,5.527500152587890625e+00
5.665497779846191406e-01,1.753062248229980469e+00
2.621539115905761719e+00,-3.203595399856567383e+00
-2.913785219192504883e+00,-1.801312565803527832e+00
7.923652529716491699e-01,3.366407632827758789e+00
1.094384551048278809e+00,-1.914182066917419434e+00
-1.035008355975151062e-01,-5.423858165740966797e+00
7.080130279064178467e-02,4.233381748199462891e+00
9.916948080062866211e-01,3.175723791122436523e+00
-5.261265635490417480e-01,2.623467922210693359e+00
1.855002880096435547e+00,-2.433110713958740234e+00
-3.110605001449584961e+00,-4.020918369293212891e+00
-3.347487211227416992e+00,-9.067992866039276123e-02
-2.212924480438232422e+00,-5.270340919494628906e+00
-4.550136029720306396e-01,1.029428243637084961e+00
5.328083634376525879e-01,3.367515563964843750e+00
2.841624259948730469e+00,-1.049015745520591736e-01
-1.358243346214294434e+00,-4.054337978363037109e+00
8.578696846961975098e-02,8.904305696487426758e-01
2.700644969940185547e+00,2.951558113098144531e+00
1.376438438892364502e-01,3.790014982223510742e+00
3.110205650329589844e+00,1.589689731597900391e+00
2.398090600967407227e+00,-1.069701075553894043e+00
-5.280220136046409607e-02,7.851688265800476074e-01
-9.105474352836608887e-01,4.318665027618408203e+00
-1.323967337608337402e+00,8.201528191566467285e-01
6.531715393066406250e-01,1.880651473999023438e+00
8.513340950012207031e-01,-1.122335553169250488e+00
-8.105464577674865723e-01,-2.695957660675048828e+00
-1.985707521438598633e+00,1.920392394065856934e+00
3.675289824604988098e-02,1.253707408905029297e+00
1.797366142272949219e+00,-1.131630897521972656e+00
2.861498117446899414e+00,-1.017198443412780762e+00
-7.461376190185546875e-01,-3.426700115203857422e+00
-8.032649755477905273e-01,4.305240213871002197e-01
-1.053530573844909668e+00,2.578867435455322266e+00
-1.810401201248168945e+00,-1.375149488449096680e+00
-9.102239012718200684e-01,-1.607604146003723145e+00
-7.734927535057067871e-01,1.477071166038513184e+00
1.798700809478759766e+00,3.878364324569702148e+00
-1.350373029708862305e+00,-4.292343854904174805e-01
-7.118476033210754395e-01,3.584999084472656250e+00
1.028921484947204590e+00,-8.156684637069702148e-01
-2.024143218994140625e+00,1.929618358612060547e+00
-2.491034746170043945e+00,-5.970016717910766602e-01
2.967766761779785156e+00,2.187339305877685547e+00
-1.456180095672607422e+00,-3.068876266479492188e-01
-2.737273931503295898e+00,-5.549942970275878906e+00
-3.339166641235351562e+00,-2.148838281631469727e+00
2.362038850784301758e+00,2.946291208267211914e+00
-3.198053836822509766e-01,-1.516538143157958984e+00
-1.410109043121337891e+00,4.720389842987060547e+00
3.372514247894287109e+00,9.555011391639709473e-01
1.822271347045898438e-01,1.665470242500305176e+00
2.211802482604980469e+00,3.610989570617675781e+00
-9.889627695083618164e-01,-3.803536891937255859e+00
1.037539482116699219e+00,5.344797968864440918e-01
1.903630375862121582e+00,6.010698318481445312e+00
-3.730906486511230469e+00,-1.817906260490417480e+00
1.991483330726623535e+00,-2.229584604501724243e-01
1.655335545539855957e+00,1.119767069816589355e+00
-9.485874772071838379e-01,-2.723455667495727539e+00
1.598788380622863770e+00,3.232586145401000977e+00
-5.683461427688598633e-01,-5.300542831420898438e+00
-2.860130310058593750e+00,-2.140365123748779297e+00
-1.353770375251770020e+00,9.103559255599975586e-01
1.790151596069335938e+00,5.970851182937622070e-01
-8.880201578140258789e-01,2.868986129760742188e+00
2.940921783447265625e+00,7.838894724845886230e-01
1.497661590576171875e+00,5.932081699371337891e+00
2.090036392211914062e+00,6.071083545684814453e+00
-1.855982542037963867e+00,-1.960995316505432129e+00
1.515749931335449219e+00,1.214004158973693848e+00
-2.527195215225219727e+00,-1.809924244880676270e+00
1.611444830894470215e+00,3.451873958110809326e-01
2.059489011764526367e+00,-1.691925287246704102e+00
-2.092783212661743164e+00,1.206982970237731934e+00
1.389840245246887207e-01,6.209063053131103516e+00
9.845830202102661133e-01,5.406256198883056641e+00
-2.409859895706176758e+00,2.743352174758911133e+00
3.278757810592651367e+00,1.067671895027160645e+00
-5.322687625885009766e-01,-6.678591728210449219e+00
-2.536227226257324219e+00,-3.823525905609130859e+00
1.685855746269226074e+00,3.190846681594848633e+00
1.353894352912902832e+00,2.028588771820068359e+00
2.423573285341262817e-01,-1.087764382362365723e+00
-3.637521266937255859e-01,-5.660147666931152344e+00
2.629874944686889648e-01,1.697783470153808594e-01
-2.128775835037231445e+00,1.321050047874450684e+00
-8.419240713119506836e-01,2.789968848228454590e-01
-7.561190128326416016e-01,1.970166802406311035e+00
-3.068937361240386963e-01,-2.117876052856445312e+00
7.398130893707275391e-01,1.753176808357238770e+00
6.022000312805175781e-01,5.306227684020996094e+00
3.306527853012084961e+00,1.948564767837524414e+00
-1.232753396034240723e+00,2.076792001724243164e+00
4.980383813381195068e-01,3.047011375427246094e+00
6.279634237289428711e-01,9.023297429084777832e-01
-1.271948695182800293e+00,-3.122842550277709961e+00
-2.315767765045166016e+00,-4.693758964538574219e+00
-1.224286079406738281e+00,-5.208871364593505859e+00
2.317291498184204102e+00,3.439993262290954590e-01
2.816141366958618164e+00,7.025736331939697266e+00
-2.877649545669555664e+00,8.675953149795532227e-01
4.097411334514617920e-01,6.612072587013244629e-01
-1.403688549995422363e+00,-4.233196735382080078e+00
1.333674788475036621e+00,-5.389779567718505859e+00
2.170871019363403320e+00,6.441098690032958984e+00
3.719544708728790283e-01,3.282388925552368164e+00
-1.972743630409240723e+00,3.049590587615966797e+00
7.047920674085617065e-02,1.285599112510681152e+00
-1.134797811508178711e+00,2.050952434539794922e+00
-1.845968604087829590e+00,-5.783163070678710938e+00
1.896195173263549805e+00,3.169252395629882812e+00
-2.032039642333984375e+00,8.199663162231445312e-01
-6.404216289520263672e-01,-8.067351341247558594e+00
-3.684880495071411133e+00,-8.509228229522705078e-01
5.856246352195739746e-01,3.005870342254638672e+00
-6.164087057113647461e-01,3.599512338638305664e+00
-2.446337461471557617e+00,2.068076610565185547e+00
-1.808428019285202026e-01,-5.274852752685546875e+00
3.060302019119262695e+00,3.288931608200073242e+00
3.272244691848754883e+00,-9.227738380432128906e-01
-6.832296848297119141e-01,-3.025894165039062500e+00
8.768660016357898712e-03,-2.644365787506103516e+00
-5.344929099082946777e-01,-8.831073641777038574e-01
-1.580912828445434570e+00,-1.764303207397460938e+00
1.657624244689941406e-01,-4.409829139709472656e+00
1.595975309610366821e-01,4.239621162414550781e+00
2.708431720733642578e+00,2.878906726837158203e+00
2.875843048095703125e+00,1.375175356864929199e+00
9.402760863304138184e-01,-2.977291047573089600e-01
3.302790224552154541e-01,3.467571496963500977e+00
-1.699196100234985352e+00,2.387430429458618164e+00
-2.286055564880371094e+00,-1.141596212983131409e-02
-1.802517473697662354e-01,-2.924407005310058594e+00
-7.955167293548583984e-01,-1.980944633483886719e+00
-1.204412654042243958e-01,-4.612246036529541016e+00
2.418663978576660156e+00,-1.402177810668945312e+00
1.837328672409057617e+00,-4.950526058673858643e-01
-1.012821674346923828e+00,-4.753489017486572266e+00
2.462393999099731445e+00,4.271724224090576172e+00
9.161787629127502441e-01,-6.671726703643798828e+00
-2.836903572082519531e+00,-5.745846748352050781e+00
1.165635466575622559e+00,1.659637808799743652e+00
3.379914760589599609e+00,5.487601280212402344e+00
-1.854206800460815430e+00,-5.998922824859619141e+00
-1.027028679847717285e+00,2.059315919876098633e+00
-1.511768341064453125e+00,-2.473369598388671875e+00
1.849975705146789551e+00,5.062645912170410156e+00
-2.697928428649902344e+00,-6.960499286651611328e-01
2.502991914749145508e+00,6.914130687713623047e+00
6.281730532646179199e-01,-1.414925456047058105e-01
-8.513096570968627930e-01,-3.949944496154785156e+00
4.287625849246978760e-01,1.881231427192687988e+00
-1.182193279266357422e+00,-1.184840321540832520e+00
1.214380860328674316e+00,2.087322473526000977e+00
-6.377466917037963867e-01,-3.943487167358398438e+00
-9.488406181335449219e-01,-7.066518068313598633e-01
1.519150853157043457e+00,2.038934946060180664e+00
8.904324769973754883e-01,3.958817720413208008e+00
-1.176440477371215820e+00,-2.470447301864624023e+00
9.496603012084960938e-01,-7.601290941238403320e-01
1.549448132514953613e+00,2.722083628177642822e-01
5.381835103034973145e-01,-5.523264408111572266e+00
-2.812807083129882812e+00,-3.648801326751708984e+00
8.131100535392761230e-01,1.438325047492980957e+00
-2.914225339889526367e+00,-1.733085989952087402e+00
-2.594678640365600586e+00,-9.813361167907714844e-01
-1.388891696929931641e+00,-1.341919898986816406e+00
1.791176758706569672e-02,-4.196103096008300781e+00
1.332632660865783691e+00,1.460227072238922119e-01
2.105953246355056763e-01,5.151854753494262695e-01
1.227558135986328125e+00,4.448148250579833984e+00
8.197855949401855469e-01,-1.537799954414367676e+00
8.677683472633361816e-01,6.286093235015869141e+00
1.051467895507812500e+00,2.387718439102172852e+00
-1.362552881240844727e+00,1.057638168334960938e+00
-4.257644116878509521e-01,-6.912013053894042969e+00
-2.420785188674926758e+00,-1.134775996208190918e+00
-4.147142767906188965e-01,-4.242541313171386719e+00
1.137084662914276123e-01,-4.714397907257080078e+00
-1.814197778701782227e+00,-5.028084278106689453e+00
-2.693787813186645508e+00,1.205397963523864746e+00
-9.844410419464111328e-01,-1.520816802978515625e+00
3.015708208084106445e+00,6.293785095214843750e+00
-2.062408477067947388e-01,5.741379261016845703e+00
1.219553112983703613e+00,-3.870275735855102539e+00
-8.794381022453308105e-01,3.123131036758422852e+00
-1.547242641448974609e+00,-6.794260025024414062e+00
1.385590791702270508e+00,7.036016583442687988e-01
-2.385923862457275391e+00,-3.529303312301635742e+00
-1.414750099182128906e+00,3.080158948898315430e+00
-1.129875183105468750e+00,-1.503852456808090210e-01
-2.665524959564208984e+00,3.118118643760681152e-01
-1.127469897270202637e+00,-6.646212577819824219e+00
2.273110866546630859e+00,-1.516794562339782715e+00
-1.234552741050720215e+00,3.805788755416870117e+00
-3.445570468902587891e-01,-3.449471259955316782e-04
-1.830437898635864258e+00,-5.134119033813476562e+00
1.684126734733581543e+00,6.540396690368652344e+00
-1.070001125335693359e+00,-3.796467542648315430e+00
-1.764599323272705078e+00,3.670423269271850586e+00
1.607154965400695801e+00,-2.986499071121215820e+00
3.296738862991333008e+00,-1.179728627204895020e+00
2.806544780731201172e+00,1.796927452087402344e+00
-4.652384817600250244e-01,2.994667768478393555e+00
5.466843843460083008e-01,-3.201852083206176758e+00
-1.953837633132934570e+00,-1.186020493507385254e+00
1.667377233505249023e+00,5.142764091491699219e+00
3.350725889205932617e+00,6.569224834442138672e+00
4.449243545532226562e-01,-2.498506307601928711e+00
-5.357015728950500488e-01,5.422890663146972656e+00
-3.012732267379760742e-01,1.691842436790466309e+00
-1.367732644081115723e+00,-2.767633676528930664e+00
-1.260495185852050781e+00,-1.609662055969238281e+00
-3.202117681503295898e+00,-1.831465512514114380e-01
-3.364610910415649414e+00,-1.928596258163452148e+00
4.026057720184326172e+00,1.575900554656982422e+00
-8.230549097061157227e-01,4.482067108154296875e+00
5.209085345268249512e-01,2.329172372817993164e+00
-5.085456371307373047e-01,-6.888548851013183594e+00
-1.154801964759826660e+00,-1.093359112739562988e+00
1.339760869741439819e-01,-4.387657165527343750e+00
-2.193516492843627930e+00,-4.986092746257781982e-01
-1.110386133193969727e+00,1.868422389030456543e+00
1.567869633436203003e-01,8.929327130317687988e-02
2.372925043106079102e+00,-2.718277215957641602e+00
1.890529632568359375e+00,-7.184765338897705078e-01
-2.163713216781616211e+00,1.435080170631408691e+00
2.023440837860107422e+00,2.543975353240966797e+00
-8.485142588615417480e-01,-2.342941045761108398e+00
-8.892395496368408203e-01,-2.101901918649673462e-01
3.342999935150146484e+00,7.167238235473632812e+00
-1.344350218772888184e+00,-4.808571189641952515e-02
-1.448574423789978027e+00,-3.259065747261047363e-02
-3.442535877227783203e+00,6.039741039276123047e-01
-1.331537842750549316e+00,-6.319870471954345703e+00
1.949272274971008301e+00,-1.523070484399795532e-01
-2.325504779815673828e+00,-9.282125830650329590e-01
3.058113813400268555e+00,6.372742652893066406e+00
-1.938120275735855103e-01,-3.562450885772705078e+00
-2.773787498474121094e+00,-1.576407670974731445e+00
5.589368566870689392e-02,4.357557296752929688e+00
2.189024209976196289e+00,7.033782958984375000e+00
2.014602661132812500e+00,-1.605480909347534180e+00
-5.952040664851665497e-03,-6.069153785705566406e+00
-3.263780176639556885e-01,-2.799364566802978516e+00
-3.029609680175781250e+00,-7.174138426780700684e-01
3.081915974617004395e-01,5.881212711334228516e+00
-5.657218694686889648e-01,-4.105138778686523438e+00
2.103924512863159180e+00,4.630075931549072266e+00
-3.482417762279510498e-01,2.409255266189575195e+00
-1.252783298492431641e+00,3.047258853912353516e+00
1.537623167037963867e+00,6.266023516654968262e-01
-2.217387557029724121e-01,-6.957874298095703125e+00
-4.740647673606872559e-01,-7.010807991027832031e+00
1.640890985727310181e-01,5.351706027984619141e+00
3.859057998657226562e+01,1.798850059509277344e+01
1.772590160369873047e+00,-4.409181773662567139e-01
2.758581876754760742e+00,3.913028001785278320e+00
1.714284531772136688e-02,-4.465530872344970703e+00
-5.111999511718750000e-01,1.577552291564643383e-03
-1.922188997268676758e+00,-3.208672046661376953e+00
2.314386844635009766e+00,4.741160392761230469e+00
-1.894738912582397461e+00,1.928445458412170410e+00
6.398967504501342773e-01,-2.124752998352050781e+00
2.616306543350219727e+00,7.260952472686767578e+00
-1.285487532615661621e+00,2.234918117523193359e+00
1.328372359275817871e+00,6.168670654296875000e+00
-8.885980248451232910e-01,3.328619301319122314e-01
-1.820742368698120117e+00,-4.869177818298339844e+00
-5.164093375205993652e-01,3.401432037353515625e-01
3.901768207550048828e+00,1.605821013450622559e+00
1.090757727622985840e+00,-3.272876501083374023e+00
3.448537111282348633e+00,2.577701807022094727e+00
6.719151139259338379e-01,-4.216729640960693359e+00
-2.086686134338378906e+00,-4.210377216339111328e+00
-8.200733065605163574e-01,1.525802016258239746e+00
-1.984062910079956055e+00,-4.301481246948242188e+00
-3.121192693710327148e+00,-4.089863300323486328e+00
-3.325112342834472656e+00,-2.162223100662231445e+00
-1.615374565124511719e+00,-1.363542318344116211e+00
-1.479907870292663574e+00,-3.419758677482604980e-01
-2.018991231918334961e+00,-1.261411309242248535e+00
2.300724089145660400e-01,-1.468472957611083984e+00
1.223420858383178711e+00,-3.547443628311157227e+00
7.861636877059936523e-01,-2.558379888534545898e+00
1.217247128486633301e+00,4.246481895446777344e+00
1.660053968429565430e+00,1.605553865432739258e+00
-2.366422414779663086e+00,-3.106579303741455078e+00
-7.356729507446289062e-01,1.167327642440795898e+00
-4.219323769211769104e-02,3.132640600204467773e+00
2.259806841611862183e-01,-2.034942388534545898e+00
-2.164355754852294922e+00,-4.441824436187744141e+00
-4.580687284469604492e-01,6.380531787872314453e-01
4.013246595859527588e-01,-2.285083770751953125e+00
4.096936881542205811e-01,4.737744808197021484e+00
1.435112953186035156e-01,4.347169101238250732e-01
-6.064650416374206543e-01,4.239943504333496094e+00
-1.028826475143432617e+00,3.809078693389892578e+00
1.069179773330688477e+00,-9.296945929527282715e-01
9.580137133598327637e-01,-5.462117671966552734e+00
-1.269173264503479004e+00,-6.079041004180908203e+00
6.100529059767723083e-02,-1.930914759635925293e+00
-5.172878503799438477e-01,-1.787304997444152832e+00
-6.731358170509338379e-01,1.498784869909286499e-01
2.616364717483520508e+00,-8.692575097084045410e-01
1.359040498733520508e+00,3.122379779815673828e-01
6.355926990509033203e-01,-2.004342079162597656e+00
9.788033366203308105e-01,-5.241269588470458984e+00
8.544624447822570801e-01,3.033540487289428711e+00
-3.231919765472412109e+00,-1.016911506652832031e+00
2.952299833297729492e+00,3.816968500614166260e-01
-2.284476995468139648e+00,-4.044005393981933594e+00
-9.485651850700378418e-01,2.073389291763305664e+00
8.551165461540222168e-01,-9.464795589447021484e-01
-2.434007823467254639e-01,-3.984671115875244141e+00
1.844610095024108887e+00,-3.612517118453979492e+00
3.037749528884887695e+00,6.727621555328369141e-01
2.964645385742187500e+00,6.479005336761474609e+00
1.658667087554931641e+00,1.677268266677856445e+00
-1.673125028610229492e+00,-2.402610033750534058e-01
-1.978082180023193359e+00,-2.577075958251953125e+00
2.904446363449096680e+00,7.054176330566406250e+00
1.174398422241210938e+00,1.900226235389709473e+00
-1.792558670043945312e+00,-1.187275052070617676e+00
-1.519561409950256348e+00,9.878498315811157227e-01
5.897182226181030273e-01,2.065369129180908203e+00
-3.553806066513061523e+00,-8.139898180961608887e-01
1.333249330520629883e+00,6.144800186157226562e+00
2.291997909545898438e+00,-2.453598499298095703e+00
-2.527646541595458984e+00,-6.080392360687255859e+00
4.698326811194419861e-02,-7.469987869262695312e-01
-3.168590545654296875e+00,5.904732272028923035e-02
-1.780043840408325195e+00,-4.845505207777023315e-02
3.097822666168212891e+00,2.038272380828857422e+00
-9.235592484474182129e-01,-7.366135120391845703e+00
-2.763422429561614990e-01,-6.509788513183593750e+00
5.694395303726196289e-01,-4.297717511653900146e-01
-9.868967533111572266e-01,-7.405550479888916016e+00
-9.952989220619201660e-02,3.504283428192138672e+00
3.272984623908996582e-01,5.694694995880126953e+00
-1.853086113929748535e+00,6.420805454254150391e-01
-8.400499820709228516e-01,1.680914402008056641e+00
5.664666891098022461e-01,5.780000686645507812e-01
-2.405219554901123047e+00,1.561175704002380371e+00
-2.320660352706909180e+00,3.234508275985717773e+00
-1.585776567459106445e+00,-8.577166199684143066e-01
3.096727848052978516e+00,4.792576313018798828e+00
-2.597837686538696289e+00,-2.607329607009887695e+00
1.532343149185180664e+00,-4.081612586975097656e+00
6.504905223846435547e-01,1.054443717002868652e+00
-9.522795677185058594e-01,-2.390104770660400391e+00
-2.491454124450683594e+00,1.625095129013061523e+00
6.651378273963928223e-01,-1.891007781028747559e+00
2.528476953506469727e+00,2.493323087692260742e-01
2.388948678970336914e+00,-1.913996636867523193e-01
-9.795521497726440430e-01,3.944448232650756836e+00
1.257974624633789062e+00,2.351901493966579437e-03
9.517604112625122070e-01,6.681776523590087891e+00
-3.523195683956146240e-01,-6.586412429809570312e+00
-4.532747566699981689e-01,3.892892599105834961e+00
-3.569059669971466064e-01,4.046282768249511719e+00
1.732244729995727539e+00,8.490687012672424316e-01
1.831885427236557007e-01,-4.336404502391815186e-01
3.210112333297729492e+00,-8.024622201919555664e-01
3.373739421367645264e-01,1.416165828704833984e+00
8.107519149780273438e-01,4.173954963684082031e+00
-5.680767893791198730e-01,-1.146993160247802734e+00
2.835441350936889648e+00,2.265716552734375000e+00
-2.222895145416259766e+00,-1.592773675918579102e+00
1.194428056478500366e-01,-5.571354866027832031e+00
-3.089177608489990234e-01,6.651554703712463379e-01
6.416056752204895020e-01,3.844633817672729492e+00
2.467651367187500000e+00,1.319339036941528320e+00
2.524096727371215820e+00,6.858979701995849609e+00
-2.791783094406127930e+00,-6.239904761314392090e-01
-2.471613287925720215e-01,3.005108833312988281e+00
-2.374035596847534180e+00,-7.084797620773315430e-01
9.528606534004211426e-01,-1.499592781066894531e+00
5.975635647773742676e-01,2.639301776885986328e+00
-2.313573598861694336e+00,6.803763564676046371e-03
2.061322689056396484e+00,3.949373587965965271e-02
8.539745956659317017e-02,4.091550111770629883e-01
-2.107647180557250977e+00,2.954150915145874023e+00
-4.517366588115692139e-01,1.723073244094848633e+00
1.373158216476440430e+00,-6.629135608673095703e+00
-1.387549489736557007e-01,3.188847780227661133e+00
1.998351573944091797e+00,2.207859516143798828e+00
8.188093900680541992e-01,4.237398624420166016e+00
-2.617420434951782227e+00,-2.833805561065673828e+00
1.094791293144226074e+00,5.117277145385742188e+00
1.356087803840637207e+00,6.134817600250244141e-01
2.678617238998413086e+00,4.492378234863281250e+00
1.278481125831604004e+00,-2.287469625473022461e+00
-1.673282146453857422e+00,-1.526965666562318802e-02
6.126965284347534180e-01,-5.634809017181396484e+00
2.372151136398315430e+00,4.667011737823486328e+00
-2.223707437515258789e+00,-3.232514858245849609e-01
3.837398886680603027e-01,-6.316881656646728516e+00
-1.555384635925292969e+00,-3.922894001007080078e+00
-3.466071784496307373e-01,5.142354965209960938e+00
-2.594649076461791992e+00,1.636661648750305176e+00
-5.631178617477416992e-01,-1.203730463981628418e+00
2.732890129089355469e+00,3.647069215774536133e+00
1.242622971534729004e+00,-4.502973556518554688e-01
-5.558251142501831055e-01,-4.552579522132873535e-01
-1.602347135543823242e+00,1.062000274658203125e+00
1.692425251007080078e+00,2.290686845779418945e+00
4.528399184346199036e-02,-5.141780376434326172e+00
1.303271763026714325e-02,-6.615412712097167969e+00
-8.746448755264282227e-01,-6.510398983955383301e-01
-8.614347577095031738e-01,-1.465303540229797363e+00
3.478120088577270508e+00,-1.950188279151916504e-01
2.699265003204345703e+00,7.110715866088867188e+00
1.068280220031738281e+00,-1.502903461456298828e+00
-9.810969829559326172e-01,1.259549617767333984e+00
1.617500305175781250e+00,2.267807006835937500e+00
-2.485785931348800659e-01,3.482007682323455811e-01
-7.691195607185363770e-02,9.826107025146484375e-01
1.659224271774291992e+00,3.461993217468261719e+00
2.768545627593994141e+00,5.160099983215332031e+00
-2.671324729919433594e+00,2.301573991775512695e+00
5.435371994972229004e-01,3.097236871719360352e+00
7.178574055433273315e-02,4.360984325408935547e+00
-4.280502796173095703e-01,2.248158931732177734e+00
3.823552429676055908e-01,1.805553913116455078e+00
1.277566909790039062e+00,-1.722845673561096191e+00
-1.572149276733398438e+00,-3.944853842258453369e-01
-7.758188843727111816e-01,-6.020221233367919922e+00
-2.303456306457519531e+00,-1.516107767820358276e-01
3.090359449386596680e+00,1.239109039306640625e+00
7.200739979743957520e-01,3.485213518142700195e+00
-9.240777492523193359e-01,1.903553158044815063e-01
-3.186826467514038086e+00,-2.443623542785644531e+00
6.638197302818298340e-01,2.887589454650878906e+00
-2.063625603914260864e-01,-2.406430006027221680e+00
3.016954660415649414e+00,2.256492137908935547e+00
3.038940906524658203e+00,9.146428853273391724e-02
1.601530790328979492e+00,-4.057707786560058594e+00
-2.480515986680984497e-01,5.502606928348541260e-02
8.122821450233459473e-01,5.571097373962402344e+00
-3.533135056495666504e-01,-6.559754014015197754e-01
6.145826578140258789e-01,-6.398481845855712891e+00
8.545170724391937256e-02,-7.406460285186767578e+00
1.116886854171752930e+00,1.397112458944320679e-01
2.881148338317871094e+00,5.699443817138671875e+00
-1.438930153846740723e+00,-3.487641334533691406e+00
1.163283586502075195e+00,5.642064571380615234e+00
2.226662397384643555e+00,2.811063528060913086e+00
-2.049558639526367188e+00,-4.301548004150390625e-01
-1.431044220924377441e+00,1.564038515090942383e+00
2.239407062530517578e+00,-1.853132367134094238e+00
-2.764461040496826172e-01,-4.211886405944824219e+00
-3.160544872283935547e+00,-4.756556987762451172e+00
-1.642619967460632324e+00,-2.444544792175292969e+00
1.212248563766479492e+00,2.148559093475341797e+00
2.686117887496948242e+00,-2.847729921340942383e+00
-1.964694380760192871e+00,-2.282999753952026367e+00
-1.601239442825317383e+00,-4.883622825145721436e-01
-8.191192746162414551e-01,1.760818004608154297e+00
5.801174044609069824e-01,-6.099632740020751953e+00
-7.370375394821166992e-01,-1.626047968864440918e+00
-2.081027746200561523e+00,-2.409107685089111328e+00
4.251216650009155273e-01,-2.410826086997985840e-01
-4.186595678329467773e-01,2.897842884063720703e+00
4.143307507038116455e-01,-7.040281295776367188e+00
1.609156131744384766e+00,-5.247195243835449219e+00
6.114586591720581055e-01,-6.422370910644531250e+00
2.671229600906372070e+00,-2.119245767593383789e+00
2.508060693740844727e+00,-1.583607316017150879e+00
2.221565008163452148e+00,1.887354373931884766e+00
1.491557478904724121e+00,3.931372404098510742e+00
-3.945508599281311035e-01,3.454933166503906250e+00
2.058407068252563477e+00,3.740534305572509766e+00
9.937813282012939453e-01,-6.195802092552185059e-01
-1.447882801294326782e-01,8.080074191093444824e-01
2.625780582427978516e+00,2.963459730148315430e+00
-1.480429917573928833e-01,-7.452357769012451172e+00
6.353068947792053223e-01,4.626029491424560547e+00
5.854389071464538574e-01,1.501291394233703613e+00
2.510043680667877197e-01,-5.076871395111083984e+00
9.451304674148559570e-01,-3.355793237686157227e+00
-2.009540081024169922e+00,2.224682331085205078e+00
-1.828892469406127930e+00,-3.611224591732025146e-01
1.660224348306655884e-01,-6.230466365814208984e+00
3.045277357101440430e+00,1.422219991683959961e+00
-1.764749765396118164e+00,-2.979834079742431641e+00
-2.323155164718627930e+00,-4.217061042785644531e+00
-3.356489419937133789e+00,-2.960593461990356445e+00
1.407182574272155762e+00,5.908002853393554688e+00
7.098992466926574707e-01,-3.832579135894775391e+00
-1.264715671539306641e+00,-4.715559959411621094e+00
-1.256000399589538574e-01,-3.900479793548583984e+00
-1.683206439018249512e+00,1.034630894660949707e+00
5.947936773300170898e-01,4.509474039077758789e-01
-1.941653966903686523e+00,-3.816089153289794922e+00
-1.745103001594543457e+00,2.410135269165039062e+00
2.390985965728759766e+00,2.719577789306640625e+00
-1.952164530754089355e+00,-1.517110705375671387e+00
2.230602979660034180e+00,1.364436268806457520e+00
-1.589509367942810059e+00,2.778695106506347656e+00
-2.178468704223632812e-01,-1.962314009666442871e+00
3.117594003677368164e+00,-1.251494526863098145e+00
-2.872748613357543945e+00,-5.625576972961425781e-01
-6.682227253913879395e-01,-7.422677993774414062e+00
8.949217200279235840e-01,2.760585784912109375e+00
-2.064404487609863281e+00,-4.824962139129638672e+00
1.419678330421447754e+00,1.687896728515625000e+00
9.138445854187011719e-01,5.941951751708984375e+00
-1.460797905921936035e+00,-6.928057670593261719e-01
-1.351669430732727051e+00,1.391303181648254395e+00
-1.120710253715515137e+00,-5.186552047729492188e+00
-2.114957571029663086e+00,1.758003950119018555e+00
-1.411219835281372070e+00,2.584234714508056641e+00
6.662198305130004883e-01,2.411278337240219116e-01
5.907004475593566895e-01,-1.205172896385192871e+00
9.387435913085937500e-01,-8.240226507186889648e-01
-2.188235521316528320e+00,-5.826388001441955566e-01
1.621060013771057129e+00,4.984276771545410156e+00
1.232625603675842285e+00,-2.597509622573852539e+00
-2.113247394561767578e+00,-4.404311180114746094e-01
2.368680953979492188e+00,-1.055574178695678711e+00
-2.673318088054656982e-01,-2.443747520446777344e+00
-1.368727922439575195e+00,-4.526110172271728516e+00
-6.951402872800827026e-02,-9.817726612091064453e-01
-1.663905262947082520e+00,3.669275283813476562e+00
7.969129681587219238e-01,1.003564953804016113e+00
3.175065040588378906e+00,4.074230194091796875e-01
1.349085330963134766e+00,6.163023471832275391e+00
1.345343947410583496e+00,3.550958633422851562e+00
2.372789144515991211e+00,-1.073209166526794434e+00
-1.783814549446105957e+00,-2.633259534835815430e+00
-1.156256914138793945e+00,-3.381985425949096680e+00
-2.075865983963012695e+00,-3.378657341003417969e+00
-3.581664800643920898e+00,-5.389959812164306641e-01
1.319839239120483398e+00,-2.692777872085571289e+00
3.290979146957397461e+00,5.504056930541992188e+00
-3.091103792190551758e+00,-3.758481979370117188e+00
2.753941774368286133e+00,-1.346176147460937500e+00
1.562219738960266113e+00,-2.525720000267028809e-01
4.582405984401702881e-01,-6.911738872528076172e+00
-5.560320615768432617e-01,1.525527238845825195e+00
-1.412731289863586426e+00,-5.518413186073303223e-01
6.630535721778869629e-01,2.336280643939971924e-01
3.250325202941894531e+00,3.965403139591217041e-01
4.516050219535827637e-01,1.387907624244689941e+00
1.414065837860107422e+00,-4.068441390991210938e-01
-3.691623449325561523e+00,-1.313379287719726562e+00
2.891910791397094727e+00,1.835460066795349121e+00
1.872506260871887207e+00,-3.593084573745727539e+00
-2.252043247222900391e+00,-2.460985660552978516e+00
1.522774219512939453e+00,1.235301494598388672e+00
2.687916517257690430e+00,3.475282192230224609e+00
-9.777742624282836914e-01,-1.628506332635879517e-01
-2.080425024032592773e+00,-3.119523763656616211e+00
-1.015450716018676758e+00,-5.323866844177246094e+00
4.632372856140136719e-01,-5.559559345245361328e+00
1.081655979156494141e+00,1.766622066497802734e+00
-1.856752991676330566e+00,8.477267622947692871e-01
-2.156044483184814453e+00,-1.002665996551513672e+00
2.083083629608154297e+00,1.224614977836608887e+00
2.846559286117553711e+00,6.305408477783203125e-01
-1.869287848472595215e+00,-7.318496108055114746e-01
-1.885994195938110352e+00,-5.682663917541503906e+00
-2.406311184167861938e-01,-6.287588596343994141e+00
1.771438717842102051e-01,-2.485813140869140625e+00
-5.871083736419677734e-01,1.401837825775146484e+00
-2.845616579055786133e+00,-3.568286180496215820e+00
-3.062242746353149414e+00,-2.578580677509307861e-01
7.530648708343505859e-01,-3.576478004455566406e+00
-3.067044734954833984e+00,-2.161031007766723633e+00
-3.067030012607574463e-01,-2.535682678222656250e+00
1.122843101620674133e-01,3.821154117584228516e+00
3.120454847812652588e-01,6.756095886230468750e-01
3.411923170089721680e+00,6.683078765869140625e+00
-5.413229018449783325e-02,-4.060319900512695312e+00
1.532511234283447266e+00,-8.285970091819763184e-01
-1.916641354560852051e+00,3.213848590850830078e+00
-1.382938742637634277e+00,1.058176159858703613e+00
3.158857226371765137e-01,1.868472456932067871e+00
4.500268772244453430e-02,-1.067578673362731934e+00
4.310389161109924316e-01,-4.285356998443603516e-01
2.114791981875896454e-02,1.209534168243408203e+00
5.819855332374572754e-01,3.268295526504516602e+00
6.403865218162536621e-01,4.245927810668945312e+00
8.365569710731506348e-01,1.730304956436157227e+00
-2.327724218368530273e+00,5.847766399383544922e-01
1.632640242576599121e+00,-2.965517342090606689e-01
3.295662879943847656e+00,-1.124208569526672363e+00
2.382034778594970703e+00,3.399778842926025391e+00
-6.109322309494018555e-01,-2.109404087066650391e+00
6.533346772193908691e-01,5.040368080139160156e+00
1.524405241012573242e+00,6.365343332290649414e-01
2.974494457244873047e+00,-5.697403103113174438e-02
-1.185541272163391113e+00,2.997309923171997070e+00
-2.436176061630249023e+00,-6.972714662551879883e-01
-2.969656944274902344e+00,-3.326314210891723633e+00
-1.214253783226013184e+00,-1.260275483131408691e+00
6.850795149803161621e-01,3.042156457901000977e+00
2.652093172073364258e+00,2.644657850265502930e+00
-6.615624427795410156e-01,4.988795280456542969e+00
1.258841514587402344e+00,2.417122274637222290e-01
2.931866645812988281e+00,7.190725803375244141e+00
1.641456604003906250e+00,-1.589766144752502441e+00
-3.161224126815795898e-01,-2.977160453796386719e+00
3.462758064270019531e+00,4.579651355743408203e+00
1.873414635658264160e+00,-4.037205219268798828e+00
1.896250247955322266e+00,-3.540699720382690430e+00
-1.999933004379272461e+00,-7.521562576293945312e-01
1.277789622545242310e-01,5.338046073913574219e+00
-7.221765071153640747e-02,-7.510639190673828125e+00
1.264267802238464355e+00,2.837928771972656250e+00
4.102228581905364990e-01,3.224012136459350586e+00
1.500793457031250000e+00,1.616584777832031250e+00
1.926453351974487305e+00,6.010789394378662109e+00
-3.048872649669647217e-01,-4.250278949737548828e+00
-2.180380105972290039e+00,-3.791495561599731445e-01
-3.887101411819458008e-01,-9.182322025299072266e-01
-3.550977468490600586e+00,-8.052263855934143066e-01
-4.838203489780426025e-01,-2.808081388473510742e+00
-5.234251022338867188e-01,1.020728468894958496e+00
1.468018770217895508e+00,1.618093013763427734e+00
-2.224481105804443359e+00,-3.860131025314331055e+00
-6.812693178653717041e-02,-2.291698932647705078e+00
1.731150627136230469e+00,-4.346042156219482422e+00
5.083943009376525879e-01,3.788961172103881836e-01
1.930297851562500000e+00,4.034055173397064209e-01
-1.379914879798889160e+00,-3.352365255355834961e+00
2.471310138702392578e+00,-1.060908079147338867e+00
1.399748176336288452e-01,-1.876675605773925781e+00
1.050555944442749023e+00,-2.200886487960815430e+00
1.322905421257019043e+00,-5.353266239166259766e+00
-1.192290663719177246e+00,2.168519496917724609e+00
-2.280173301696777344e+00,1.160277009010314941e+00
9.754848480224609375e-01,4.696694850921630859e+00
-2.483257293701171875e+00,2.209005057811737061e-01
-1.998602032661437988e+00,1.010662913322448730e+00
-4.718412756919860840e-01,3.776643037796020508e+00
7.246007919311523438e-01,-5.473869800567626953e+00
-2.097266435623168945e+00,-2.412941455841064453e+00
9.059625864028930664e-01,-5.375138282775878906e+00
-1.533826589584350586e+00,-1.321267366409301758e+00
-4.241214692592620850e-01,-4.214635372161865234e+00
7.834695577621459961e-01,-5.636577606201171875e+00
-1.751524209976196289e+00,-3.547810792922973633e+00
-1.283485535532236099e-02,-3.360455036163330078e+00
9.425961375236511230e-01,1.461922287940979004e+00
-2.667844295501708984e-01,2.633321046829223633e+00
9.944051504135131836e-01,2.407942771911621094e+00
-2.660308122634887695e+00,1.735932707786560059e+00
5.078473687171936035e-01,-1.582073211669921875e+00
-9.164758026599884033e-02,-3.127107381820678711e+00
1.666525006294250488e+00,3.573969900608062744e-01
3.820921778678894043e-01,5.079210281372070312e+00
-2.352108001708984375e+00,-1.705784201622009277e+00
-3.032681226730346680e+00,-5.494249820709228516e+00
2.694132566452026367e+00,5.928236484527587891e+00
-5.177687406539916992e-01,-4.990730762481689453e+00
3.196593046188354492e+00,1.232743382453918457e+00
7.391890883445739746e-01,4.057694911956787109e+00
7.950074076652526855e-01,-2.031955480575561523e+00
-7.170989513397216797e-01,4.421200752258300781e+00
-2.662999153137207031e+00,-1.473601460456848145e+00
-1.852451801300048828e+00,-1.767693638801574707e+00
3.253279685974121094e+00,-1.022023558616638184e+00
1.318946361541748047e+00,-6.174622178077697754e-01
-2.347800254821777344e+00,-5.568174123764038086e-01
-3.157692193984985352e+00,-2.184935569763183594e+00
1.527197599411010742e+00,-2.892173290252685547e+00
7.225339412689208984e-01,5.603548288345336914e-01
3.350667715072631836e+00,5.538119316101074219e+00
-2.569123983383178711e+00,1.165046691894531250e+00
1.137160181999206543e+00,2.515003919601440430e+00
1.050584241747856140e-01,-1.891681075096130371e+00
-6.246716976165771484e-01,4.190243408083915710e-02
-3.449833154678344727e+00,-3.015775918960571289e+00
-6.041133403778076172e-01,-1.967150092124938965e+00
-1.849492549896240234e+00,8.783332109451293945e-01
4.075086414813995361e-01,-4.173225879669189453e+00
2.580798625946044922e+00,-5.977060198783874512e-01
-1.520499587059020996e-01,-3.695256948471069336e+00
2.331250905990600586e+00,2.215953588485717773e+00
-4.998773932456970215e-01,1.353946208953857422e+00
8.665601015090942383e-01,-1.591971814632415771e-01
1.098682880401611328e+00,6.011104106903076172e+00
6.665405035018920898e-01,-1.713045716285705566e+00
-3.011679410934448242e+00,7.287778854370117188e-01
2.582490205764770508e+00,2.379483461380004883e+00
3.564499020576477051e-01,5.846294403076171875e+00
-3.764602243900299072e-01,-5.806227207183837891e+00
1.744552612304687500e+00,-3.199463784694671631e-01
-3.401218891143798828e+00,7.618710994720458984e-01
-1.012443542480468750e+00,1.121483325958251953e+00
-2.096919775009155273e+00,1.161828875541687012e+00
3.126568555831909180e+00,-1.003452301025390625e+00
1.018491983413696289e+00,-2.979910969734191895e-01
-2.754248857498168945e+00,-4.747319698333740234e+00
-2.933401584625244141e+00,-9.872880578041076660e-01
-3.136603355407714844e+00,-1.559820890426635742e+00
-2.740255892276763916e-01,-1.705494880676269531e+00
4.633903205394744873e-01,3.761789321899414062e+00
3.884619176387786865e-01,5.769615173339843750e-01
-1.949339032173156738e+00,1.190315365791320801e+00
5.302431583404541016e-01,-8.783023357391357422e-01
1.049564599990844727e+00,3.629962444305419922e+00
5.686698555946350098e-01,-1.232662558555603027e+00
1.357471495866775513e-01,1.582449674606323242e+00
3.514107704162597656e+00,5.886053442955017090e-01
1.454415678977966309e+00,-3.004741668701171875e+00
7.869739532470703125e-01,4.571960449218750000e+00
-6.338009238243103027e-01,5.328265666961669922e+00
-1.591591477394104004e+00,-1.798288464546203613e+00
2.022123813629150391e+00,2.239068746566772461e+00
2.222301065921783447e-01,3.056331634521484375e+00
-2.633277416229248047e+00,2.469238519668579102e+00
-2.466336250305175781e+00,4.751126170158386230e-01
-2.473421335220336914e+00,-5.846506357192993164e-01
-2.233635336160659790e-01,-2.403542995452880859e+00
2.193468093872070312e+00,1.686711668968200684e+00
-2.497354745864868164e+00,-2.717563867568969727e+00
-2.761003255844116211e+00,2.731767177581787109e+00
3.501488208770751953e+00,1.113407850265502930e+00
-2.729238986968994141e+00,-3.497178554534912109e-01
-2.662832498550415039e+00,-5.572074890136718750e+00
-1.363160490989685059e+00,-6.682748198509216309e-01
1.499214172363281250e+00,6.013474464416503906e+00
4.346534609794616699e-01,5.386047363281250000e+00
-8.200035095214843750e-01,7.138787508010864258e-01
-2.482108354568481445e+00,-3.934068202972412109e+00
1.925333589315414429e-02,-5.842567086219787598e-01
-2.114513874053955078e+00,1.085179686546325684e+00
-9.704566001892089844e-01,3.141813755035400391e+00
-2.104105234146118164e+00,-1.153624773025512695e+00
1.311791315674781799e-02,-1.899779558181762695e+00
1.057018876075744629e+00,4.947015643119812012e-01
-2.805794239044189453e+00,-3.586763858795166016e+00
-7.501064538955688477e-01,-2.716809511184692383e+00
-1.432304859161376953e+00,1.816957890987396240e-01
-1.967880010604858398e+00,2.221613168716430664e+00
7.115010023117065430e-01,8.481144905090332031e-01
8.098765015602111816e-01,3.594918966293334961e+00
-8.048273324966430664e-01,-2.727716684341430664e+00
1.320354700088500977e+00,7.593168735504150391e+00
3.965547943115234375e+01,-7.560879707336425781e+00
-2.670520544052124023e-01,-6.521737575531005859e-02
2.018446207046508789e+00,6.018637657165527344e+00
-4.243670403957366943e-01,-1.975397586822509766e+00
-1.681089162826538086e+00,-3.592088222503662109e+00
8.635928034782409668e-01,6.014589786529541016e+00
2.481465816497802734e+00,3.511602640151977539e+00
-8.129672408103942871e-01,-3.340952873229980469e+00
-3.718792438507080078e+00,-1.283703565597534180e+00
-1.118468523025512695e+00,-9.914466738700866699e-01
-6.866492033004760742e-01,-6.030789852142333984e+00
6.728969812393188477e-01,1.457844853401184082e+00
-1.779272317886352539e+00,3.869510412216186523e+00
5.566656589508056641e-01,-5.489358901977539062e+00
-8.277453184127807617e-01,-5.972592353820800781e+00
-1.274036407470703125e+00,-5.522840023040771484e+00
2.959349155426025391e+00,6.226628303527832031e+00
1.810148000717163086e+00,2.901078701019287109e+00
4.343661367893218994e-01,1.456250071525573730e+00
1.042571187019348145e+00,4.413725852966308594e+00
-3.062875509262084961e+00,-3.898199498653411865e-01
8.871042728424072266e-01,2.338823318481445312e+00
9.904327988624572754e-01,3.162765741348266602e+00
2.241647005081176758e+00,-2.487355947494506836e+00
-2.209309816360473633e+00,-2.833829641342163086e+00
-1.173451662063598633e+00,-1.118854403495788574e+00
2.409769773483276367e+00,2.178208112716674805e+00
8.834658265113830566e-01,-2.149868011474609375e+00
8.892608880996704102e-01,-2.686927080154418945e+00
2.808143138885498047e+00,2.496215105056762695e+00
-1.512462258338928223e+00,1.101052641868591309e+00
-2.129062175750732422e+00,-3.475298643112182617e+00
-8.901059031486511230e-01,-5.352947711944580078e+00
7.918473333120346069e-02,1.280262708663940430e+00
-2.724129199981689453e+00,-5.793866157531738281e+00
1.006554722785949707e+00,-1.376352429389953613e+00
2.365750312805175781e+00,-3.059930801391601562e+00
2.255021572113037109e+00,-1.379867941141128540e-01
8.434785604476928711e-01,1.199522733688354492e+00
2.828561544418334961e+00,6.509938836097717285e-01
-2.528301954269409180e+00,-5.990667819976806641e+00
1.910590648651123047e+00,-3.003656864166259766e-01
5.665367841720581055e-01,-3.121613979339599609e+00
2.603443861007690430e+00,5.632603645324707031e+00
1.332191944122314453e+00,3.684437274932861328e+00
-2.032238394021987915e-01,5.246149063110351562e+00
-2.545176744461059570e+00,-4.963561892509460449e-01
5.038389563560485840e-01,3.839524507522583008e+00
-7.643507122993469238e-01,-3.323124170303344727e+00
-2.480288743972778320e+00,-3.911544561386108398e+00
2.732152938842773438e-01,4.385037899017333984e+00
-6.300423145294189453e-01,-1.422769546508789062e+00
1.075189352035522461e+00,5.647217750549316406e+00
5.896803140640258789e-01,-5.584625244140625000e+00
-1.066527962684631348e-01,3.227690219879150391e+00
2.578836679458618164e+00,-1.792948365211486816e+00
-3.406907021999359131e-01,-2.895336866378784180e+00
-1.208467721939086914e+00,-7.924621105194091797e-01
1.914165258407592773e+00,1.507182478904724121e+00
-1.969363689422607422e+00,2.491692543029785156e+00
3.614046573638916016e-01,6.810598373413085938e-01
-2.684541463851928711e+00,-1.457455277442932129e+00
2.786338143050670624e-02,3.353997468948364258e+00
-7.350564599037170410e-01,9.927275776863098145e-01
-7.189401984214782715e-01,2.610388278961181641e+00
-6.980762630701065063e-02,1.180377364158630371e+00
2.164774417877197266e+00,4.222771167755126953e+00
-2.174034595489501953e+00,-1.492885470390319824e+00
2.099946022033691406e+00,-4.135559499263763428e-01
-3.335705995559692383e+00,-2.841628313064575195e+00
-3.615009069442749023e+00,-7.835125923156738281e-01
9.409564137458801270e-01,-2.333909749984741211e+00
2.072642803192138672e+00,2.078726515173912048e-02
-1.214702725410461426e+00,-3.807906627655029297e+00
2.316012606024742126e-02,-4.381657600402832031e+00
3.281274080276489258e+00,5.440416812896728516e+00
-2.297576904296875000e+00,1.519308328628540039e+00
-3.009441614151000977e+00,2.022672444581985474e-01
-1.670150279998779297e+00,2.873671293258666992e+00
-3.177905321121215820e+00,-1.612381100654602051e+00
-2.604225397109985352e+00,-4.594497680664062500e+00
1.642579436302185059e+00,1.859469294548034668e+00
-5.429123640060424805e-01,2.917309284210205078e+00
-1.053738355636596680e+00,2.124267578125000000e+00
3.167187929153442383e+00,2.732193231582641602e+00
-7.063725590705871582e-02,-5.212718009948730469e+00
-9.417645931243896484e-01,-2.341512441635131836e+00
-2.473980747163295746e-02,2.540572404861450195e+00
1.372691631317138672e+00,5.753894329071044922e+00
2.329828739166259766e+00,-1.399059057235717773e+00
-4.624138474464416504e-01,5.517893314361572266e+00
-4.363293945789337158e-01,5.086992263793945312e+00
1.133993506431579590e+00,4.671791195869445801e-01
-3.134595870971679688e+00,-6.446861624717712402e-01
3.375831842422485352e+00,-1.137407302856445312e+00
-1.630565762519836426e+00,4.260636329650878906e+00
6.608986854553222656e-01,1.630298852920532227e+00
-4.017031788825988770e-01,3.646718740463256836e+00
2.043561935424804688e+00,3.586154222488403320e+00
-1.264549374580383301e+00,1.455924510955810547e+00
-7.079637050628662109e-02,-2.294014453887939453e+00
2.914825677871704102e-01,-2.572479963302612305e+00
-2.423851966857910156e+00,-6.480922698974609375e+00
3.165386438369750977e+00,1.111336112022399902e+00
-4.272230267524719238e-01,6.167898774147033691e-01
5.716640949249267578e-01,-3.443428277969360352e-01
-1.386701464653015137e+00,-6.606370925903320312e+00
-2.604813575744628906e+00,-2.494729280471801758e+00
-1.750833272933959961e+00,-4.110148251056671143e-01
-3.043073415756225586e+00,-5.534200191497802734e+00
-7.324281334877014160e-01,1.123405218124389648e+00
-5.212225914001464844e-01,6.783390045166015625e-01
-1.390578985214233398e+00,2.604504823684692383e+00
-9.126694202423095703e-01,-6.587622642517089844e+00
2.335274457931518555e+00,6.835688114166259766e+00
-6.421005129814147949e-01,4.347787380218505859e+00
2.789556026458740234e+00,1.840527415275573730e+00
-1.398460865020751953e+00,6.049017310142517090e-01
-5.515920519828796387e-01,-5.242247104644775391e+00
6.098329424858093262e-01,4.469315052032470703e+00
2.346563339233398438e+00,2.750567436218261719e+00
-9.899508357048034668e-01,3.918506622314453125e+00
6.194492802023887634e-02,1.998679757118225098e+00
-2.542017221450805664e+00,-1.038701057434082031e+00
-1.633917093276977539e+00,-4.854211807250976562e+00
-8.302003145217895508e-01,9.289090633392333984e-01
1.508995413780212402e+00,6.667932987213134766e+00
4.439970012754201889e-03,-8.312195539474487305e-01
2.063954353332519531e+00,1.368917584419250488e+00
-5.987041592597961426e-01,-1.836949586868286133e+00
1.093518733978271484e+00,7.048122882843017578e-01
2.961417734622955322e-01,-4.413981437683105469e-01
2.487356662750244141e+00,-2.247330665588378906e+00
-2.447492361068725586e+00,1.780614733695983887e+00
-2.973761856555938721e-01,-7.180031388998031616e-02
-3.516194581985473633e+00,-2.052434206008911133e+00
2.779391765594482422e+00,1.712248206138610840e+00
-2.990215718746185303e-01,-4.782348155975341797e+00
1.367810726165771484e+00,-1.242182135581970215e+00
2.504233121871948242e-01,3.852401077747344971e-01
1.213348746299743652e+00,-2.967827796936035156e+00
-1.016387104988098145e+00,-6.148831367492675781e+00
2.444439172744750977e+00,-5.323165655136108398e-01
-2.163258314132690430e+00,-3.842008352279663086e+00
1.077782869338989258e+00,3.700232267379760742e+00
-8.081123828887939453e-01,-9.623656868934631348e-01
-3.036876441910862923e-03,3.461005687713623047e+00
-1.348307490348815918e+00,-2.566722869873046875e+00
-1.741274714469909668e+00,-3.917518138885498047e+00
-1.095246225595474243e-01,-6.182686805725097656e+00
-8.458652496337890625e-01,2.104394435882568359e+00
-1.504963994026184082e+00,-1.508951187133789062e+00
1.783189475536346436e-01,-4.399236679077148438e+00
3.142865419387817383e+00,1.494898319244384766e+00
2.226390838623046875e+00,7.118174552917480469e+00
-9.960245490074157715e-01,4.668899059295654297e+00
-1.499504566192626953e+00,4.682263374328613281e+00
-9.265904426574707031e-01,3.124907255172729492e+00
2.202866077423095703e+00,1.195702075958251953e+00
-2.855320572853088379e-01,-1.457994461059570312e+00
-1.538368225097656250e+00,-3.832878589630126953e+00
1.935767531394958496e+00,3.870477914810180664e+00
1.196910262107849121e+00,4.354372978210449219e+00
1.279367804527282715e+00,6.228083610534667969e+00
-3.421037673950195312e+00,6.800861358642578125e-01
2.665810659527778625e-02,6.205243587493896484e+00
8.597905933856964111e-02,-3.807380676269531250e+00
-1.966468214988708496e+00,2.585909366607666016e+00
3.184939384460449219e+00,2.818657398223876953e+00
-1.705546259880065918e+00,-9.839453697204589844e-01
-8.115546107292175293e-01,-1.701040148735046387e+00
2.743189334869384766e+00,4.569769799709320068e-01
1.105352759361267090e+00,-2.565926313400268555e+00
3.772581338882446289e+00,4.464204311370849609e+00
-1.514410018920898438e+00,-1.565065026283264160e+00
-7.599017620086669922e-01,4.332087516784667969e+00
-2.261560201644897461e+00,1.222689867019653320e+00
3.235581398010253906e+00,2.331207036972045898e+00
2.957332432270050049e-01,2.969669342041015625e+00
2.345616579055786133e+00,-3.146576404571533203e+00
3.400257349014282227e+00,2.074342012405395508e+00
5.399183630943298340e-01,6.371162891387939453e+00
2.066031694412231445e+00,-3.345663070678710938e+00
-1.206583857536315918e+00,-6.677657127380371094e+00
-2.525919914245605469e+00,-2.550629854202270508e+00
-5.722096562385559082e-01,-6.713951110839843750e+00
5.818079113960266113e-01,-7.217933177947998047e+00
-1.957184672355651855e-01,3.800851583480834961e+00
2.833969831466674805e+00,-3.370336592197418213e-01
-1.443884074687957764e-01,3.272303342819213867e+00
3.990550279617309570e+00,1.670143485069274902e+00
1.244090676307678223e+00,-3.473253965377807617e+00
1.230884313583374023e+00,-4.768749773502349854e-01
-1.785287141799926758e+00,-1.545638740062713623e-01
-2.901513338088989258e+00,-7.026444673538208008e-01
4.845689237117767334e-01,-3.616414070129394531e+00
4.783378168940544128e-02,-7.078981399536132812e+00
-2.505943298339843750e+00,-6.484490394592285156e+00
2.535164356231689453e+00,2.710231542587280273e-01
-9.434100389480590820e-01,-4.423866271972656250e-01
3.055611371994018555e+00,4.214466571807861328e+00
-3.565804064273834229e-01,7.143237441778182983e-02
2.275248527526855469e+00,6.034174561500549316e-01
1.150274038314819336e+00,-5.049514770507812500e+00
1.719231128692626953e+00,-4.446744918823242188e+00
3.414284229278564453e+00,-1.205239415168762207e+00
1.084157675504684448e-01,2.633643150329589844e-01
-2.256441354751586914e+00,-4.106290638446807861e-01
-2.767928838729858398e+00,-3.333893775939941406e+00
3.536308407783508301e-01,6.277103424072265625e+00
-2.939022541046142578e+00,-3.999680757522583008e+00
4.360450506210327148e-01,-1.064095854759216309e+00
-4.248791635036468506e-01,3.581836521625518799e-01
3.039208412170410156e+00,6.688754558563232422e+00
1.459163308143615723e+00,-1.156780123710632324e+00
9.502440094947814941e-01,-5.731408119201660156e+00
-2.390044450759887695e+00,2.089104890823364258e+00
3.491384685039520264e-01,-4.746113419532775879e-01
1.230965971946716309e+00,2.662110090255737305e+00
3.247840642929077148e+00,3.988898098468780518e-01
2.921204805374145508e+00,-5.245975852012634277e-01
1.242291212081909180e+00,-3.914961338043212891e+00
4.045741558074951172e+00,1.720008850097656250e+00
-1.559268712997436523e+00,-2.264313399791717529e-01
8.804646730422973633e-01,1.894984483718872070e+00
2.234871149063110352e+00,-7.051065564155578613e-02
2.537418365478515625e+00,-2.997662067413330078e+00
3.107053518295288086e+00,1.411984562873840332e+00
1.029722094535827637e+00,-7.035208940505981445e-01
3.929122447967529297e+00,1.479809641838073730e+00
-2.126625776290893555e+00,8.164055943489074707e-01
1.105793356895446777e+00,3.655879735946655273e+00
-2.632535807788372040e-02,1.578836798667907715e+00
-2.103990316390991211e+00,-4.247937202453613281e+00
9.081599712371826172e-01,1.114873170852661133e+00
-7.683293223381042480e-01,3.010459244251251221e-01
1.461522817611694336e+00,-2.534528970718383789e+00
-4.925712347030639648e-01,-4.196482181549072266e+00
-2.200388461351394653e-01,-5.667023181915283203e+00
-4.241624772548675537e-01,2.797696590423583984e+00
-1.275748014450073242e+00,-2.177126884460449219e+00
2.691594123840332031e+00,-8.538376688957214355e-01
2.145776271820068359e+00,6.342084407806396484e+00
1.323676705360412598e+00,7.595036983489990234e+00
-5.128942728042602539e-01,-2.973217487335205078e+00
3.891651153564453125e+00,8.158780336380004883e-01
1.072134017944335938e+00,-1.622970849275588989e-01
-2.898493528366088867e+00,-5.546362996101379395e-01
1.396196126937866211e+00,5.485579967498779297e+00
-2.062385827302932739e-01,3.548354148864746094e+00
-1.382918715476989746e+00,-1.500359624624252319e-01
1.550671219825744629e+00,1.629253327846527100e-01
1.972844362258911133e+00,6.587246894836425781e+00
-2.004821598529815674e-01,-9.675719141960144043e-01
5.979613587260246277e-02,-3.103141784667968750e+00
-1.938352823257446289e+00,-3.815797328948974609e+00
-1.233371272683143616e-01,3.230479478836059570e+00
9.092188477516174316e-01,2.019339084625244141e+00
-1.514636516571044922e+00,-2.291946411132812500e+00
-1.480871081352233887e+00,-3.865797519683837891e+00
1.311272382736206055e+00,-3.972575187683105469e+00
-8.628748059272766113e-01,-3.418721675872802734e+00
2.849214076995849609e+00,1.294043779373168945e+00
-1.517072439193725586e+00,1.484367609024047852e+00
2.727322340011596680e+00,2.744215488433837891e+00
-1.197986125946044922e+00,-6.773655414581298828e+00
1.879930496215820312e-02,-6.556784510612487793e-01
-2.762833356857299805e+00,-3.746307373046875000e+00
-3.468532860279083252e-01,-4.138673305511474609e+00
3.510837793350219727e+00,2.064460992813110352e+00
-1.231446504592895508e+00,3.849202394485473633e+00
-1.598431587219238281e+00,-1.417095780372619629e+00
2.086577415466308594e-01,2.084813356399536133e+00
-1.107883572578430176e+00,1.891933679580688477e+00
1.860749244689941406e+00,3.923873007297515869e-01
2.794881105422973633e+00,8.928879499435424805e-01
5.953498482704162598e-01,-2.673207283020019531e+00
-8.888707160949707031e-01,-4.857990264892578125e+00
1.028226494789123535e+00,1.702551692724227905e-01
1.510546326637268066e+00,6.754898548126220703e+00
-2.106465250253677368e-01,-8.138033151626586914e-01
9.470754265785217285e-01,2.841732978820800781e+00
-3.573029994964599609e+00,-6.562521457672119141e-01
1.120176076889038086e+00,8.656724691390991211e-01
-3.693001508712768555e+00,-1.302799820899963379e+00
-1.624603033065795898e+00,-9.603486061096191406e-01
-3.916274607181549072e-01,2.882400035858154297e+00
-1.014026880264282227e+00,-4.490061283111572266e+00
-2.334228754043579102e+00,-6.664624691009521484e+00
-3.675605773925781250e+00,-1.347138404846191406e+00
-2.459481239318847656e+00,-6.466027259826660156e+00
1.653431296348571777e+00,6.147225856781005859e+00
-1.083998799324035645e+00,3.227472543716430664e+00
-2.279659509658813477e+00,-1.878935545682907104e-01
-1.605653204023838043e-02,2.642278373241424561e-01
-1.169663071632385254e-01,-2.859570026397705078e+00
-1.679050207138061523e+00,1.992381572723388672e+00
-1.456128239631652832e+00,1.561839580535888672e-01
3.217077553272247314e-01,2.947861552238464355e-01
-9.280798435211181641e-01,2.965663373470306396e-01
1.281029224395751953e+00,-6.160025596618652344e-01
1.343024015426635742e+00,1.124215498566627502e-01
-1.614960432052612305e+00,5.169525742530822754e-01
2.950312376022338867e+00,6.327082633972167969e+00
2.337453365325927734e+00,-2.025926113128662109e+00
8.425863385200500488e-01,-4.488987922668457031e+00
-2.771704085171222687e-02,7.006849050521850586e-01
2.298836261034011841e-01,-4.962263584136962891e+00
1.940491318702697754e+00,5.476024150848388672e+00
1.924576878547668457e+00,5.897338986396789551e-01
-2.840508699417114258e+00,-3.240843057632446289e+00
1.446568608283996582e+00,3.652570247650146484e+00
3.775324583053588867e+00,6.815008163452148438e+00
9.388296604156494141e-01,-5.505650043487548828e+00
-2.273976802825927734e-01,-8.566810488700866699e-01
1.663169384002685547e+00,3.449294805526733398e+00
-1.598458409309387207e+00,-2.881712913513183594e+00
1.015258193016052246e+00,4.828750133514404297e+00
-1.791217565536499023e+00,-2.901346921920776367e+00
9.473210573196411133e-01,7.373668551445007324e-01
-7.726694941520690918e-01,1.662253856658935547e+00
-2.081380784511566162e-01,4.548820495605468750e+00
2.241375207901000977e+00,-9.523720145225524902e-01
6.364510059356689453e-01,1.994850158691406250e+00
1.795233964920043945e+00,3.296811580657958984e+00
4.633474647998809814e-01,-6.901678085327148438e+00
-3.664712667465209961e+00,-1.496255636215209961e+00
-7.656168937683105469e-01,-2.670188188552856445e+00
-1.897731423377990723e+00,-5.138530731201171875e+00
1.027721405029296875e+00,-4.247497558593750000e+00
3.418922424316406250e+00,-3.839652240276336670e-01
-1.450206786394119263e-01,5.575033426284790039e-01
-3.125746726989746094e+00,2.578091621398925781e-01
-3.163995027542114258e+00,4.485092759132385254e-01
-7.061775326728820801e-01,-2.756105899810791016e+00
2.594945192337036133e+00,-1.579211831092834473e+00
3.406266450881958008e+00,5.570802688598632812e+00
-3.060983419418334961e+00,-4.848204135894775391e+00
-2.184450626373291016e+00,-5.931940674781799316e-02
7.664076089859008789e-01,2.378073215484619141e+00
-7.789407372474670410e-01,2.703809261322021484e+00
4.802353382110595703e-01,-6.928834438323974609e+00
2.859995663166046143e-01,-1.153864860534667969e+00
6.922331452369689941e-01,-5.570554256439208984e+00
1.470659822225570679e-01,-1.245639085769653320e+00
1.595833152532577515e-02,3.890100240707397461e+00
1.270490288734436035e+00,-4.684671878814697266e+00
-5.142660140991210938e-01,-4.605124473571777344e+00
-9.199897050857543945e-01,2.531442880630493164e+00
-1.928198099136352539e+00,7.377734780311584473e-01
2.860371828079223633e+00,-5.060323476791381836e-01
-6.906387209892272949e-01,4.024007320404052734e+00
-2.353001087903976440e-01,-2.775146484375000000e+00
3.277755498886108398e+00,-6.026307940483093262e-01
-1.659769296646118164e+00,-5.149369314312934875e-02
-2.952216625213623047e+00,-4.417406082153320312e+00
2.131328344345092773e+00,3.366990089416503906e+00
-4.890100061893463135e-01,-6.959872722625732422e+00
-3.313913941383361816e-01,-2.181163787841796875e+00
-2.826022386550903320e+00,-5.170901298522949219e+00
1.608210682868957520e+00,1.614699721336364746e+00
-9.032480120658874512e-01,-3.316158771514892578e+00
1.870328307151794434e+00,4.988401412963867188e+00
-3.685222566127777100e-01,-5.408051490783691406e+00
7.221274971961975098e-01,-2.285453319549560547e+00
-3.266973257064819336e+00,-2.506124496459960938e+00
3.723182439804077148e+00,6.578200817108154297e+00
-1.289057582616806030e-01,-4.676186084747314453e+00
2.818436384201049805e+00,1.850252866744995117e+00
-3.387259483337402344e+00,7.355136871337890625e-01
1.317766427993774414e+00,1.585981398820877075e-01
-1.828870415687561035e+00,-9.948035478591918945e-01
-1.321195363998413086e+00,-4.210927009582519531e+00
3.418211221694946289e+00,7.321353912353515625e+00
3.474589347839355469e+00,2.811592817306518555e+00
-1.802311182022094727e+00,-4.820599079132080078e+00
-2.198768615722656250e+00,1.182372689247131348e+00
-3.109744191169738770e-01,-4.242003440856933594e+00
1.181143522262573242e+00,4.574660778045654297e+00
2.245868206024169922e+00,-1.986768245697021484e-01
-2.526834487915039062e+00,-5.276763439178466797e-01
-1.124366760253906250e+00,-8.892232775688171387e-01
-1.864662051200866699e+00,-5.093573570251464844e+00
-4.021923840045928955e-01,3.963158845901489258e+00
-1.727843999862670898e+00,-5.204901099205017090e-01
1.279060244560241699e+00,-1.847247719764709473e+00
-2.716278791427612305e+00,-1.068560242652893066e+00
4.456770420074462891e-01,-4.368136882781982422e+00
-2.478604555130004883e+00,-2.459712266921997070e+00
-7.840113341808319092e-02,-5.931285381317138672e+00
-3.766235411167144775e-01,3.569710016250610352e+00
1.107862591743469238e+00,2.882008790969848633e+00
-1.151046514511108398e+00,-4.057106971740722656e+00
-2.261636972427368164e+00,-1.728049039840698242e+00
2.717563390731811523e+00,3.914649009704589844e+00
-8.391361832618713379e-01,-1.601301133632659912e-01
2.181347832083702087e-02,-5.914943814277648926e-01
-1.101452946662902832e+00,1.010874152183532715e+00
3.531157672405242920e-01,-9.665150046348571777e-01
-2.561351358890533447e-01,3.452156782150268555e+00
2.796724081039428711e+00,2.394278049468994141e+00
-2.691983699798583984e+00,1.220477938652038574e+00
-2.393067836761474609e+00,3.194444894790649414e+00
2.474499225616455078e+00,-1.973752379417419434e+00
-1.343543410301208496e+00,3.019853830337524414e+00
-2.263215065002441406e+00,-5.226115703582763672e+00
-5.224471092224121094e-01,8.580991625785827637e-01
-1.693873047828674316e+00,-2.150526762008666992e+00
-1.288268208503723145e+00,-3.353925943374633789e+00
-1.105750441551208496e+00,-1.478335857391357422e-01
-1.513246297836303711e+00,3.751192331314086914e+00
3.149098157882690430e+00,2.088912129402160645e-01
6.853277683258056641e-01,9.852188825607299805e-01
-1.603927135467529297e+00,-3.829514026641845703e+00
-4.663600921630859375e-01,1.112539321184158325e-02
3.987453937530517578e+00,6.982477903366088867e-01
-1.570165276527404785e+00,-1.405323386192321777e+00
3.446438550949096680e+00,-3.612638115882873535e-01
1.378855586051940918e+00,4.225745677947998047e+00
1.421961665153503418e+00,6.051547050476074219e+00
-3.161979436874389648e+00,-2.440243244171142578e+00
-1.325007915496826172e+00,2.325561761856079102e+00
6.196569278836250305e-02,-2.593082666397094727e+00
1.002454280853271484e+00,1.725594699382781982e-01
-2.100465536117553711e+00,3.116295814514160156e+00
1.400516778230667114e-01,6.551747322082519531e-01
-9.067511558532714844e-01,-7.367625713348388672e+00
-4.236315488815307617e-01,2.494697332382202148e+00
-3.376708507537841797e+00,-1.998003959655761719e+00
2.559795141220092773e+00,-2.402845859527587891e+00
1.186533331871032715e+00,-3.308369398117065430e+00
1.098519802093505859e+00,-7.532635688781738281e+00
-1.341507434844970703e+00,-1.069516062736511230e+00
2.160667896270751953e+00,1.279448390007019043e+00
1.851172089576721191e+00,5.019475460052490234e+00
-3.487821668386459351e-02,4.170187473297119141e+00
9.123048782348632812e-01,1.391528129577636719e+00
2.336589336395263672e+00,4.299810409545898438e+00
-5.700802206993103027e-01,-7.445419311523437500e+00
-1.892995834350585938e+00,-3.746838092803955078e+00
-9.099753499031066895e-01,-3.995850682258605957e-01
8.692773580551147461e-01,-7.710079669952392578e+00
-2.879939794540405273e+00,-1.654762506484985352e+00
-3.499015569686889648e-01,4.606503009796142578e+00
4.969483241438865662e-03,1.726418495178222656e+00
-6.538501977920532227e-01,-8.058957099914550781e+00
2.686778068542480469e+00,-1.516297221183776855e+00
-1.939450025558471680e+00,-3.003405094146728516e+00
-7.183801531791687012e-01,-1.307364583015441895e+00
5.997613668441772461e-01,-6.402090549468994141e+00
1.087609052658081055e+00,-3.225017309188842773e+00
1.300291061401367188e+00,6.263381242752075195e-01
-3.350376367568969727e+00,-2.046117067337036133e+00
-2.066278219223022461e+00,-6.207443237304687500e+00
-1.966281682252883911e-01,3.670845985412597656e+00
-1.795649051666259766e+00,-6.028384685516357422e+00
-1.307325065135955811e-01,3.119902849197387695e+00
1.064966440200805664e+00,-7.508776187896728516e+00
-3.707705065608024597e-02,-5.196516990661621094e+00
-1.377257823944091797e+00,-1.945125579833984375e+00
5.845597386360168457e-01,5.512090206146240234e+00
1.038224935531616211e+00,5.632122516632080078e+00
1.466105103492736816e+00,-2.084002971649169922e+00
-1.088269129395484924e-01,-3.617741107940673828e+00
-2.821749150753021240e-01,-9.414485096931457520e-01
-1.792290925979614258e+00,-2.109773397445678711e+00
1.239188432693481445e+00,5.221741676330566406e+00
2.333642959594726562e+00,-1.126753315329551697e-01
-2.567019462585449219e+00,-1.056916832923889160e+00
1.478435564786195755e-02,-7.454981803894042969e-01
-2.006047725677490234e+00,-5.668839454650878906e+00
-1.636736631393432617e+00,2.812190294265747070e+00
-2.331440687179565430e+00,-5.405551910400390625e+00
-3.041276931762695312e+00,-4.472815036773681641e+00
2.609811782836914062e+00,-6.705951094627380371e-01
3.387121915817260742e+00,7.130617618560791016e+00
-1.101492881774902344e+00,-1.637154698371887207e+00
-1.412664175033569336e+00,-3.069695472717285156e+00
2.649797916412353516e+00,-2.166067838668823242e+00
-3.667505502700805664e+00,-7.493659853935241699e-01
2.854938745498657227e+00,-8.268414139747619629e-01
1.585301399230957031e+00,2.000428915023803711e+00
-1.112200785428285599e-02,1.468788862228393555e+00
-9.681320190429687500e-01,1.390006393194198608e-01
1.442322015762329102e+00,-1.959263443946838379e+00
-2.357256650924682617e+00,-6.266887187957763672e-01
4.137410521507263184e-01,5.727006435394287109e+00
-9.043353796005249023e-01,-6.031608104705810547e+00
-1.938481926918029785e-01,-2.960327625274658203e+00
-2.254431486129760742e+00,-2.362244606018066406e+00
-3.488982468843460083e-02,-2.255238443613052368e-01
2.860402345657348633e+00,7.016882896423339844e-01
3.453753709793090820e+00,9.268444776535034180e-01
-1.330765247344970703e+00,-1.159151554107666016e+00
-3.032976388931274414e+00,-1.854314923286437988e+00
-1.019554734230041504e+00,8.270223140716552734e-01
-3.322325944900512695e-01,-7.469161033630371094e+00
-8.452054262161254883e-01,-1.790833234786987305e+00
-2.364499419927597046e-01,-4.852921009063720703e+00
-2.285248994827270508e+00,-9.044456481933593750e-01
1.064574480056762695e+00,-1.473832845687866211e+00
-1.279808998107910156e+00,-6.725462436676025391e+00
-6.943145990371704102e-01,-2.128822088241577148e+00
1.400779008865356445e+00,6.196436405181884766e+00
-6.150183081626892090e-01,-4.049891948699951172e+00
-3.031437397003173828e+00,-1.825041770935058594e+00
2.933591604232788086e+00,-6.185601353645324707e-01
-4.340231716632843018e-01,2.759261369705200195e+00
-2.254541397094726562e+00,2.041260719299316406e+00
1.246467590332031250e+00,1.527529209852218628e-01
8.220055699348449707e-01,-1.700492620468139648e+00
4.377998352050781250e+00,5.456317663192749023e-01
1.587894260883331299e-01,-6.891211271286010742e-01
2.611463785171508789e+00,2.551904201507568359e+00
-1.148765921592712402e+00,-6.652913093566894531e+00
-5.819067358970642090e-01,-6.713155508041381836e-01
2.379107475280761719e+00,-1.142827868461608887e+00
3.039395093917846680e+00,1.729789257049560547e+00
8.918517827987670898e-01,3.082404375076293945e+00
3.287330269813537598e-01,4.458652496337890625e+00
-6.875047683715820312e-01,-1.537315964698791504e+00
9.419352412223815918e-01,-5.341515064239501953e+00
9.627919793128967285e-01,6.738857746124267578e+00
2.105369091033935547e+00,2.915083408355712891e+00
1.466038107872009277e+00,3.529642105102539062e+00
7.312858104705810547e-01,2.063504457473754883e+00
-2.520392179489135742e+00,-2.527145624160766602e+00
-1.654370427131652832e+00,-4.749570369720458984e+00
-1.957552552223205566e+00,-4.761353015899658203e+00
1.494230628013610840e+00,-6.949932098388671875e+00
7.636993408203125000e+00,1.084304809570312500e+00
7.063622474670410156e-01,2.724103212356567383e+00
-2.299349069595336914e+00,-3.728456735610961914e+00
-2.472899675369262695e+00,1.597813606262207031e+00
9.699948430061340332e-01,1.517337083816528320e+00
2.236029863357543945e+00,4.149766266345977783e-01
-1.621939182281494141e+00,-1.483927726745605469e+00
-4.337887763977050781e-01,7.010264396667480469e-01
2.363244295120239258e+00,1.256959438323974609e+00
-6.218663454055786133e-01,-1.734627366065979004e+00
1.481831222772598267e-01,4.173955917358398438e+00
